training...
0.11277392486526419 0.07359587689662282 111
0.14122166136184872 0.08390646859286233 111
0.16429898765305936 0.1253836422732238 111
0.1801717537519975 0.14239239821102817 111
0.18450539403585775 0.14653752179185728 111
0.18754203635386077 0.13991141764449885 111
0.19009557239720315 0.15768963137393688 111
0.19908828912942017 0.18344262788293444 111
0.21386402677918653 0.1838452237847849 111
0.20918713484990928 0.19171464153974813 111
0.21229875370401852 0.1961597472645552 111
0.21800768452415886 0.19080273027975014 111
0.22174329496342793 0.21404914207631903 111
0.2288602100716014 0.21284738137633966 111
0.22907448072335534 0.21803667112902003 111
0.2310817980186683 0.21477904714303822 111
0.23528988178507068 0.22827313056341728 111
0.23762996276870538 0.2418280219608444 111
0.2379021291929755 0.22106134037497197 111
0.24439303863004935 0.2558494235564958 111
0.23988653430394705 0.22711179942285942 111
0.24911737946698828 0.24475249265383442 111
0.2438845890447748 0.2162044060104976 111
0.2494364253811811 0.23423722938620664 111
0.24696856707341058 0.23838348441568993 111
0.25049628003657465 0.2320135725270353 111
0.25018739366526754 0.23599222830809702 111
0.2577722362860607 0.2653917783211138 111
0.26106416816677064 0.23667694125020353 111
0.2516146662555561 0.22759184694138349 111
0.25228985936142934 0.23161547994493048 111
0.2598314033477737 0.2608779363593608 111
0.2591859658756012 0.24182177866769589 111
0.25369250236863156 0.2505595448690836 111
0.26402259754543494 0.25806810566397853 111
0.2688323019630342 0.26145912156577245 111
0.263179815048443 0.21868965908165422 111
0.26502816453333317 0.26384220054979274 111
0.2634847642357589 0.2489159787516656 111
0.26694294161020976 0.2695341723119565 111
0.26464457959679916 0.2376867706935834 111
0.26414239807084877 0.25644968545205143 111
0.2644122522313389 0.26012968865078007 111
0.2646163281557097 0.26410671053599144 111
0.2593988358229951 0.23809838311894937 111
0.2677899558832693 0.24743382956121024 111
0.2719025632588145 0.2741611121744919 111
0.2712198476596895 0.2474328010748152 111
0.2653579290400336 0.26049717447919124 111
0.26989174979101527 0.24985416673436922 111
0.26753788702998454 0.26340235570161924 111
0.2720826319886102 0.283381433795885 111
0.2694272780239219 0.2546796569634098 111
0.2650419527894656 0.2506986346412287 111
0.2726790088473857 0.264395438691126 111
0.2678651647469881 0.24944203304192636 111
0.26593802758099044 0.23617961277820032 111
0.27496661246250936 0.26648834124502746 111
0.2675085220031323 0.24810531777765038 111
0.26515771548401224 0.24170780619073953 111
0.2654223970079861 0.23317610572301972 111
0.2671202564799809 0.2546639692371242 111
0.2713650879596059 0.25435420150128085 111
0.2720179680637375 0.26001513234169915 111
0.27610783095891145 0.27649717348615743 111
0.27631740015166295 0.25676690074172565 111
0.27119560150103866 0.24395211528892594 111
0.271945941346054 0.2571658671530986 111
0.2736602268444793 0.26266239329581204 111
0.27836978611219193 0.2755834113659312 111
0.27154510597930887 0.25034308514942943 111
0.2717972241039849 0.2545743795400183 111
0.27505274599992563 0.2667693624239838 111
0.27288633869613477 0.2418070156408825 111
0.274210333823062 0.2649763799486873 111
0.2767033618473562 0.2645347099735736 111
0.2745625996258843 0.24822730808231752 111
0.27133715174403833 0.2402752242362221 111
0.27751558345386573 0.24647508801447618 111
0.2735478637124756 0.28111820170148755 111
0.2809305306009484 0.2579313605910713 111
0.2726261989174164 0.2646141198007417 111
0.2755751296792945 0.27237054187181087 111
0.27810973944043194 0.2699225152622005 111
0.2843947261323046 0.26894039555611393 111
0.2808295996844221 0.2616359940384411 111
0.28026872132759323 0.2734403492129188 111
0.2763809634175457 0.2539056517361004 111
0.27823939791132457 0.2856025220798559 111
0.2819097999740956 0.28139736357036266 111
0.27830443022632223 0.25123102833044925 111
0.27861979969957223 0.2732412227098535 111
0.27720339647164915 0.25348615043440414 111
0.27633932084424867 0.26201707793272744 111
0.2811833675317073 0.2611548360971993 111
0.2823453561312045 0.2626299114458976 111
0.27357729397164066 0.2539262350511093 111
0.2775617135186639 0.2637380859096856 111
0.28245638089804265 0.2677475373214824 111
0.2829916868054414 0.2720192124872767 111
0.28428864875807547 0.2878123414032282 111
0.28195606965411285 0.2670763777544006 111
0.28048076555849133 0.2641178113843074 111
0.2895778476104609 0.2721304050941737 111
0.27729174679740376 0.2611851292906601 111
0.28174284977667124 0.2700886792685544 111
0.28070753419666183 0.2866228576806319 111
0.2755236865480583 0.2592926585614063 111
0.28611010730851594 0.29408191472952144 111
0.2786546922611646 0.2623838195822407 111
0.2794823021063557 0.26070485215391404 111
0.285819197392286 0.2843190206650899 111
0.2833412949134513 0.27725186480433633 111
0.27352924594486283 0.27260361116276743 111
0.28096723910340377 0.2832340956722382 111
0.2812137462017097 0.2582853992533762 111
0.28612688599526664 0.29420376799923953 111
0.28680584735039605 0.2796228486056456 111
0.285685444949788 0.2825216915431627 111
0.28098432551268954 0.26160430847726485 111
0.27910732040515884 0.28551548291934575 111
0.2753745912011164 0.2640561841087482 111
0.2806375728336265 0.26036252309396957 111
0.2855920520745139 0.28569392196057436 111
0.27914819794948975 0.2566659373695443 111
0.2794672523691302 0.27956863787478076 111
0.2835217095451932 0.2601818877444686 111
0.27885667455662966 0.26591364965509523 111
0.28330302764592386 0.27430400666760274 111
0.27963771401114285 0.2649824014539968 111
0.2829313570137691 0.2627662410898611 111
0.28487784965220514 0.2717847919536487 111
0.28092860705382444 0.25830644391160174 111
0.2819213245843934 0.2742820111691272 111
0.27929486964454403 0.2715167778241045 111
0.28689961486636234 0.2840371745656484 111
0.28169792890446305 0.2740811104791124 111
0.28496866376500113 0.27041996011726627 111
0.28719575291146465 0.2888847765397998 111
0.2814781516696444 0.25458504837742146 111
0.28374779288082624 0.2636374302874669 111
0.28251592013145527 0.2596940702489422 111
0.2821698202325961 0.2809805288560549 111
0.2851494819755541 0.28413484670818473 111
0.28051292684584167 0.277745050896365 111
0.28738778680840016 0.27383528265008383 111
0.2853483054829457 0.29141617709475987 111
0.2829088104151602 0.2714500791990614 111
0.28401912913391825 0.2898782536318897 111
0.2837336875512554 0.2706947007221117 111
0.28636442573478676 0.2887499761250562 111
0.28833479726614547 0.2894120765474386 111
0.28607588095996156 0.2871559711323083 111
0.28286505239172804 0.29123974949587483 111
0.28421442644738193 0.2813430520439151 111
0.28464388546837904 0.2889466256327103 111
0.2809843529165076 0.29058946002626707 111
0.28301705656833703 0.28671284983500184 111
0.2861972372363325 0.2863270445161933 111
0.2830403801724902 0.2744444525459847 111
0.28438841778356777 0.2520882231580849 111
0.28382768669983244 0.25503320669936325 111
0.2856935073811835 0.2910142466571129 111
0.28705218002841837 0.2762599628012623 111
0.2819984708037751 0.2805773632961071 111
0.2859401554025143 0.27363095659135434 111
0.2788792613218609 0.2730016871277486 111
0.28321530289199465 0.2670721503859417 111
0.2875139091697427 0.278828122326076 111
0.28408806507196754 0.28098477188953164 111
0.28699717428843946 0.28600019902253987 111
0.29227488539524155 0.29496469742426495 111
0.2830034004931912 0.29646624330819343 111
0.2843654835024134 0.2776518174608466 111
0.2857753151732259 0.2791042994902513 111
0.28417388614911526 0.2934413283167171 111
0.28579893785830246 0.2905145307415058 111
0.2893277034915401 0.29738378636497964 111
0.2848055592428901 0.2815098343584622 111
0.28295394924028067 0.2699336753223881 111
0.28061005392479005 0.28911690028772347 111
0.2882026770333592 0.2807806295087787 111
0.2863446557953544 0.28386796575911766 111
0.28604124410140513 0.2633921119834737 111
0.28910797492284135 0.2790892720793694 111
0.28788592891611064 0.26170210470610256 111
0.28900695936235193 0.27790576715580667 111
0.2843522285247143 0.2699828996078211 111
0.28646864396863814 0.2898467847490315 111
0.2892899307550557 0.28391098283205735 111
0.2862204464746034 0.2713647330993322 111
0.2890393769056672 0.2811714945570926 111
0.289671711210847 0.282005651209849 111
0.28336817320848423 0.2755033172235827 111
0.2807574414737029 0.2791748476560688 111
0.28599730159024894 0.28316725983899976 111
0.28548100865279835 0.2876551425483635 111
0.290633054259648 0.28778079165262055 111
0.2882001292382097 0.2842731190493502 111
0.2919601723009125 0.2877771262961607 111
