training...
0.05770133544040886 0.014993524056514775 111
0.08887661970423322 0.041068441063722476 111
0.11456104017075251 0.06732277911013192 111
0.13585090709826078 0.08587443797496686 111
0.1437564446358093 0.10066778659794257 111
0.16987926381251592 0.13876211119336557 111
0.15547940281921488 0.1046492456717265 111
0.16802221116234153 0.14593264796415104 111
0.17958926770292125 0.16049003718177715 111
0.1771513433809829 0.1441302523269543 111
0.18491577790933966 0.1627231769002087 111
0.1938747943225523 0.17854860592542046 111
0.1917167041863379 0.16412792139666163 111
0.20106064934573958 0.1793667590291099 111
0.19674312530782934 0.16703764243644684 111
0.1933005840996777 0.17821343900201542 111
0.19783440607363162 0.17754223625123416 111
0.20161298728098237 0.1839881205792424 111
0.2051705560318909 0.1774072990740784 111
0.20848057840105721 0.19482156885890167 111
0.20685137331638556 0.19085031038888395 111
0.21577412688200887 0.2037570253254156 111
0.2145872271546318 0.18771949627145126 111
0.21601371504736636 0.20012213562173395 111
0.2232133269555968 0.2132504797288244 111
0.21851233125123098 0.20476661328729245 111
0.2133216650208745 0.18691940974528212 111
0.2232621392580288 0.21591113335768275 111
0.22580528540616815 0.2369179939984277 111
0.22276155637073622 0.2051320900096666 111
0.228944544605703 0.20335572918627942 111
0.22914915376154205 0.22265366505907694 111
0.22501935719722674 0.21095616068442913 111
0.22682746644096166 0.2005900669769663 111
0.24106955506893207 0.23687109470156395 111
0.23896547989436148 0.23389467035048142 111
0.23293529756025633 0.22335697403011792 111
0.23514323378630703 0.23747574506349792 111
0.2325213990439936 0.21817722587261074 111
0.23968073007276072 0.24160890898993526 111
0.2350124217043057 0.24400532486848997 111
0.23794864272031163 0.23243623570525565 111
0.2442031543815266 0.24569887067066584 111
0.2411434476918253 0.23688958783731678 111
0.2361048304578119 0.20496771111069176 111
0.24463069264493134 0.23970165596377946 111
0.25148893736113176 0.23557796270080938 111
0.24571884793683837 0.23232709127740553 111
0.24339675268458819 0.2500750562361686 111
0.24655954539497058 0.23297694737166524 111
0.2436237605424409 0.22574130093745115 111
0.24845637921256955 0.24395453946874368 111
0.24837184932440376 0.22922861584711743 111
0.24822395304713646 0.25209285810482024 111
0.2466415856300514 0.23742353684970202 111
0.24878754485130666 0.24318769607735666 111
0.24368755717390092 0.21609531800811266 111
0.25558554437827746 0.2590652052183604 111
0.2451294170596245 0.2185534608106572 111
0.24604186138195697 0.2378993648084791 111
0.24645290552733287 0.24111831770382633 111
0.24445922506995582 0.2294497837254252 111
0.24621845551321178 0.23331959756634038 111
0.24895547533682122 0.23865458785018853 111
0.25176516334483373 0.23342612414630678 111
0.255120434923321 0.24512959597408251 111
0.2541915628782551 0.2385708239841254 111
0.2439453601231958 0.23363425364621224 111
0.25225039905618174 0.2609698029631472 111
0.25448530234246697 0.255397816988873 111
0.255401507602099 0.25669841591829856 111
0.251141136818707 0.23574184020157127 111
0.25743415052780494 0.25791518710327005 111
0.24844378240268364 0.23419878942592887 111
0.24970353633304926 0.242850621728171 111
0.2562013070683133 0.23093879438404125 111
0.25682211524506743 0.2546190754726073 111
0.24908599267556683 0.22982260647428565 111
0.2564532533585295 0.24397197370011678 111
0.25739674229990883 0.25828306908873566 111
0.2601875750587488 0.24831317009900278 111
0.2472202281433181 0.23805605721451786 111
0.2630663803290901 0.26738594137390315 111
0.26247960482650395 0.2507500702829242 111
0.2678599698251107 0.27801580010468574 111
0.25964758764098544 0.23782871991646581 111
0.25124225618398754 0.23901316889080765 111
0.26168091617307165 0.26154920931039416 111
0.25955428937694514 0.24240328538681424 111
0.2651663329210531 0.26917728797136253 111
0.2622190525091993 0.25336462889978106 111
0.26231328144675675 0.275291242361045 111
0.26164352311996564 0.26817891272034594 111
0.2564004688636154 0.25982526092136754 111
0.26802417241894044 0.26559108880673554 111
0.2670064836483888 0.26370189407875844 111
0.2587402787260903 0.244998242591909 111
0.26122709208386996 0.24425426619434146 111
0.26504567210617885 0.2558330707165945 111
0.2552370488798148 0.2245440021176438 111
0.2589972282723343 0.26539713141546795 111
0.2647865143383335 0.23871279264896506 111
0.2633692846099175 0.2504389187559079 111
0.26915340727986564 0.25615380372611546 111
0.2638664023456539 0.2631090704330725 111
0.2640724046960998 0.2633123221722041 111
0.26419583878835956 0.2453118065992084 111
0.2580835629340726 0.25727162151539706 111
0.2664906515599145 0.26045494178786577 111
0.26349638636979855 0.22673501828364828 111
0.2600249552739301 0.23905009544021638 111
0.26682584102064394 0.2648508873211461 111
0.2675064124433557 0.26878157763760013 111
0.2617290026594224 0.2532084203255986 111
0.265371025405948 0.2673082568133695 111
0.2647747529017075 0.2497366603629502 111
0.2716607042083818 0.28625819947286163 111
0.2711524786240593 0.2656931783836141 111
0.2675842266401878 0.26485614226940296 111
0.2699418015873255 0.273636343877892 111
0.26892496591981485 0.2637324780321781 111
0.2612138104292099 0.24272324580849428 111
0.2668591306182011 0.26344020471479324 111
0.2715864061319608 0.260457541279002 111
0.2596919156006142 0.2424645805162035 111
0.26694023387704235 0.24908379505660044 111
0.2674061106659234 0.2461347245651152 111
0.26420804694931027 0.2782202673390545 111
0.2701381494349675 0.25338969522775917 111
0.2644550151581597 0.23607229383710818 111
0.2732154059808631 0.2763664807252135 111
0.26825131460928053 0.26130709918190287 111
0.2681172935364323 0.26251072403023734 111
0.26665880973688605 0.2555421170882388 111
0.2628150157163854 0.25886083457585424 111
0.2692429935568555 0.27184223531537405 111
0.2616406674597676 0.2585853632106452 111
0.26908067275306 0.24373747999591297 111
0.2704960400821998 0.2615343318273106 111
0.27164788579048343 0.2592178466818529 111
0.26694147352660413 0.26409771839871565 111
0.27184665059070184 0.25488132812332037 111
0.26506118930238065 0.2551916111050271 111
0.26871781505360764 0.28608547865240935 111
0.2689887350962369 0.2651990645560746 111
0.27381025911972956 0.2660600782253724 111
0.27256392022623566 0.26909595439433664 111
0.2636922576993139 0.23286388644290304 111
0.2684973653450051 0.2671922087303657 111
0.2654599291623058 0.2644342699523962 111
0.27395312060681354 0.29212892235302745 111
0.26692926875601175 0.23037008860858207 111
0.2673486610834202 0.256040819388928 111
0.27411432817571363 0.2757111289684782 111
0.2673259238059178 0.25602143457172544 111
0.2750113062439282 0.2883126813771784 111
0.2682568268894185 0.2719188851396381 111
0.26836272586098514 0.29349124808532423 111
0.27325140588463975 0.29127231105722945 111
0.270841764530585 0.24951468692806464 111
0.27158583753239784 0.2671473645598315 111
0.27163722643263655 0.266049286589526 111
0.2708708954674185 0.26657015543442303 111
0.2750502019679665 0.2938668620117227 111
0.26636625079649434 0.2593197622669726 111
0.26799929819529744 0.275775699289504 111
0.2664170987628355 0.25767102917178347 111
0.27120756622994047 0.260213413367464 111
0.2710455512712666 0.2419172778559442 111
0.2693566154826362 0.2572127575234849 111
0.27061265678153373 0.2825461357837613 111
0.2765673510380878 0.27700267076265456 111
0.2697679126632428 0.2614382314147802 111
0.2661025774069615 0.2437421364775909 111
0.26937762796437875 0.24470221513988002 111
0.26935654757780514 0.2613483258581427 111
0.2739960102511028 0.270619000190237 111
0.2697130114489177 0.2689018118319479 111
0.2724963290521931 0.28245868133784596 111
0.2678331416729148 0.2566839387314213 111
0.2687807501355641 0.28228060990896087 111
0.27173369433804817 0.25502958066908776 111
0.2738822518914241 0.27761128772935517 111
0.2743226426763401 0.2612703675611317 111
0.27129471129766186 0.2573946672665973 111
0.27540012614881904 0.26416251196050833 111
0.27078462561360944 0.26659760919577496 111
0.27210705684125347 0.24213371700626915 111
0.2719536617656401 0.2813606981073651 111
0.274891593212236 0.2970810532053339 111
0.26689765239774343 0.24477938408850894 111
0.27633039822228994 0.24304835898555188 111
0.27371392466411915 0.28176470191771025 111
0.269897624464829 0.24546660333561404 111
0.27118271480087475 0.27957437655199224 111
0.2716720436461269 0.25797782313436823 111
0.2704280497636726 0.27017472656529684 111
0.27601751088157 0.2721667237679835 111
0.27768870071125445 0.278966008252613 111
0.2781843082507682 0.26736504613931794 111
