training...
0.1975581007968712 0.17041360218252527 111
0.24824729034063203 0.20418372740837468 111
0.2663765171109261 0.2349539282140098 111
0.27600667822434555 0.24033893389337402 111
0.28315848975002567 0.2648324865598375 111
0.2907785341734367 0.2852882158516743 111
0.2834293862424595 0.2630303932263383 111
0.300580220002944 0.2751511846730232 111
0.29394183352190373 0.27952340431982164 111
0.29858372459080246 0.26911106454747286 111
0.3111832547041483 0.29955602481818216 111
0.30148521981752263 0.2954604558962635 111
0.30711265883735667 0.3102773783848036 111
0.3051893782266622 0.30843426891498354 111
0.31746892604606913 0.3274483982983489 111
0.3182590918136115 0.32942303705962894 111
0.29946636147093 0.29307216485704685 111
0.31728006580058504 0.3284715902557698 111
0.3167382598692996 0.31768462715988716 111
0.31211991320285354 0.3230620072032423 111
