training...
0.08725466249450173 0.033724031673637085 111
0.12940737477980194 0.08122509512224528 111
0.15343593248131293 0.12188163812340719 111
0.17612030233580606 0.12527947389276087 111
0.20230851068108596 0.18721388942010422 111
0.20645977086367642 0.18202048842663696 111
0.2089170517786328 0.18968018450151303 111
0.21763512178453573 0.2181925068127612 111
0.2306478823099186 0.20896524214811588 111
0.22728374315490307 0.22266299947231152 111
0.23553223719136093 0.21648472303131816 111
0.23254389895384348 0.2358198080752088 111
0.23986523688706063 0.2168413653768955 111
0.24018878044014882 0.23170178370872804 111
0.23953474778662853 0.24407362675946245 111
0.24039881791502474 0.2379947438664015 111
0.24109316290793717 0.22282353974927438 111
0.24346527099874427 0.23516788648302553 111
0.24352402562679312 0.23895011019451812 111
0.24652933638167754 0.23839205135050642 111
0.2430095897029592 0.22586783043515277 111
0.2531506044533906 0.2580135724387343 111
0.2445171429008202 0.20722324851214147 111
0.25292273709052193 0.24701018203888797 111
0.25071538401884824 0.23559390554436005 111
0.24761300406247838 0.23096778136005722 111
0.2600175542901866 0.2579866442667098 111
0.2559323926526468 0.2356615729585505 111
0.25465023062971825 0.23187122850233968 111
0.25160885816712947 0.2547463978764778 111
0.25256571571572844 0.25434869501729557 111
0.25695488241525694 0.255372761638279 111
0.2562048243031076 0.23605257106624458 111
0.2536645848695777 0.23671705049379727 111
0.259334344902673 0.2647861367581118 111
0.2624732316564947 0.2633760832516169 111
0.25900095348417485 0.2694010799338758 111
0.2605444496863486 0.27997112400043533 111
0.26036507134593645 0.2634592537763175 111
0.2644323459519046 0.25771460300004884 111
0.26344475625955593 0.2431191771953048 111
0.2635306763300881 0.25328734130603636 111
0.2587577172524901 0.25153504307972346 111
0.2600521277372354 0.26692708677353333 111
0.2620767372021904 0.24518510235555593 111
0.26389947862165175 0.2598310007751485 111
0.26617331874809 0.2587163880793545 111
0.2638941632178951 0.24332375498561967 111
0.2616978826198772 0.2698457060169691 111
0.2694911972344726 0.266303056092724 111
0.26852134850329984 0.26326704562093234 111
0.2702574195247433 0.26144936680474984 111
0.2676811901528709 0.2654719413805751 111
0.26934149873920343 0.27418901159992115 111
0.2637476621638304 0.2511422929592813 111
0.26676355002708896 0.2705890626878937 111
0.2699947095992704 0.2774066722217073 111
0.2678750456128994 0.25800618320514135 111
0.2656933453401223 0.24712082048874323 111
0.26332131193238834 0.23420257020990345 111
0.26561634994746564 0.26687582397884296 111
0.26729093482344757 0.25925697260717206 111
0.2719789463823215 0.26153967907583353 111
0.27000766679797106 0.2682656864386496 111
0.27246491560360936 0.2712235821990063 111
0.2697213393351092 0.2700053174931002 111
0.2721691699189127 0.2529470097717505 111
0.2691929704590311 0.262302382827957 111
0.2706976563908017 0.2543611094369203 111
0.27363483571986197 0.26650860856007713 111
0.2641748899282789 0.25321273370883735 111
0.27057964666168555 0.2637162647878876 111
0.2713308854197021 0.28797201543287126 111
0.27327782343754975 0.27104689742958343 111
0.271074349195336 0.2720856679479938 111
0.27499407715915153 0.2761040680118493 111
0.2738903507632643 0.24906334571559538 111
0.26565751255153675 0.25170299089136067 111
0.2777192466363411 0.28363856651002817 111
0.2721355017362726 0.2655431134591939 111
0.27543528292816943 0.2690488688155744 111
0.27367954976519315 0.27513677056062646 111
0.275424154626878 0.27498661766547655 111
0.2750973246182383 0.255601060163713 111
0.279573421246994 0.2594369919198499 111
0.27388550738846074 0.24589020076160398 111
0.27395334379038655 0.2555967777393786 111
0.27998892343699777 0.26987703232826943 111
0.2761465922622154 0.29975737764436167 111
0.27597486494719037 0.26149206667700564 111
0.2741635681787747 0.26898576223563486 111
0.2765070606438908 0.27940096599545267 111
0.27371227167998985 0.25770321822425857 111
0.27312342376143234 0.27372887671045176 111
0.27833968007157456 0.2582803535919812 111
0.27723950255815555 0.2522689621660269 111
0.27985215631360844 0.2768602911714671 111
0.276683591485546 0.28478383819876263 111
0.27893415287105966 0.27161255139592977 111
0.277785823795381 0.26857255834502913 111
0.27719293603525347 0.2617714657561186 111
0.27723404915119326 0.2642091813989842 111
0.28005723237006347 0.26149893769174004 111
0.2852775040683178 0.24868079865455026 111
0.2788403347120954 0.2752040213251226 111
0.2804330215992914 0.26697769928082526 111
0.27728781776997646 0.24901928344890528 111
0.2810792704676841 0.28499551068256246 111
0.2812855669726256 0.2715512144227076 111
0.27940011445457286 0.25320603388111634 111
0.27737433085772345 0.2647473339018093 111
0.2839565035151138 0.2686786137841487 111
0.2842650196898353 0.2710723964038802 111
0.28009388372166105 0.2743365819511866 111
0.280754851991509 0.3028859968490426 111
0.2792277016376855 0.27767343155046925 111
0.28094922205946693 0.2856120536372377 111
0.28042042970382564 0.2611184277913533 111
0.2827688956543566 0.29334835814545845 111
0.27847564936909525 0.27710491779987756 111
0.2795333474387003 0.27204046864602693 111
0.2798163030828309 0.24853863626989803 111
0.28152538742613237 0.2830850220774649 111
0.28521107736464085 0.2688183515758971 111
0.28335046980333534 0.2760094416518028 111
0.28218278033947986 0.2663435006264348 111
0.2847125788847562 0.2711280238322946 111
0.27979326142526756 0.28207707482984073 111
0.28411143792660537 0.28597440380204203 111
0.28015844735897166 0.25608389765744527 111
0.2882228704224547 0.28569231652167043 111
0.2817753982015725 0.2734541269974575 111
0.2837605185133954 0.2663455232180963 111
0.28648746117822455 0.26924884250596787 111
0.2840083634066257 0.27360427836019185 111
0.2859287464572181 0.27356823764363014 111
0.2835935103266484 0.2808906664092258 111
0.2852044121174287 0.27147960909799673 111
0.283768453016044 0.2667276563281324 111
0.28425504721860106 0.272581962408325 111
0.28441185206270886 0.27108785337556873 111
0.28325852939651697 0.2810351771166212 111
0.28179359014452693 0.2559269520280498 111
0.2850883881568461 0.28612919797080943 111
0.281404870396378 0.277078550751017 111
0.284323866551756 0.28139204074259083 111
0.2819525659582585 0.27213108941340325 111
0.28525818098795375 0.27585684652769915 111
0.2835047486722818 0.2762913154845808 111
0.2840398441187116 0.266385068287684 111
0.28591806097434763 0.2745080626370925 111
0.2856681049202881 0.272566259967878 111
0.28336074263150013 0.27822442253674357 111
0.286077735227183 0.27655342764318785 111
0.2817823625575193 0.26370042659360704 111
0.2914278815296194 0.29834654155732543 111
0.2876338915350858 0.28759415386811066 111
0.28428095133259196 0.27395683415341143 111
0.2857114984838696 0.2781808213425988 111
0.28661281367214675 0.2788145526655349 111
0.2865192937291032 0.2774621232489334 111
0.2821286270060274 0.2547121249392258 111
0.285052787341705 0.27272787913448615 111
0.2868924943627129 0.26843660123666974 111
0.28369742053493463 0.28081650123116914 111
0.28889185121038025 0.2980317701547799 111
0.2853075174081109 0.27309899642326074 111
0.28905903903179436 0.2729365018599586 111
0.2890743723482812 0.2817513301032041 111
0.2879526493889962 0.27877157266742386 111
0.2850526414914366 0.28408790234339626 111
0.28738194870647576 0.29504600185315016 111
0.2850304462142221 0.2697416948370561 111
0.2868878815059984 0.2675223448521249 111
0.2840096765004664 0.2798996734798139 111
0.28533121393769273 0.2832212594675737 111
0.2891612991659926 0.27927688364059955 111
0.289900441984156 0.276569870967782 111
0.2884159723356929 0.261333624015011 111
0.2828368773241284 0.2921365392791604 111
0.28579578052779836 0.29677690459486006 111
0.28838623173976113 0.30357292348378295 111
0.2851853216120886 0.28397092296772675 111
0.2840046848915874 0.259704741055555 111
0.29214941263206773 0.2932073975730814 111
0.2892666897258236 0.2829923930399657 111
0.28753344588982654 0.2813171206628572 111
0.28388489090114416 0.2654178256376424 111
0.2871764015284004 0.2752898537083793 111
0.2925813728764374 0.2893830998587629 111
0.28988876264719116 0.2726692553615754 111
0.29006834828697664 0.273630098973658 111
0.2940434845476457 0.27922246768228837 111
0.2881916317465089 0.27813823033713375 111
0.2879133719667574 0.28216576410896627 111
0.2876394319313429 0.28401396585986627 111
0.2875879421437628 0.28001330342699643 111
0.2927146451824386 0.2818335061195886 111
0.289844830743406 0.2709973420268091 111
0.29373111732833923 0.29578773836692424 111
0.2927584990550822 0.27899241218814036 111
0.2921084348369861 0.2849496629321749 111
0.29123163479605463 0.2904189079614909 111
0.29042856650519977 0.2753305667579528 111
0.29035049256264706 0.3080107663808724 111
0.28949436604606454 0.2824703507953176 111
0.28650810364091206 0.27541525268810535 111
0.29044732672352314 0.2717716104214077 111
0.29060995771372217 0.27272102020254635 111
0.29367269795289913 0.2731707702802909 111
0.2886139394968719 0.2840629266534599 111
0.2906450090563505 0.2882798135161613 111
0.28957402411376215 0.2757687461107515 111
0.2901746496764635 0.28245445082125115 111
0.2913849519778356 0.275413132087382 111
0.28589275524477664 0.2702042379025321 111
0.2898612383543815 0.2865501734304582 111
0.29293180400401625 0.2960255125677115 111
0.2940883856470736 0.28543412706844135 111
0.28869865853687143 0.2748010400328549 111
0.28707227738646235 0.27583350842565807 111
0.29371144355216233 0.2755459093828976 111
0.2923810429800472 0.2738007999438458 111
0.29335318142135614 0.2844994691811544 111
0.29221467206377305 0.3087861428398526 111
0.29415700282391466 0.28096635312431295 111
0.29458680580224017 0.2939494989729973 111
0.29092336608793284 0.274326857348622 111
0.2875921905545121 0.27430467672953235 111
