training...
0.0863325305739909 0.043592536953357824 111
0.14771106649456048 0.09197755152180608 111
0.16261730858517418 0.1276209190998867 111
0.18612823423158045 0.1583805450052232 111
0.20833947239195935 0.19199311285104298 111
0.21056660944638247 0.17951062149460123 111
0.21259370951854986 0.1955347270759135 111
0.22397223601661181 0.21066209291904614 111
0.22818868016861388 0.22437832600277494 111
0.2343009670037186 0.2129488186112178 111
0.23521026726916586 0.21183996401213934 111
0.23805977805644274 0.20944926153764062 111
0.23786811437505237 0.22282612328655127 111
0.24761874093965952 0.23451509381058996 111
0.24583398494026593 0.2362723773940478 111
0.24214065362231238 0.22233748615318907 111
0.2477397726476601 0.2266851843457493 111
0.25313696223657917 0.24532017366634362 111
0.25091264647168166 0.22685737077136914 111
