training...
0.1300143365589906 0.07926211114653159 111
0.15557385319490125 0.09580236219985418 111
0.16858571376976092 0.11692177823812429 111
0.18630830222473255 0.1357726795179906 111
0.19643594549269855 0.14182911923614475 111
0.20558637414385675 0.1668574908236965 111
0.2064934271576243 0.15790854795546858 111
0.20831915181395183 0.1683445564073617 111
0.21801417455723474 0.16443668037508044 111
0.2164485140186066 0.174149195852109 111
0.2244163970381122 0.18302933733680132 111
0.22583705574114263 0.17926849105810794 111
0.22361629050138843 0.20386057168047272 111
0.22806437592463094 0.19565971358690742 111
0.22440890639179686 0.18676091884733184 111
0.2286923013029817 0.18787413685909024 111
0.23030897054919455 0.19928637069012903 111
0.22776406204289742 0.17509103856123356 111
0.23709681732387008 0.20847970922610568 111
0.23522955878163948 0.2016383773695828 111
0.23478271933934247 0.17116792186460245 111
0.23664933072324112 0.1796490985493986 111
0.22828178132160526 0.1938919572177529 111
0.23857506789704847 0.19435199876206483 111
0.23581283757813537 0.19593948395909716 111
0.23274639159938754 0.20125905861787147 111
0.22958441099113489 0.16782625072365623 111
0.2392319476772797 0.18585163181893813 111
0.24145023493478726 0.20433312103106305 111
0.23565009367945094 0.19814599168408054 111
0.23427830039967493 0.18944069566390523 111
0.23789275051097886 0.21517330784744493 111
0.2298604690381634 0.2163617373008601 111
0.23466067682737948 0.21262023132253177 111
0.2422816659521889 0.20028425750459172 111
0.2355715485266631 0.19953168901919827 111
0.24316932678787034 0.2203279787191518 111
0.23190988999562193 0.16905975964342804 111
0.2275859022349759 0.171542932595133 111
0.23700122462020726 0.20454035031381138 111
0.23386169877306603 0.1663793137311994 111
0.24030484780679576 0.18850407930393867 111
0.2328923970653001 0.17596011701049108 111
0.24047661005022578 0.1818519182475091 111
0.22835063963095562 0.1706702395501883 111
0.23408891875541307 0.19783534235801561 111
0.2353510659729501 0.17246798177001055 111
0.23229596474386308 0.1598712174763292 111
0.23316644062832445 0.20748638599982186 111
0.22932628828665713 0.14986225874045445 111
0.24177557991761456 0.17734830825595982 111
0.23622846662641978 0.19521704232576315 111
0.23767691552363143 0.173842006388291 111
0.22365949175399935 0.14866192259421088 111
0.23575836853175391 0.19458982742850756 111
0.2310555183482016 0.1992257419460098 111
0.2386779275332062 0.17970592553856637 111
0.23555325034569116 0.18342814068548105 111
0.22895642298722005 0.16668396009829106 111
0.22593878578589383 0.15123838994755728 111
0.23799850739036688 0.20452832073050495 111
0.23144643734886644 0.189229716419574 111
0.23519027246857283 0.17639546990248672 111
0.23583894544046557 0.1670661809725088 111
0.23090752601010148 0.1670949426004432 111
0.23250408060137948 0.18824693768449516 111
0.23069154062064762 0.165165795086615 111
0.2286303300619001 0.181202453457826 111
0.23371827779345888 0.19039715682625116 111
0.2262688784785489 0.1713048830440483 111
0.22931991574754457 0.18185019438571934 111
0.22834647860875704 0.1760629014697026 111
0.22908278624244485 0.17217151224716296 111
0.22772855991493507 0.1640885163133937 111
0.2318108916958062 0.15819897469464692 111
0.22907098976597826 0.14509377218205236 111
0.2350875979489181 0.19052265622634817 111
0.22481863851193576 0.15705653974918185 111
0.22922804089712878 0.18948898828477717 111
0.22992775420044045 0.14120043088348336 111
0.23472244046192767 0.16678447845310976 111
0.23226039971479542 0.17384661558402767 111
0.24082711618776387 0.17666578261613902 111
0.2306646285733171 0.16772508711812942 111
0.22962874021614973 0.1568366598227831 111
0.23174378267369056 0.157314078659104 111
0.23592968827355443 0.15356373143937158 111
0.23683787347849222 0.16861664010516056 111
0.23737601886422768 0.19342248420712155 111
0.2324355084709907 0.16669906350648417 111
0.2252321708549176 0.16900361053846058 111
0.23310476601192417 0.1457631001289737 111
0.23669165774075868 0.19539528169337897 111
0.23104353395675253 0.150949033550879 111
0.23173288805742276 0.18280951282307464 111
0.23675459726171377 0.1530025265059421 111
0.22727313549545006 0.13799057001321788 111
0.21866506573577438 0.1497555867273325 111
0.23676265728241347 0.15704396774336044 111
0.23233322318057248 0.156559336612829 111
