training...
0.20759246358351688 0.17066406665223882 111
0.24529735737647232 0.2173920047826328 111
0.26439273965491894 0.23972392493682998 111
0.27333469488036416 0.24802877496130432 111
0.2780848631262119 0.24985850643583107 111
0.2907525211931523 0.2837893222443306 111
0.28390774454961265 0.2724029674518983 111
0.3028300181434773 0.27405618092057416 111
0.29464545650515944 0.29036059235565226 111
0.3006791238720755 0.26629041969027073 111
0.31677694848313576 0.31626675963275896 111
0.30385534667835457 0.29716123782558723 111
0.3055431565454823 0.32067201318282734 111
0.3078532339485302 0.31145591017072227 111
0.3190046479420126 0.3220632691198052 111
0.3199026468173832 0.31014531881964896 111
0.3022459300337385 0.29628175556628644 111
0.3207830497514081 0.31441792686445375 111
0.3195668027374459 0.3035263314423316 111
0.31307237228143237 0.32236038683886675 111
