training...
0.06626720503280913 0.01766673604172659 111
0.09310386502682375 0.04326470140289772 111
0.10970123790885868 0.06070296627527971 111
0.13242979867897808 0.09638343434524975 111
0.15781115026427156 0.12242807627762349 111
0.16362406721357162 0.13234905262666688 111
0.15596987323204195 0.12515294445228772 111
0.16764831931098317 0.13972637968515772 111
0.18963249363377632 0.16672524129773247 111
0.18745430867128254 0.178207108169472 111
0.1961203944817778 0.19914346779848732 111
0.1956223953161729 0.18377713036484272 111
0.19811713557174598 0.19037529954652516 111
0.19794119292682044 0.18833802533012298 111
0.2040953235403625 0.19911483971935104 111
0.19849112300001087 0.19215425628286115 111
0.21096360008159235 0.21695532023537628 111
0.20295378894052976 0.19794765617737786 111
0.2061367361741991 0.19096092392872266 111
0.21091777624572994 0.19299826329181008 111
0.21711583949723617 0.2091098345332972 111
0.21330475173395932 0.20645504923998934 111
0.21445483744937882 0.20770087074112764 111
0.22251717498345736 0.21632714335126466 111
0.21526376298623012 0.207258304697597 111
0.22705989847192032 0.23468468312973578 111
0.22139549577558876 0.21901865964828132 111
0.2233109966580983 0.2172519874946433 111
0.2234945120980757 0.22203131908390908 111
0.22447549412017861 0.21528952212495764 111
0.22591298967871537 0.21170069548075987 111
0.2361628301011474 0.22645573604633884 111
0.22785707519713314 0.20297177554674672 111
0.22495504208554148 0.21892876567781858 111
0.23608121895230905 0.21490308862823887 111
0.2434812938663943 0.228662914215978 111
0.23879151020162992 0.2272967703031871 111
0.2322898554833098 0.20905214866434424 111
0.24087926722004332 0.23609102392419684 111
0.24278817942732192 0.22973332565752486 111
0.23730414847559625 0.21960310616789205 111
0.24409526256541375 0.23540004468791162 111
0.2395402337033033 0.23369794255725004 111
0.24393858486386047 0.24491587562000425 111
0.2429978061154067 0.24233712863314408 111
0.24940281583712615 0.23496359373040598 111
0.25106125130707485 0.24492055286868444 111
0.24316179235198102 0.22976062190989324 111
0.24507051432293261 0.2422876851369215 111
0.2510287100912507 0.24375959556525978 111
0.24146468350319436 0.2384104169756188 111
0.2542783253648987 0.26810257473346744 111
0.24837488257587445 0.22237693524602906 111
0.2503144267213979 0.24836623800984262 111
0.2500875903487759 0.25144795698860695 111
0.24975298088320888 0.23202237122421132 111
0.2495601523540733 0.22972834378585782 111
0.25387867114387064 0.24123671551384016 111
0.24506387670496452 0.2421571484906111 111
0.24727410359652655 0.2305644101136533 111
0.24367741957705202 0.2233735420469785 111
0.24371516007475108 0.23315765358323778 111
0.25377609798028533 0.2471192379142382 111
0.24749578179057746 0.24457447824450262 111
0.24837672795165724 0.25526647842275596 111
0.25477058308892975 0.23820257525192215 111
0.25787744280988384 0.2381614898577626 111
0.24910840837972512 0.23689250359780673 111
0.25488007253234607 0.2577234990063834 111
0.2574701214729477 0.2655592811451407 111
0.2521402225926448 0.23153608211963547 111
0.2561802059376495 0.2570692680301897 111
0.25994317229216496 0.271488569971516 111
0.2513204577691172 0.23757651972374652 111
0.2568751821747341 0.24844288517480306 111
0.2581173494235873 0.2577705621884834 111
0.2559439862935674 0.2439246602137499 111
0.2494194286205353 0.2405392589085385 111
0.25474751597714007 0.22975001420750746 111
0.25465223474572035 0.25350087982589226 111
0.2645121302431689 0.27176713056040147 111
0.24651107480885176 0.23078177703417652 111
0.2612555797335611 0.24794505733033353 111
0.2604155203585744 0.2514814870759393 111
0.2601314142624129 0.26024803217044007 111
0.2599431954241699 0.25403322995104 111
0.26018089042714265 0.2497491486953881 111
0.2568569096949099 0.24934613734372627 111
0.26254318326100157 0.2668606697805493 111
0.25736291495657987 0.2491569973464709 111
0.2633634802241585 0.24313318505107265 111
0.25872680742553733 0.24739000343083248 111
0.26081034812083304 0.23926763616394792 111
0.2652626551064274 0.25973879942508626 111
0.2665742790165089 0.2542026914506897 111
0.26103158116430986 0.25009182377974004 111
0.2607290881072686 0.2455893031690038 111
0.2571178219922598 0.23984535829056455 111
0.26432278151006533 0.2662430014659597 111
0.26079813878710495 0.24008853953007453 111
0.2648393653020807 0.2517873413729738 111
0.26192517797469056 0.25822581853539106 111
0.26505258195500675 0.2778385109027751 111
0.2698914496364054 0.26564811004516475 111
0.26025948438224444 0.25201395191951886 111
0.2627518020672777 0.24984218372890754 111
0.26381510148818793 0.2598405692230404 111
0.25999560796718524 0.24383321677983724 111
0.2566028949026795 0.23097540658358776 111
0.2675483272093917 0.24912300547277083 111
0.26226045670273046 0.2524932201401337 111
0.2650105009786258 0.25498386292816233 111
0.26602947961798684 0.25553434612910303 111
0.25601505291932164 0.22965078287385524 111
0.26106615403025596 0.2440809770055268 111
0.26376210508662945 0.26144859706026186 111
0.26584801089402904 0.2620361919467777 111
0.2668946571767435 0.2583803351938069 111
0.2644235963479337 0.2464671721305479 111
0.26170441429507574 0.2638936938423633 111
0.2634339760614706 0.26104963747925913 111
0.26287972087898237 0.2546037750802988 111
0.26624405495471126 0.25100451198970714 111
0.27187782747530026 0.26025056756502407 111
0.26016829632445765 0.24635444791596786 111
0.2681694972502759 0.268894279430262 111
0.26401698703255294 0.25346677335008744 111
0.26348144131393153 0.27213214274594677 111
0.26681157028971053 0.2521300993320596 111
0.26444712277667093 0.24874409972392741 111
0.2661192093768312 0.26398677280451305 111
0.2672192624214011 0.26584891733036825 111
0.2587113820381086 0.23394467603376565 111
0.26981632370861075 0.26872512803022053 111
0.2660690730725123 0.259309133826392 111
0.2691277922073754 0.2700040568585066 111
0.2610993309266449 0.24637805835441184 111
0.2689160547395529 0.2656890056894912 111
0.2733172943321842 0.26027366947912617 111
0.27043880523314784 0.2556581517016253 111
0.2645037363935801 0.24795509312624253 111
0.26632880123317726 0.2521224102644341 111
0.26825239711055104 0.2680328104701565 111
0.2657984679192431 0.26139939487818786 111
0.2663041969029103 0.258560035649586 111
0.27151569477652 0.2617926120261284 111
0.2661545637743924 0.2700903873862515 111
0.2617883719276819 0.24727320620369367 111
0.2652669097768013 0.23803265749999405 111
0.2681449859228579 0.255311362442737 111
0.271635212199454 0.2788455158302715 111
0.2661718223645111 0.24275468905159997 111
0.2682741278096123 0.2774848944977153 111
0.2691571339338658 0.26216018996811563 111
0.26152911471333407 0.2522345486244541 111
0.271393785813065 0.29228933474703506 111
0.2651925246676616 0.2574818934626553 111
0.2659127460634039 0.2596438380927566 111
0.27144126305906763 0.28292698805642463 111
0.26961303761111816 0.25731356501326147 111
0.2701933295766412 0.26314747622894635 111
0.265347793954495 0.2661543303792777 111
0.26584732495653524 0.2472231183764613 111
0.2712588353976909 0.2681437422588981 111
0.27194563591752396 0.2667267952938893 111
0.26506155137998333 0.2676456625059597 111
0.26530016086289737 0.2472176994880593 111
0.2680339132611498 0.2689237730370284 111
0.26986521023765636 0.27672307826792764 111
0.266203888803907 0.26146267179617266 111
0.2688474197927963 0.2723254143812159 111
0.27638182675303663 0.28552047524926255 111
0.27047752015302445 0.26204879688205396 111
0.26476755260561946 0.2660692267386288 111
0.266302124829739 0.25303216818847035 111
0.2687144852690214 0.2822776616395808 111
0.2726273176725821 0.28858214206899313 111
0.27040679616243285 0.27404281283685683 111
0.26982180619471535 0.2626078767436207 111
0.26176473623046725 0.24999007204826798 111
0.2647334043246795 0.2900000877048812 111
0.26858932648100425 0.28382918778068944 111
0.27000308222238495 0.2937664355852702 111
0.2731201114751946 0.2671351368873307 111
0.27108679983963246 0.27506599521064506 111
0.2707330938197619 0.2766257015429916 111
0.2747334107227508 0.2964610576668392 111
0.2669889566313658 0.2810023755331416 111
0.2693000335047191 0.2772594781916912 111
0.271811952361261 0.27192844650401626 111
0.26719596311941396 0.25192061772625185 111
0.26970666770226454 0.2673268008880432 111
0.27362136653162444 0.2694515330846318 111
0.2697393761611085 0.2743726643747139 111
0.27106228530748705 0.27230057426675125 111
0.26839454672257096 0.27813753356914594 111
0.2689274075813743 0.27336465169809976 111
0.2746154375873274 0.26262752745622303 111
0.2754717257309553 0.2923284509986074 111
0.27428905680873716 0.2678949859851769 111
