training...
0.055464962722229144 0.01269384589195023 111
0.0872851395467209 0.04431307475183475 111
0.11772089195021894 0.08223554773364669 111
0.12631496848273735 0.08646523656866342 111
0.13934364616449954 0.0925427251425444 111
0.16089955761005945 0.12609678572050156 111
0.15814668042646643 0.12831706855373015 111
0.17129076333156312 0.13927156006761435 111
0.1801613181493886 0.15653297263040378 111
0.18507429756481492 0.15009340103671415 111
0.19023102357724625 0.16357591501747554 111
0.193492171128764 0.17006407904256193 111
0.19187941686336715 0.16292531388589448 111
0.20190198719707464 0.17917288177334373 111
0.19752314914290195 0.16963382153710105 111
0.19937818432509546 0.1733228331989944 111
0.20468162121131891 0.18662664273913585 111
0.19989548892996806 0.18761224581960273 111
0.20301620077670487 0.1675642508853116 111
0.2100338007459391 0.19011315638883494 111
0.20964035214935714 0.20138293569485216 111
0.21877167863457855 0.20979723681758464 111
0.21836193252730557 0.21005416544878192 111
0.22087025268943458 0.20965127254667426 111
0.21708283181055865 0.19483678257411127 111
0.21525591193069052 0.1883506287951404 111
0.22219918446001136 0.21411821017690338 111
0.22620286453312474 0.21389876689266601 111
0.22558960038788162 0.21490774619858202 111
0.22094134520584463 0.20529320741560841 111
0.23189306275944818 0.20677416743878127 111
0.2322017962152239 0.22347551051270534 111
0.2263313292818634 0.2052216260053017 111
0.2301650529232723 0.20906376194248733 111
0.23687872869728133 0.2321550894140356 111
0.24152189999126034 0.2204100407046764 111
0.23653483271227874 0.21151678834856438 111
0.23691384288842582 0.21958278700245815 111
0.2296819118208542 0.20261554661362613 111
0.2414286751769368 0.21962857753811835 111
0.24173919869930754 0.20527119511987815 111
0.23785696535956874 0.22634532100008153 111
0.23500496857661288 0.2219733439947902 111
0.24223747731037565 0.2338431242623128 111
0.24121407904418482 0.21505835809202262 111
0.24025590464082347 0.236789815848199 111
0.24924223721021457 0.23504508838147986 111
0.24111731309644502 0.21386018095602427 111
0.242570015671325 0.23708217075184673 111
0.24778383554813319 0.22532369843849898 111
0.24413291844535367 0.22203946195924007 111
0.2520625740319967 0.22846296569721983 111
0.24597003056102368 0.24068475568388 111
0.2480542817295952 0.2332267832769915 111
0.2469386592518246 0.23308710648505682 111
0.24669947093551753 0.22115170249966604 111
0.2490889293590843 0.22448070483629495 111
0.2529898297405007 0.23588374952707225 111
0.24959834867522757 0.23485844111808069 111
0.2537605518405368 0.24776155369430494 111
0.24469823175917577 0.22819299996422418 111
0.24964582712555086 0.23069916404560348 111
0.24808915000401208 0.24685398626157148 111
0.24436456621551458 0.23629389586272603 111
0.25721684258810623 0.2518136212704912 111
0.2567120796933328 0.23749511097187623 111
0.25752638147714374 0.23136638261938253 111
0.24860152149593803 0.23801866138836808 111
0.25396626025442265 0.2633410288815193 111
0.2556969954547308 0.23797353813413671 111
0.2531234806346856 0.23612204420422025 111
0.25246671470230736 0.21575611945615686 111
0.2609013233969276 0.26407630395678466 111
0.24970699364916663 0.2529279108332235 111
0.25576660902258447 0.2444820038017036 111
0.25671166500878917 0.24432858371001062 111
0.26125308878102604 0.23342573582889148 111
0.24435004799361645 0.2404908763728827 111
0.25875794254255136 0.2444650154331423 111
0.2547156150001744 0.23963097330330707 111
0.263947576188537 0.2496085278664151 111
0.2506407301293741 0.23202105741254633 111
0.26265609566687287 0.2640143511577236 111
0.2672645940383852 0.25352017060039084 111
0.2617462284452488 0.24575364959160603 111
0.25832863946443807 0.24352912838039376 111
0.2618266916150396 0.24876881953050076 111
0.26124789099640394 0.25519032398688823 111
0.2597944463193718 0.22945238668776383 111
0.25906055101867814 0.26316191073331935 111
0.2677921400768045 0.24416904146292667 111
0.2617899962758139 0.24792633611627543 111
0.25836566446938725 0.25199291626067966 111
0.255833878088345 0.24543934733952547 111
0.2640861232486629 0.24759600932535877 111
0.26582863413104024 0.2674144082304891 111
0.2619566962153347 0.25313366508220203 111
0.26192645594291886 0.25031055433562294 111
0.26818520226214887 0.26510701691898464 111
0.26259572223309907 0.2462623212796486 111
0.2671119711744115 0.27724489551801806 111
0.26623671465579846 0.2540012994270305 111
0.26630230419729284 0.26093139185349956 111
0.2681461180749453 0.27974973408862497 111
0.2617800959728391 0.24994192060834697 111
0.26653317695730744 0.2530415513311395 111
0.26583838568685103 0.2725738534758138 111
0.26200981593738715 0.23540063788351312 111
0.266527265197067 0.2685719560130499 111
0.26867829696320394 0.25684939437273147 111
0.26145499931412225 0.2496583893369651 111
0.2682801670600511 0.2378587963034907 111
0.26767535923225333 0.24817786584086088 111
0.2670373550615429 0.27134842834850786 111
0.2660996970312984 0.24677547817568465 111
0.26407716320821867 0.24842424942515012 111
0.27030653301882795 0.29920464948678704 111
0.26979025291715664 0.26735674911270924 111
0.2642924708907683 0.24937404149053188 111
0.26708103079780954 0.2416402699857172 111
0.2659983301288235 0.26538491714022305 111
0.2605948018592636 0.24209396750733136 111
0.2614783592198104 0.24052528504293036 111
0.2754408763167254 0.2613142642162109 111
0.26394976681069704 0.2461916333603021 111
0.2679532737617525 0.25553704177497444 111
0.26275421349324973 0.25403057298814397 111
0.26415263163647623 0.25400493319598866 111
0.2663686599570939 0.25258078786198945 111
0.2648769850817073 0.2546333798268083 111
0.2699344072039427 0.27085848135658847 111
0.26708543743801283 0.2627702683147234 111
0.26761071829708954 0.26241265808632014 111
0.27394215550167345 0.27170440400194135 111
0.26670877132281146 0.256332294328871 111
0.2723842253737215 0.2572859114470431 111
0.2637171174582309 0.23656049410087251 111
0.2710173954794002 0.26877026673697835 111
0.2714521511018628 0.2642409910643061 111
0.26623467442922255 0.251565030101084 111
0.2670793981715644 0.25240274791450396 111
0.27356777346760175 0.26458657491662263 111
0.268752476090011 0.27219208646364607 111
0.27178917849777484 0.270422895216704 111
0.2698035347207323 0.2826677055356691 111
0.273484842906048 0.2809220155599532 111
0.2719253495259604 0.27416004308522574 111
0.26555582867396094 0.24521951622727942 111
0.2690404472979417 0.2520908860872914 111
0.2698647223561334 0.2616820397982492 111
0.27292797389788254 0.2755358198659158 111
0.26913912227892667 0.25267206214897164 111
0.26605831471684144 0.2592479032728991 111
0.27046295488941785 0.24734120661339348 111
0.2621209763802619 0.2527992279409238 111
0.27322543063645816 0.27883657103856047 111
0.2675047272849898 0.2745950859028035 111
0.2643610176990246 0.2671010075913013 111
0.26873356265571263 0.27309534996442925 111
0.27195678258854206 0.26020202574773454 111
0.2739364197466149 0.2630638043044408 111
0.27071196146729765 0.27571261322968815 111
0.26790182195581835 0.25099243940190835 111
0.27441628270748797 0.27757999568667613 111
0.2695578634707434 0.256727912672147 111
0.2690685679525344 0.27436699374588636 111
0.27217032298063715 0.28374088507423484 111
0.27045255559275827 0.26089364520605735 111
0.2770515133282758 0.27649207989444197 111
0.26700325587112994 0.25406568353299785 111
0.27084890903295233 0.2565976992624144 111
0.2744463842832891 0.2952858813216581 111
0.2741574600785676 0.26060627348666277 111
0.2687648655101093 0.25906618292036937 111
0.26876926915778754 0.24823334908577624 111
0.26507950111396666 0.2500208926156137 111
0.27321158050940425 0.26692381975395135 111
0.27459631778513655 0.26048768317849863 111
0.2720039148824377 0.2646295240664661 111
0.2664509943012668 0.2443694785541986 111
0.2686065934916114 0.270854480612499 111
0.2737112559272523 0.2562643103612079 111
0.27151750591933044 0.2833587656879059 111
0.27287519092964563 0.24161209232367292 111
0.27190795804778245 0.2557824026028281 111
0.2781264739734049 0.27343263685128183 111
0.2764233009482282 0.2777009883897129 111
0.26774382153124177 0.2522778466652134 111
0.2719946234014409 0.2605931924152141 111
0.27318858608927027 0.24793163489180942 111
0.2707997191250651 0.24283487074994167 111
0.2764991976125826 0.2632244787599641 111
0.2740890188048285 0.2584404699931208 111
0.2656164924631766 0.25845505838281313 111
0.27243851973619787 0.2686953928421051 111
0.2718541848022004 0.24858523508769956 111
0.2720579314764331 0.26979494302420703 111
0.27245523160498525 0.26183838398412074 111
0.27529948416193495 0.26934871669194077 111
0.2774656345757866 0.27492262745519386 111
