training...
0.05984915561602369 0.013794938099572315 111
0.08190210598949622 0.0340198202554488 111
0.10692002842007411 0.06385907742556 111
0.13223699742281403 0.09329616815763044 111
0.1459018743386872 0.10237308810369328 111
0.16558584668273468 0.13333212069088637 111
0.15281400871936962 0.11960287449395883 111
0.16854480219898782 0.12242019159533014 111
0.17850453506747668 0.15084808679013545 111
0.1844690412809627 0.162861803472681 111
0.19296640415774152 0.16884590929067966 111
0.19632447505408548 0.18370596528528754 111
0.19434164820041389 0.18353356935471482 111
0.19376848365036758 0.17632764927816375 111
0.19701191846237387 0.1729231613374269 111
0.19633285310888615 0.18562083206329247 111
0.20537151876170778 0.2000959406858745 111
0.19585762451056948 0.17220519386814953 111
0.2056089624813282 0.20352981791210759 111
0.21249546441473544 0.19461452605084498 111
0.21241994282899282 0.20176535184150768 111
0.21165182427209323 0.203035188246694 111
0.2153342519677926 0.20537373488260627 111
0.22101220120093443 0.1948383946297773 111
0.2193229032964048 0.19852505147331417 111
0.22628774701355417 0.2303365947750742 111
0.22397780735106018 0.21086423136808696 111
0.2241410610100834 0.21053612505606573 111
0.22925365406167297 0.2109253399052606 111
0.21988167501913997 0.20657068003105894 111
0.22764223461431157 0.2049689037545331 111
0.23472762894387728 0.23026390068709898 111
0.23509685772859193 0.20966411326472917 111
0.23047042704829357 0.22300087025500587 111
0.23800839418346606 0.23859764141677073 111
0.2436512506966939 0.23099330135397153 111
0.23710656975457925 0.237617907215759 111
0.23300541187119833 0.2109709724303256 111
0.24234475770074376 0.22942708065217013 111
0.24133218900001713 0.22966050817422984 111
0.23941477245443032 0.23259032671609825 111
0.23981391408555555 0.22956005723275422 111
0.24308094305099423 0.2481214506531191 111
0.2425966367690922 0.23946977930311228 111
0.24118705978732424 0.24720837434162596 111
0.2411755963503541 0.23497258265583082 111
0.24612655528186644 0.2265666853361973 111
0.24310353789672262 0.21904740701379288 111
0.24157165079924042 0.23114798200385328 111
0.2450071607489767 0.23955984128527383 111
0.2423836134297837 0.22211313307786157 111
0.2485295279031395 0.2380394138527523 111
0.2417506059092889 0.2208916342643615 111
0.24799723799959544 0.247699844499772 111
0.24819549276388625 0.24074141910928548 111
0.2485914848522531 0.24162026699365188 111
0.2444681995687683 0.22971676229710072 111
0.25639037583862634 0.233753961518176 111
0.2517573332617988 0.24568315224530857 111
0.24617459556724985 0.23339000858878886 111
0.2451300807817587 0.23119505745496127 111
0.24399472119080767 0.2188118639097163 111
0.2518854590346656 0.23635072133724694 111
0.24991258902599062 0.24187470636802283 111
0.2479748777668243 0.2541507878490676 111
0.2501777887721035 0.2228391610398862 111
0.25999599824812186 0.2526542352060802 111
0.25261551429546664 0.24784295998785416 111
0.251803359408948 0.24059744990773027 111
0.25627240334987056 0.26236342619208614 111
0.2581249881053323 0.2675642092274891 111
0.257916810336464 0.24138909961238844 111
0.2552355364460988 0.22634285527223874 111
0.25385732270500827 0.2295171300694988 111
0.25634836143069245 0.23623846854904781 111
0.2597902427252326 0.2479339692391015 111
0.2650122256565678 0.257333153736644 111
0.24713001489420747 0.22120055699036878 111
0.2572870383237798 0.2447806114712972 111
0.25622652126783163 0.25875789038072894 111
0.26477020936368584 0.25033544149375736 111
0.253604425259219 0.21378804203166177 111
0.2641613380919692 0.273076477085344 111
0.2624643059037419 0.2558869487525451 111
0.2625445913743197 0.24734154565538968 111
0.2597925963147899 0.23527527427098638 111
0.26224066412395647 0.2501250175367169 111
0.2631750792161337 0.2574678687115973 111
0.26019001924575214 0.2509342827324723 111
0.2600707291729906 0.24554846979887227 111
0.2676971493263823 0.2632644103101587 111
0.25388157699361824 0.23935362038379265 111
0.2612715359898686 0.2459200325969247 111
0.26626452637372 0.2589146904808957 111
0.2648218846077873 0.25203872057374516 111
0.269544618814791 0.2747051970875275 111
0.26302238111537096 0.24399952405476363 111
0.2567400912032778 0.24120357503505804 111
0.26740495514518314 0.2661215978258164 111
0.25861753889134964 0.24044975383974457 111
0.2658476815309111 0.25630541245094784 111
0.26699140167063773 0.25658960423141075 111
0.2652701203096127 0.2757534995924001 111
0.2652188299384646 0.2539435964780886 111
0.264943344242172 0.24813820859712868 111
0.26624515027248563 0.24639045029364187 111
0.2705186952915764 0.25856093609677605 111
0.2596738996080598 0.23951864600982556 111
0.26799748705765597 0.2642170477354766 111
0.26843506603508294 0.2397810564008011 111
0.2638894805572436 0.24573670472813453 111
0.2649493863856022 0.2459674829915223 111
0.26629651665138265 0.26498315103823883 111
0.2596454925406934 0.250140132631311 111
0.26514792830025613 0.24431430124532233 111
0.2652766613627438 0.25994844992002425 111
0.2717089332273994 0.2816537073465487 111
0.2731701015390329 0.2521931000879288 111
0.2686012217361667 0.2690189533708605 111
0.26542508911041707 0.24479880118317923 111
0.26305365683486387 0.2505337646338234 111
0.26408715918087533 0.2460702687646791 111
0.2592156572625007 0.2629357959356942 111
0.270157246319637 0.268923898463619 111
0.2640800310204599 0.23934757792260272 111
0.2645632798404375 0.24510786158259512 111
0.2683427970005809 0.25348039613461143 111
0.2656436336906663 0.2681162068354775 111
0.2685438311169735 0.2619441009358243 111
0.2617604837996948 0.25869095049686186 111
0.2713699669096599 0.25797141662097767 111
0.2641981097395038 0.264928095942972 111
0.2624107187941681 0.24963766260590048 111
0.26812777796613285 0.2409889603256171 111
0.2655553705853639 0.26440576747046884 111
0.26573048578550645 0.274035362742821 111
0.2638067544304697 0.24792100750774004 111
0.26760626086937805 0.25147805941639545 111
0.26938039160107924 0.2470414153894727 111
0.2714770086044253 0.25297957433642426 111
0.26924043332720854 0.28109076589751136 111
0.27139421013090986 0.2579535441252418 111
0.26609495013276935 0.2593803701603451 111
0.26704889150176864 0.2678250488718121 111
0.26331060632358894 0.2626696835044374 111
0.27368059684294327 0.2609981350694652 111
0.2707517293531615 0.2648809075609395 111
0.264284364623763 0.2470586729302301 111
0.2702965663658951 0.2521402333748764 111
0.27000372658403893 0.2653681295460058 111
0.27156667865387824 0.26825453817296774 111
0.26508984705302646 0.24469544494555986 111
0.2667517857900268 0.263724898827114 111
0.2716495207423678 0.2691746782724004 111
0.2619167881330272 0.25868161053138006 111
0.2714171075575448 0.26550986064396814 111
0.2687445550428954 0.25970008621393814 111
0.26625427758750586 0.26868903493985796 111
0.27408632656577414 0.281495420276728 111
0.2666151547622755 0.26651342065106165 111
0.2694256499919737 0.2742412134887094 111
0.2660616632934455 0.2628755139327006 111
0.2698035309900893 0.2510238314737083 111
0.2737222128732007 0.2778509408103403 111
0.26571430137196966 0.22868476478849778 111
0.27363244809388304 0.25118002518065746 111
0.2698727487785272 0.2619128511577203 111
0.2729190607844523 0.2556678908735418 111
0.2731446638447651 0.2688119375481592 111
0.2673767041463074 0.24211202690131622 111
0.2690601372374463 0.2608035232704738 111
0.2780760837056389 0.276950476168434 111
0.27375193810996873 0.2458222805868653 111
0.2653744919801207 0.24742254310810752 111
0.2703103485486362 0.253855348133389 111
0.2635101157774183 0.25823546604664516 111
0.27481705555385094 0.27608792092028894 111
0.270191245531704 0.24465611104945925 111
0.2705916937424208 0.2623159687202785 111
0.26804807824969734 0.2549302584586459 111
0.27023481858258386 0.271560798936601 111
0.2676840462219745 0.24335412272593313 111
0.27330917039857033 0.265408965004054 111
0.2709250234829615 0.26288657507073276 111
0.27131429854119926 0.2695001498415751 111
0.2749418692035223 0.27082231346964625 111
0.2744888723514415 0.265926766931818 111
0.2692827529324088 0.2502892254763254 111
0.2707164790666294 0.2539629679363023 111
0.2723564475038592 0.2654601873089314 111
0.2686438995513323 0.24394738480637496 111
0.27792173898700945 0.2581351868281948 111
0.27146431434248036 0.2554196584210938 111
0.26587147611352424 0.24716172893007485 111
0.27083516155495374 0.26733482568104927 111
0.27019980101412006 0.25385359506629573 111
0.27266132165654655 0.2559267946417613 111
0.2738636794904164 0.2684612418596223 111
0.2772198705513072 0.27212080696672997 111
0.2764475922394254 0.2604971716871087 111
