training...
0.10717576843049562 0.06857888556261506 111
0.14499747845352845 0.07952028261366834 111
0.1649189243139318 0.11796998981179137 111
0.1731502622164009 0.1423498620044986 111
0.18385165585839847 0.13539446984267794 111
0.19045093683986616 0.1558953207137484 111
0.19088465434712037 0.1628675723757816 111
0.19921391802892477 0.16713861126743262 111
0.21624837080599327 0.20290817210335896 111
0.21714329019182615 0.21621343738486387 111
0.21746448915783076 0.2170167213714192 111
0.22056676442793638 0.21455226588252732 111
0.22674418618348957 0.20843279766378192 111
0.23239465363898876 0.2170204686163617 111
0.22983373649175673 0.19479622948660574 111
0.23116482406627398 0.21403516270284087 111
0.23576922603190797 0.21689891168273284 111
0.23952810161540325 0.22508042754097993 111
0.2357464233737039 0.22467033763043795 111
0.24634041590182448 0.23748715391791708 111
0.23773319127236503 0.19713994106895802 111
0.2529058640029333 0.24261319759573505 111
0.24633258390356913 0.21246021350454894 111
0.2538277327880744 0.25603602180644786 111
0.24911216537047615 0.24859529976394515 111
0.24811132210995304 0.23893831047373013 111
0.25040474064598356 0.2242069974613758 111
0.2565212962524688 0.2582275886988138 111
0.2558568635451302 0.24159612607387496 111
0.25412738445167005 0.23014195337092216 111
0.2580171442871023 0.22756499739872552 111
0.25826554277887587 0.24712830265159624 111
0.2558277063264091 0.2410420792978778 111
0.2565023128723869 0.25083269940128444 111
0.26751660008449624 0.2602277709242506 111
0.26293067671845627 0.2516214365058638 111
0.26327025758329803 0.2680037875521942 111
0.26278856088171043 0.24469542677379436 111
0.26448832204019046 0.26223414742063983 111
0.2665429805494934 0.251431376383852 111
0.2623535171774548 0.24355259772690183 111
0.2623825958857658 0.22190947692033 111
0.26596474455762087 0.23809328257164314 111
0.26389034549333523 0.24148724042141068 111
0.26529637620126156 0.2526831494487994 111
0.26557486962999033 0.24012286596399376 111
0.2728668788145328 0.2744674681993873 111
0.2642617334722675 0.24383734866743778 111
0.2625205496399884 0.252926285491015 111
0.2649924488000814 0.2584204150086383 111
0.2665070471209764 0.2419554939413121 111
0.27431566028500826 0.255157344513713 111
0.2687837757386617 0.26031997616235497 111
0.26924954377482896 0.24211503525739742 111
0.2700605339686383 0.24031401671700908 111
0.2679508191505377 0.2378219295944035 111
0.26793061944164703 0.24401046605132498 111
0.2745627733744201 0.26664793460457076 111
0.27213015620252834 0.23928879728540894 111
0.26673427615714507 0.25673016212516225 111
0.2676999170524624 0.24268627810866233 111
0.2659576408100626 0.24350985931959263 111
0.2715933291434384 0.2647686610547725 111
0.269942402990332 0.2660286378662788 111
0.2687605932315119 0.27883065592554446 111
0.27279407177487214 0.24775186122442985 111
0.2735277839862141 0.2527962319311897 111
0.2720649730792287 0.26199198299311327 111
0.27140181905666166 0.2610961843547703 111
0.27361571426224884 0.27357975411187857 111
0.27169798761470126 0.2428971272464616 111
0.27638613693436626 0.26366672383605694 111
0.27017646437400644 0.24610090943991975 111
0.2681708323503796 0.22126854200435622 111
0.27501508292575727 0.2639921809280976 111
0.27372384870606087 0.25371515894450153 111
0.27471406219474925 0.2551534195622902 111
0.2699274578527464 0.24416426425134835 111
0.2753669654235921 0.26344923968843204 111
0.2727647333806593 0.26947876157278466 111
0.2762086452149348 0.2621969293775015 111
0.2677577328700458 0.23215994876666154 111
0.27515140562546914 0.27025586943348195 111
0.277309674347153 0.26744564428430534 111
0.2801822571195623 0.2693367122447535 111
0.2748596448761162 0.24829755326221986 111
0.27662324021321605 0.27007132264296235 111
0.2781251205150782 0.2785277447938196 111
0.27654698444084547 0.26431456112556667 111
0.27948541502366275 0.27084651835060986 111
0.27990711706131954 0.2628006779827091 111
0.2793421422148515 0.2798863836151139 111
0.2808104875665006 0.27422843583170275 111
0.2767100635189965 0.28054812021859876 111
0.27835362905883876 0.24703684208856508 111
0.28034776000957 0.26523447450077553 111
0.27718138726464814 0.244849965694447 111
0.28028094424317695 0.29475709319305593 111
0.2831325814336972 0.27839540267838614 111
0.27914077551633737 0.2587493097943053 111
0.28048517367909204 0.2956633463351504 111
0.28144314063278164 0.2806338703237268 111
0.2787491464403004 0.25042368931408066 111
0.28412977722577465 0.27721799427733107 111
0.2786554757496086 0.26219847701096544 111
0.2807299293979156 0.27044009753613885 111
0.2821495694510918 0.2829061140772813 111
0.27618459584022376 0.2720508140230522 111
0.2804738776831266 0.2723486185047386 111
0.2788338470345545 0.25565960131909693 111
0.2790634562518806 0.2731343695090722 111
0.28369421668865985 0.2620408373687522 111
0.2826543830477675 0.26489649457668857 111
0.27529796112838206 0.2517723140721701 111
0.27860675841365745 0.26677789643523064 111
0.2815768229946021 0.25647162831786374 111
0.2839351718994387 0.2834084527569308 111
0.28321819720817587 0.26771328407653383 111
0.2850655628377914 0.2662177626348384 111
0.2817361452704218 0.25977317683068263 111
0.27992127057299115 0.28571123022928696 111
0.2755462788427599 0.26104250545756547 111
0.28110997279327027 0.27343168110690197 111
0.2833061828308028 0.27101880458996547 111
0.2750194941604837 0.25881026830624104 111
0.27931841242545147 0.2584333596266427 111
0.2816402733521119 0.2612272751316834 111
0.27779215832689264 0.27515039804755254 111
0.2840741359426759 0.2774419834488357 111
0.27657782113349627 0.2567461695505658 111
0.2818801963744309 0.2591700892818767 111
0.2825262654868193 0.28402336149626944 111
0.2810399788576487 0.25397549367453914 111
0.2799477442320466 0.26654760215559437 111
0.2818499867199445 0.2792721644846698 111
0.2829426665292696 0.2748111946537231 111
0.2780874095180147 0.27422718972739474 111
0.2839904919494216 0.268547885566436 111
0.283623572474901 0.261620908276526 111
0.28395359651644714 0.2781549379978293 111
0.28394923182949683 0.2551593168722678 111
0.2807040266294746 0.2744984384191799 111
0.281657898728264 0.27163603396659564 111
0.2826394198160932 0.28555355021204387 111
0.2808885196009388 0.2792779585552414 111
0.2847868736935981 0.25662028788333724 111
0.2843136452440886 0.27260587274957193 111
0.2790596653431686 0.25272770346210705 111
0.2812431789599647 0.2633665552556635 111
0.2827645293456309 0.26682246586806363 111
0.2855912022780515 0.282696151718589 111
0.2846304124059456 0.28147405242998474 111
0.2819829718944768 0.2721152848405465 111
0.28211791779110434 0.27338138718937083 111
0.28031549674178124 0.26016987262657426 111
0.28566593148164077 0.2819447077339211 111
0.2817367888165074 0.27871406090593825 111
0.27825673245626575 0.2590712847652907 111
0.2848579142779148 0.27140035460427825 111
0.2819707418562962 0.26261082909015504 111
0.284084538107742 0.259637387900033 111
0.2808583362216063 0.2619722438025226 111
0.2827257910276159 0.2894152386307923 111
0.2860426773741238 0.2764904749444409 111
0.2821248859908165 0.27240703948251144 111
0.28656366463828226 0.28410670560489143 111
0.277036336291159 0.27466520022486934 111
0.2817699398330416 0.2546735998585784 111
0.28478801695251804 0.2741071767712504 111
0.28381362376346025 0.27102658593023177 111
0.28715024306534753 0.2751270449875747 111
0.2891231237343984 0.3020807688020221 111
0.28556900454431755 0.2742351952567078 111
0.28482644917832345 0.2818007896522747 111
0.2850735198969675 0.2671445603039687 111
0.282657343436881 0.2674353539080979 111
0.28495555632400116 0.2876842067874108 111
0.29109635573519776 0.28452998676586494 111
0.2848485026236494 0.2637603581047348 111
0.28315597871630843 0.27302697346280896 111
0.2842076381511038 0.26263778059468723 111
0.284621488512667 0.27187302565602645 111
0.28490690105320343 0.2706515295951591 111
0.28634629329651384 0.2639562554981579 111
0.2872036217059329 0.2814568997110295 111
0.2874105552469489 0.2664640875201041 111
0.2874874784043478 0.27093827161514866 111
0.2816545813161984 0.2682047966381862 111
0.2847323872760848 0.27441656676452414 111
0.2862898281999938 0.29356886921329517 111
0.28052439078168645 0.2534594115931969 111
0.28455292977798435 0.27083584266061456 111
0.2850426507184796 0.27918872990198484 111
0.2827671304673022 0.2753219161246174 111
0.2830718852434388 0.271771452005902 111
0.2839096052565601 0.2743820679879214 111
0.28454971068684287 0.28925191132622524 111
0.29120597350125593 0.2582248197910959 111
0.28511451312764363 0.2824435701064874 111
0.28897966843655903 0.2900074841525258 111
