training...
0.1942869404265892 0.14519262745069522 111
0.24033548837852206 0.19116074057349605 111
0.25654714276542717 0.23550458345863393 111
0.2701423157154939 0.24699952057031468 111
0.27284988512575986 0.251637556675838 111
0.2895871968479315 0.28954877077693797 111
0.27601539577226397 0.26290212650805267 111
0.30242103957994143 0.26779787113053555 111
0.2931535109786106 0.2660810003028552 111
0.2976449683741562 0.2669013122409626 111
0.3114561510004282 0.30109815503952836 111
0.30217438638952676 0.2960337062130148 111
0.3012921238293051 0.32268490700741803 111
0.31143112902574943 0.29846033219826557 111
0.31123366945860326 0.31706464298688053 111
0.3182550742858617 0.3276359596390047 111
0.3041857016698236 0.3096167987503976 111
0.3153174852825548 0.31784759948239105 111
0.3158754044598888 0.31495572715769043 111
0.3094040445620527 0.3176167272429765 111
