training...
0.19659328646781024 0.16203516231391027 111
0.2467049187152734 0.1915276524662374 111
0.26488781872449096 0.23507135856670883 111
0.2738841323477146 0.23697621302246738 111
0.2794314328069945 0.2771677246283766 111
0.28654357559897203 0.27256805014810703 111
0.2799559624026522 0.2644670653333137 111
0.2950095015505123 0.28371797731659 111
0.29122352969796894 0.264532995988471 111
0.2964258834977846 0.29303272462601065 111
0.3076273747224129 0.3045912861685393 111
0.2979154716800515 0.3030063811706634 111
0.30425661652217356 0.32961408798456165 111
0.3036105046243816 0.30904614947325765 111
0.31246752100522285 0.3283933825060403 111
0.31256883687037684 0.3264934516365286 111
0.2956029181946358 0.29498609670356324 111
0.310713600157606 0.3213784821573506 111
0.31237805540630514 0.32139832722515016 111
0.30659465006025305 0.3216798280581624 111
