training...
0.06224163963355652 0.015705200913061143 111
0.09409128563893407 0.03619958380617378 111
0.11131419863784507 0.05652286069802404 111
0.13038748136370085 0.09470428643865557 111
0.14531563327766214 0.10531134497390708 111
0.16354573220172675 0.11301846902416773 111
0.1626894010541227 0.12032834661919405 111
0.17037226505369485 0.13298685429723522 111
0.18027506329050927 0.1492186922952494 111
0.1851849119847055 0.17190867161601037 111
0.19243236763760896 0.16294076638760513 111
0.18727196027705165 0.16453518897184272 111
0.18889562721964948 0.17759446278208957 111
0.19722328066893527 0.18536509482246505 111
0.1961063600892812 0.17971931228515292 111
0.19793912218598725 0.17902512580778052 111
0.20294514397398974 0.1922866551397604 111
0.20363771291765248 0.18369198726796093 111
0.19675475907122306 0.17265143134779085 111
0.21539663289876332 0.20361599333685823 111
0.21431179326214755 0.20638545794050278 111
0.21348244479904474 0.20614045345663332 111
0.21465494242353636 0.19684481094346992 111
0.21965832202240956 0.21262637139620122 111
0.2204247948772368 0.2072202558313745 111
0.21657341852226047 0.21528805069905765 111
0.21765607817547417 0.21470768386946726 111
0.22277320356346603 0.20598970126869656 111
0.22675565893308658 0.2252693467793769 111
0.2227819917131963 0.21156105216578558 111
0.22813526090223726 0.2086169664463096 111
0.2331730628498845 0.23927809714892576 111
0.2284629025523718 0.20367556561166497 111
0.23263371074424954 0.23393816227892567 111
0.23487601808607386 0.22826202060272616 111
0.24159519176804564 0.22749955076817985 111
0.23654349764891486 0.22256269786297508 111
0.23657946787800532 0.21341391299079288 111
0.23433396866427478 0.2412308898575563 111
0.23713063394348707 0.22561512043506168 111
0.239299657278466 0.22474844717916323 111
0.23708397599369274 0.21615798051248172 111
0.23757835502724747 0.2253608632439466 111
0.24158805223711627 0.2387107291010189 111
0.2399049614505834 0.2329668870879889 111
0.2366643935282616 0.22573159719649782 111
0.24862886759852473 0.24021480088882055 111
0.24533393658449112 0.22810525004574206 111
0.24190179706009635 0.23787252189496919 111
0.25116709162436857 0.24884836403898505 111
0.2437548068233333 0.203799357510852 111
0.2511132653450557 0.2498142480799316 111
0.24570943006228926 0.21539566417915876 111
0.2443896370580171 0.22665294121050603 111
0.2466449492294691 0.23328848852731943 111
0.24550240156992287 0.21975868998128062 111
0.24797160290665315 0.21999946297645492 111
0.25331628718035154 0.22981942115642612 111
0.2473304952928284 0.23865533979484616 111
0.2514955546689826 0.24135013744334352 111
0.2434869748014834 0.22247470995659088 111
0.24545797083651613 0.23804399881531393 111
0.2480648176963935 0.22758921087158634 111
0.2506121332546845 0.2313871965855491 111
0.24949618995420747 0.23244496165239534 111
0.2501559724472318 0.23598642427053595 111
0.2513388803834526 0.22144353306225814 111
0.24821269741839072 0.2448234758775515 111
0.2578222373466165 0.25426673949611 111
0.25004907205276716 0.23371371498535595 111
0.24680016262495644 0.21169518759957937 111
0.2527914878008435 0.22384285366656992 111
0.2560637597328029 0.2322418455245188 111
0.2511992823147002 0.21997055901775703 111
0.2513732082409004 0.22070852199148044 111
0.2578991539492427 0.24492834782485567 111
0.2546234938262429 0.2186106617461222 111
0.24927036281072915 0.23383544100579856 111
0.2531482156669285 0.23365462657430155 111
0.2541812255091317 0.22099175912079877 111
0.260408611303634 0.25289228772475175 111
0.24448175073782843 0.20495137296595117 111
0.25909957624370555 0.2637068153558471 111
0.2585429681380018 0.26639940781087046 111
0.2596954679659847 0.2550628825642183 111
0.2575610346369595 0.23143785889804294 111
0.25933030219008746 0.23630231550706127 111
0.25796242085397225 0.2378088137294077 111
0.26466831651252676 0.26904023009303135 111
0.2589023663815862 0.23325725717617765 111
0.25998300316090656 0.24865462084830872 111
0.25578570675428175 0.24453850022201823 111
0.2621819583022555 0.22190967691676805 111
0.25672313001603636 0.24163847490197926 111
0.26093014696271194 0.22622145800396837 111
0.2640667207595064 0.252608561083064 111
0.25343837254198415 0.2185394395588178 111
0.26066286802766075 0.24794896704924316 111
0.2630380828759589 0.2571846519369108 111
0.2567511505885538 0.2241384075701328 111
0.2637624944213702 0.2524535682063887 111
0.25962554621614387 0.23779141513505914 111
0.26555095896888187 0.252246796939923 111
0.2663032905488427 0.2724426334711631 111
0.2611798210826076 0.24151175741252728 111
0.2639263115545001 0.234842676837777 111
0.2601272498751152 0.23409497610130936 111
0.2558429841733312 0.21293265315079946 111
0.2664571462704021 0.26190730161931125 111
0.26335121728851785 0.23540028444532093 111
0.2611785254808968 0.2456274266387968 111
0.2673648789335289 0.2450667665592805 111
0.26119898892270177 0.2549370921117956 111
0.26149810939919804 0.2418252216806997 111
0.26376599533928347 0.25226873236072617 111
0.2642188146310108 0.2523729312677495 111
0.26940507479907966 0.25105289629594413 111
0.2636395984061939 0.23647869196693355 111
0.26710223021144686 0.24916884236768286 111
0.2614370605928229 0.2431824647446122 111
0.2604432756698051 0.2436190731773097 111
0.2578907651705144 0.23527593152976511 111
0.26326567157797365 0.2459950963016069 111
0.267978863837915 0.2392938288263192 111
0.26058458469542917 0.23465872269294843 111
0.2623854707985993 0.24751106593666838 111
0.26454252149344665 0.24610200068605206 111
0.25972940473887873 0.249906886458046 111
0.2650630957085677 0.24963649411668723 111
0.2615663449084816 0.242354383951072 111
0.26803357240542186 0.24872161152060013 111
0.2654833772481678 0.23317951312285598 111
0.26334092438194884 0.2505483877302959 111
0.264074855684935 0.2489594001894536 111
0.261170730105505 0.24002770353496194 111
0.2662695839200177 0.23534594660269037 111
0.25888961329114984 0.23595994391260658 111
0.2704182766103084 0.243790813996319 111
0.267291530572394 0.24501357151672848 111
0.26773389440750806 0.25201225987778225 111
0.2686266430010397 0.25770208888215324 111
0.2667776307349724 0.25017242179101573 111
0.2655200077645824 0.26667395046983394 111
0.26611244528729566 0.25946899627621156 111
0.26508187605220146 0.2568122916689606 111
0.26994472645792994 0.2552571348121069 111
0.26620341738133274 0.2522974146859879 111
0.2620799550876839 0.23166753553273553 111
0.26368331335385264 0.25372375127308905 111
0.26629188950531835 0.24481257525452543 111
0.2690926852159397 0.25647202289347576 111
0.2676674098724886 0.24685294557597678 111
0.26663368054412967 0.24878512297751973 111
0.2724834491763032 0.2666880922005925 111
0.2627746822976313 0.2379170246300291 111
0.2719103630509886 0.2710704469210858 111
0.26413475497354666 0.25686752788398937 111
0.2699289563387951 0.25423830254625773 111
0.2685374705819579 0.27644935196820614 111
0.2636611633852723 0.24803126540360668 111
0.2699620130948139 0.24843364888508768 111
0.2684662812393292 0.2567165717613408 111
0.26697980671501903 0.24090854156268032 111
0.2717536989908617 0.2748850994542462 111
0.2636019642989459 0.2591988116211406 111
0.26897927486462475 0.28374167917506143 111
0.26685420990402314 0.25330989254394 111
0.2712316472825021 0.23751243222523208 111
0.27195904892230105 0.2604845765684137 111
0.2672308284255312 0.25757683149423055 111
0.2687489741826821 0.26438915642102756 111
0.27294641167051054 0.2604154030663367 111
0.27115535184114037 0.26645747812396003 111
0.26571302735597635 0.24421709808740713 111
0.2677357415531288 0.24841138671356977 111
0.2679879008219169 0.2611860824775776 111
0.27303822701984565 0.2758162425895388 111
0.2703327833315496 0.24856509332467544 111
0.2717798380883375 0.2580275076969896 111
0.2636921788718643 0.24931233218911378 111
0.26401081160490486 0.2483896467951582 111
0.2709600278500033 0.2492722220786088 111
0.2738961030785002 0.26232393706781004 111
0.2731124662345614 0.26063931783017247 111
0.26625016039706323 0.25607893641360324 111
0.27439686712937855 0.26933386667481857 111
0.2767680436008518 0.2637334194507854 111
0.2742120061349573 0.2689219044121799 111
0.2696056240040719 0.2655566487936083 111
0.2737930070796788 0.26195164522189396 111
0.26762018394833526 0.25769074305680034 111
0.274444869403245 0.2744027291002955 111
0.2732542636598212 0.26239740752246493 111
0.26721742691036965 0.24878237537997347 111
0.2721615427958762 0.26281890101928124 111
0.2707117077636868 0.25742432966406137 111
0.2699806373833296 0.25988139551063055 111
0.2739308951281763 0.26519824219145965 111
0.27492002852479797 0.25650605316671754 111
0.27647432344155654 0.26761354413629684 111
