training...
0.0987218246429014 0.04742133365786143 111
0.15470559574399043 0.10438085695089322 111
0.1732920184174519 0.14329534649858047 111
0.1905549415632196 0.15238025809949254 111
0.2124252217482493 0.1935361335465173 111
0.21741797251923622 0.1936808397650074 111
0.2109450566226887 0.1872132678675772 111
0.22606651168894787 0.19883499344996097 111
0.2347911863433051 0.21040357367460552 111
0.23471088487830358 0.21711318277676245 111
0.2399189029095351 0.23028102624503247 111
0.2395426034998725 0.2217430143306786 111
0.24327254098649542 0.23690029019934383 111
0.2498984753378433 0.23385663087108516 111
0.25298536642794706 0.2280340968347227 111
0.24613955588812164 0.22997947919928105 111
0.2516641025177654 0.2565718444891481 111
0.252607123123192 0.2394589571557495 111
0.25795519173831694 0.2445335021955252 111
0.25900117669373074 0.24786823478026734 111
0.25728430689453957 0.2625839462869674 111
0.2597364737855108 0.25089362690479344 111
0.26453172834766847 0.26893589039095717 111
0.26784219336319354 0.25482380958956435 111
0.2711190673345912 0.2634102830075579 111
0.2639764207075569 0.2587805893711605 111
0.2663197225560833 0.2525868265810004 111
0.2671674011375405 0.25162839890255334 111
0.268571947344226 0.25225142538279594 111
0.26290108377845545 0.2487184326558708 111
0.27015558504902465 0.2618291504403694 111
0.27169114452832555 0.26295078835302405 111
0.26519401901626505 0.2653804855274523 111
0.2706610969963761 0.2669675962087474 111
0.27329666066338915 0.2651057516111289 111
0.27445113307431923 0.2684166447634525 111
0.27604440540987635 0.2615456273836942 111
0.2703084772558107 0.2822927703624049 111
0.2793083402035365 0.2624641524343534 111
0.27924391703591067 0.2875069887032703 111
0.27050412389850037 0.2427432025478561 111
0.278814210402357 0.26681079380954226 111
0.28102260158859754 0.28058895101179826 111
0.276586380185328 0.27816889725464466 111
0.2741040384495979 0.27337188215172414 111
0.2805451249293721 0.27559572832301316 111
0.28557813809131105 0.27846253143179706 111
0.2782231909288819 0.26684349532012885 111
0.2768203693045752 0.27418752182292244 111
0.2764332626686396 0.2616577590782049 111
0.27971801840046884 0.2837315130815882 111
0.28187522860040215 0.28635169023907775 111
0.28343173073529526 0.2762932244130529 111
0.2817027983763137 0.2774794109247065 111
0.2828554979591485 0.2835027562328224 111
0.28640037987399614 0.29053290587295905 111
0.278276706742605 0.2710151986220668 111
0.279771961705973 0.2649618111315132 111
0.2843268744118987 0.27132073415167285 111
0.2811024139237808 0.2685388493943352 111
0.28258844197019434 0.2810370592873366 111
0.28709799489446 0.2839116388359517 111
0.2833991860095749 0.2730359401658979 111
0.2839537514349828 0.29239077498485233 111
0.28392517557071023 0.27892055888237705 111
0.28487600932366164 0.2592782567388944 111
0.2870904600282113 0.29610010663711384 111
0.2848292341667151 0.2726949879796929 111
0.2871112907223243 0.26120035548985826 111
0.2809936122426794 0.2748719788926119 111
0.2791545268197579 0.2673934697611214 111
0.27998187012449394 0.2709383997941355 111
0.2829913841022181 0.2767968112968223 111
0.2831545312948859 0.2671076457411325 111
0.2864295836378167 0.2913563172946834 111
0.2823479065505984 0.2739311500225086 111
0.2859161221505767 0.2793138826883391 111
0.28304883350472193 0.29324154442435313 111
0.2884099695974885 0.29159868142954626 111
0.2828611351698632 0.28288197308445134 111
0.28631837555255024 0.28094029355817873 111
0.28765641705327166 0.29060560248231465 111
0.2892750048892747 0.2670922423199493 111
0.2824409684101271 0.269343093479543 111
0.2866903021403465 0.28350221528041514 111
0.2909276095052348 0.27818260977421044 111
0.2888741205137645 0.2823600297465885 111
0.28401013229808564 0.2671340803871486 111
0.28471475781900185 0.2865600072513392 111
0.28616252779076523 0.2721433619740211 111
0.2889661873381308 0.2698402797625632 111
0.28858436240454205 0.28603207507103834 111
0.2901810130590406 0.2541832709421746 111
0.2906403922059432 0.2797247647259138 111
0.2879444295096506 0.27139692476441535 111
0.2925742231401062 0.2881001113218671 111
0.2852498858843656 0.2710461820115947 111
0.2916598301892541 0.28695609491791285 111
0.289265210324974 0.2813089986688381 111
0.2884678723621081 0.2781498513460514 111
0.2890065315002673 0.2892856505886881 111
0.286760137253162 0.28579037387673456 111
0.290869415972537 0.27566066939022793 111
0.29161634495558647 0.2973609538178615 111
0.2888418690824457 0.2844469933605046 111
0.287724149233973 0.26640154812004446 111
0.2924713002175352 0.29110082605914933 111
0.2891232036846686 0.2847178636489737 111
0.29029831820053964 0.2970329611140513 111
0.2862096416231593 0.3000365425876837 111
0.28625257847755 0.2765134447993747 111
0.2865203009896083 0.2576673390736662 111
0.29057121351224274 0.2740977494945453 111
0.28876954951682987 0.28559638571925244 111
0.2854316293429141 0.28007673867955013 111
0.2895302994235451 0.28815369312499295 111
0.28916573426259434 0.2846982844235216 111
0.2936964638643832 0.30102243900287323 111
0.29120640117888774 0.2837951727744116 111
0.28971013349891056 0.2693404771449849 111
0.2889581687224064 0.2766333426684261 111
0.28683361681377884 0.28262013031681016 111
0.29269240668487795 0.283179266732331 111
0.29149885570287026 0.2908700152832841 111
0.2860188820115425 0.2637530400755698 111
0.29102444386582493 0.2762875797400109 111
0.2873064665885247 0.2856149602095129 111
0.29153345754535115 0.2752271646408805 111
0.2877151632328059 0.2732030014428663 111
0.28794745842109687 0.2626724615781804 111
0.2913825490263637 0.2898617901808066 111
0.2935658080066705 0.2866663332220907 111
0.29001429215083446 0.28102691832761045 111
0.2863939664517709 0.2822977619680508 111
0.2879874545455319 0.2836901094781954 111
0.2897733840497439 0.2800820423610897 111
0.29267920968205136 0.29537677409569013 111
0.29045422152902317 0.28700026085458996 111
0.2932309104776244 0.28481105712574994 111
0.28361506503402895 0.26844489098907837 111
0.29043092767694345 0.2767678238853971 111
0.2887459863662993 0.29727737685160066 111
0.29083889100853216 0.2692748374636683 111
0.28744860180978105 0.27517211502649525 111
0.29040371374993573 0.2821026861509669 111
0.2876881153051801 0.2818449316726428 111
0.2903677445737693 0.2904600174694498 111
0.2883506896387967 0.2739288164280688 111
0.2863594978156111 0.28281957400225083 111
0.2873588364883265 0.2914482032349042 111
0.2889821588393828 0.2750890688393923 111
0.28370940119694693 0.26630483359462465 111
0.2914247109534202 0.2963855232752983 111
0.2887496873565407 0.27608730278171056 111
0.2912975884792205 0.278987323016672 111
0.29109840064284104 0.27970922573979823 111
0.2912886802993125 0.2686234163578879 111
0.2926654198591506 0.2942705860759157 111
0.2906429312587761 0.2757070036605347 111
0.29292466320429694 0.2755278764338584 111
0.28666165341181205 0.28253957679961433 111
0.2851771493798291 0.28264890873133525 111
0.28467254442544265 0.2790398206226087 111
0.28785626134982667 0.2776658671732694 111
0.2915672227701443 0.2903310700014886 111
0.2877097323889262 0.26618556830012513 111
0.2874575902564281 0.26860379213295954 111
0.29098294675046293 0.277390429836603 111
0.2872681657509817 0.28610458051837373 111
0.28814521841106433 0.26291895308669017 111
0.2891178636769141 0.29387734428989865 111
0.28594665718047274 0.2874141538960971 111
0.29004086425857595 0.2771807514205794 111
0.291477039092699 0.2793603786176668 111
0.2888898160231213 0.27252814015801385 111
0.28793881925894377 0.2850080080364418 111
0.2921278213467131 0.28874538873740346 111
0.29035826560358036 0.2841340115702917 111
0.2898663436301741 0.2774142145025965 111
0.2865185547257749 0.26147881436442405 111
0.2870061225388891 0.282094617300845 111
0.29023376702395765 0.2622674250243164 111
0.28825745931853725 0.2907689591685041 111
0.2882448658584024 0.2685744258511493 111
0.2880153603441089 0.28608567200907764 111
0.2920540006886399 0.29507617600385616 111
0.29122341994339557 0.27684673767381907 111
0.28771437760689833 0.2870746680965608 111
0.28943312896485984 0.26964710440350437 111
0.28913721417038735 0.26636815720267276 111
0.2904101165128929 0.2774243052289971 111
0.28833179345168397 0.272867943934673 111
0.28628415129150797 0.2694250783938133 111
0.2877625975429847 0.2692794605972685 111
0.2884316145990267 0.262079681134942 111
0.2851341572509129 0.26109311548355685 111
0.2823550436779228 0.27766701460422794 111
0.2838345436368571 0.2595077086739959 111
0.29113188134356205 0.2830709787493161 111
0.2865151010905151 0.28088917149466486 111
