training...
0.20170318652167318 0.1752004486336407 111
0.25585005153375096 0.22375646272799055 111
0.27721488307556624 0.2525745251708162 111
0.29749105558061484 0.27501624876144104 111
0.3038997104049198 0.28966429583760095 111
0.30432354665371647 0.29879816646125146 111
0.31453892064294486 0.3144041311925713 111
0.31511815696394335 0.2941452833952264 111
0.3099267582929575 0.3038545204560536 111
0.32649077933244386 0.3256603931749625 111
0.3246808357649733 0.3448187513936886 111
0.33205099797374926 0.3265917084167901 111
0.33564366856068784 0.3359873975078347 111
0.32966523171753714 0.33315079773717426 111
0.33810162319945614 0.3468437453439315 111
0.32332844739325145 0.2962409789282305 111
0.3287979183985299 0.3249145197285236 111
0.34875945852597606 0.3553916318907644 111
0.34362902453813465 0.34915770316329103 111
0.33659361991283593 0.3410400535121242 111
