training...
0.05963663461687392 0.016031389274466182 111
0.08643313311645495 0.03486383755666036 111
0.11134853050040727 0.07175828745195477 111
0.13349858059979614 0.09506748058946476 111
0.13697423781827534 0.09428933159771848 111
0.1663053350228997 0.12122910656289196 111
0.15161535772312362 0.11599951765825917 111
0.16910200723620514 0.12879378887064105 111
0.1692194528052335 0.12484905220274238 111
0.18097808066602117 0.1400479300066007 111
0.1871114166273129 0.15990324992557264 111
0.18996522823378745 0.16499878582661281 111
0.19365106108744903 0.1727078978930819 111
0.20046846818205408 0.1763613573276108 111
0.19982708774049093 0.17502145747023526 111
0.20022369014053923 0.17736285166640622 111
0.19895409826639804 0.16339329045097523 111
0.20244153976364668 0.17076551717591154 111
0.20464265884852378 0.18877714427077952 111
0.21507066370802158 0.1866705498272366 111
0.21191361844456832 0.19390416112117087 111
0.21644725443886342 0.19808400402557946 111
0.21295266253977535 0.1967165780462423 111
0.22300375704469938 0.20296321343102716 111
0.21918115949570263 0.19775926948302586 111
0.21537140661157733 0.20047521614982236 111
0.21344165881761437 0.19596606008496692 111
0.2242536487490234 0.21161839841606828 111
0.22941251685234443 0.22421095182190737 111
0.22232984568973577 0.20380871460482392 111
0.22757550512115823 0.21268215699761778 111
0.23029408678877708 0.22018232289960474 111
0.22849842425522582 0.2116986013460939 111
0.22970445338934975 0.2130626742131508 111
0.23832260113173626 0.22432325266514283 111
0.24403907932445507 0.2216898509862436 111
0.2389036137053009 0.23945722037534486 111
0.2346212171707576 0.21479095996134606 111
0.23822432561430307 0.23497856746727733 111
0.24193771996381086 0.24489716375886414 111
0.2405158357226781 0.2262654557652453 111
0.23996867983002404 0.23080265560670718 111
0.23573871673327446 0.2344260463825272 111
0.24589277514735616 0.25467335418015136 111
0.244537378043504 0.23022953534117319 111
0.24229418541753092 0.23379921632125333 111
0.24963906893252452 0.2329837493525999 111
0.24372030377016343 0.24636994566283646 111
0.24527223267178733 0.22518735006720814 111
0.24560536426000257 0.23641596166528434 111
0.2475625465678383 0.22546951949047636 111
0.25200191235712527 0.26056563781465214 111
0.24470209396953518 0.2332424267284291 111
0.24976012131511155 0.2533459919810603 111
0.24655289591102547 0.23654492285420262 111
0.2485918467666074 0.23325233190947256 111
0.24430440629945183 0.2359291023652548 111
0.2544825559989777 0.243046541836554 111
0.24986480712000414 0.2279123472020093 111
0.2477376434001236 0.24542568052237212 111
0.2455550254986733 0.2244909558295454 111
0.2440397059571405 0.20863510157557072 111
0.2500295067159238 0.23126274080933104 111
0.24828732713909216 0.2392021454892633 111
0.2532779039976551 0.25204317275373317 111
0.25629296217440806 0.25849100008506753 111
0.2553625358004923 0.23227820613936076 111
0.2532167966755104 0.24191819125672057 111
0.2547653385611302 0.2560870798390103 111
0.2531585042816424 0.2441432078302042 111
0.2548570744454232 0.2532172117970413 111
0.2532785596959256 0.2285982128362278 111
0.26255789784245265 0.27598982962182045 111
0.2515841038907122 0.25524891519057646 111
0.25095461792855867 0.2342158958333678 111
0.25631245051505164 0.24882958261799185 111
0.25472699124851805 0.2262017161502953 111
0.24916453552269738 0.22993792315484277 111
0.25619631742418975 0.2505988360424258 111
0.25850734865206376 0.2461674442646808 111
0.26275039854496546 0.2762550242776079 111
0.2474768726959845 0.2353664950625481 111
0.25806670671948223 0.24315372433937038 111
0.25648145408849565 0.24254094346456406 111
0.26267095721772127 0.25775249514210696 111
0.25611937758733894 0.23632783946020164 111
0.26228868256463106 0.2610909668425046 111
0.25944863142330327 0.255378082159615 111
0.26024003465656803 0.25547415705548737 111
0.2663434931243512 0.2606298554016139 111
0.26280212264275654 0.24899131395964944 111
0.2557047568319287 0.2341857649849316 111
0.2597791418621851 0.2513581482460401 111
0.25893885227588426 0.2561192236049333 111
0.2644234365904208 0.2535434348371201 111
0.26304181017742256 0.25688238353186393 111
0.25417997244120943 0.2530110896004419 111
0.2572551119966652 0.24732975882506433 111
0.2603384148480732 0.25576464589137166 111
0.25834573706267566 0.25027988923320854 111
0.2608241176205775 0.24537169128824174 111
0.2630381735824506 0.25476750975181206 111
0.26080228224776225 0.24186503060767453 111
0.2704437137827197 0.28314996612846755 111
0.2558202047326219 0.2432379599737677 111
0.2621441010791099 0.26310519164612467 111
0.26555980296127996 0.268575827529635 111
0.25967444242857224 0.2602572563687731 111
0.26237279255390944 0.2571598834804566 111
0.25970639916740784 0.25343412304933033 111
0.26064654252146385 0.2487867431621318 111
0.2668746388027269 0.27237954654071 111
0.2598050505115459 0.2340544771075566 111
0.2611569361244308 0.2506664114137038 111
0.264584111899419 0.25402966704295227 111
0.2629245482675539 0.2401183726045032 111
0.26639752571927244 0.2636820856835818 111
0.26509173466521735 0.245792752771511 111
0.2676440337506287 0.26535342027190506 111
0.26705986882893307 0.25387168269758026 111
0.2610661108484695 0.2440242047675432 111
0.25815549386576053 0.2558960741324003 111
0.2622788094700769 0.2527686836377218 111
0.26880748703713614 0.2599814484023727 111
0.2582396205075192 0.24269972554629635 111
0.2651247265155102 0.2518118962521503 111
0.26549782851808645 0.24071647548178754 111
0.2641410190765932 0.26837036395302255 111
0.26689559114044037 0.2501635051949377 111
0.26220569779742325 0.24576979944013755 111
0.27029742735159906 0.2527818632168358 111
0.2610827636952042 0.24967865268331807 111
0.25980418619305623 0.23042108435491573 111
0.262106950874439 0.26165246500851264 111
0.26536628873210744 0.25829687473708707 111
0.2667347519592499 0.24809570754361213 111
0.2663974726744536 0.25080788490012823 111
0.26546313790778164 0.2573298434326596 111
0.2703732258939632 0.25623737681055353 111
0.2688246041670387 0.24809191653362028 111
0.26338103993276796 0.2596435397579977 111
0.265391772233998 0.2680416540111894 111
0.2659215885792978 0.2391829640570686 111
0.26571166489406145 0.26432334225168486 111
0.2623421045569801 0.24402993716486127 111
0.2699670944236347 0.25865199824340857 111
0.26902128607055675 0.2697574922466972 111
0.2620485961665775 0.25400529356304014 111
0.2665289882054082 0.2555358366654012 111
0.2670796539193531 0.24423187463433316 111
0.2658014180306384 0.2537078290188893 111
0.2628989000777381 0.24087346589347414 111
0.2607509161654321 0.23834944854365536 111
0.26612282592003894 0.24848907356439268 111
0.2643601734860546 0.2504273825914147 111
0.27162327662129226 0.2676408928097349 111
0.26907533923153715 0.24759686978455306 111
0.2659353385443195 0.26049216095903444 111
0.27241019162470914 0.2646335686854638 111
0.26299055256010584 0.23917951625750047 111
0.2688873813026799 0.249857448008011 111
0.2597906967846465 0.2363255241957381 111
0.26597479386225537 0.25105763925753877 111
0.27251405445675686 0.2703648360465529 111
0.26508527173235913 0.25642473891083883 111
0.2669885843706323 0.26365039649361915 111
0.264527308640484 0.24418603779389303 111
0.26589612740456725 0.2542196641920568 111
0.27217887176257044 0.270700904861539 111
0.2722001254344332 0.2553575124042147 111
0.2680790485887096 0.2701774576197632 111
0.271731418271226 0.26317547610612224 111
0.2700469570646074 0.2667031142650596 111
0.2670620155575167 0.25751341206122513 111
0.2698685035423124 0.2639791593287187 111
0.27014161356408056 0.2700889760993087 111
0.2691961130057425 0.2697538109862392 111
0.2714867176411045 0.2607575649588168 111
0.2708135597698801 0.26175490946127955 111
0.26804261098910526 0.24790375061835773 111
0.26638075778232195 0.2619716086108607 111
0.27071996061166953 0.25938235657059244 111
0.2736437561917109 0.27938688374788256 111
0.26767769311978623 0.24716383926216748 111
0.26521574981067925 0.2574542613985561 111
0.27503736576600096 0.2616412369502156 111
0.2726331880590942 0.2592602267949913 111
0.27006788205813265 0.26382403677767235 111
0.26900827767745 0.2636731242073628 111
0.2728150698391984 0.25569520341749885 111
0.2696548928570441 0.2726914521477677 111
0.2738648541599541 0.26370266211583 111
0.2689877799427724 0.26592808118450456 111
0.26592052907669195 0.258285872360089 111
0.26565011323763976 0.25890946236382495 111
0.27161222478021774 0.26653967061915995 111
0.2690257312710592 0.2720779070091687 111
0.271691312128227 0.2702237489975898 111
0.2730368943876312 0.26547590665067394 111
0.2766559936468224 0.2813960271093264 111
0.27485675966432815 0.2733057949062764 111
0.2731549150508018 0.24665880114530472 111
0.275192639911632 0.26851222471747305 111
0.27041935204153617 0.25992775298705206 111
0.2711079726708937 0.2456159264102586 111
0.27178449131276716 0.2682631350240543 111
0.26773128858614104 0.2745152951041461 111
0.270906958290489 0.24355063237076388 111
0.26814916181446563 0.24708354542145422 111
0.27109163975226885 0.2603229931523354 111
