training...
0.10643820477753206 0.06217435644806036 111
0.1377186047929949 0.08451040337107847 111
0.15877376548576125 0.11342070078429112 111
0.1819340128610433 0.14672986301156354 111
0.18769492412701075 0.16467543674298069 111
0.19769850639836387 0.16215034049994714 111
0.18858716870968364 0.15339312258067134 111
0.20209736499050715 0.17599355458373706 111
0.20875526785888734 0.1768001004757698 111
0.20837122637050487 0.18840633066638832 111
0.2137207296549457 0.20005953435375692 111
0.22085529838316958 0.20829616958211636 111
0.22082582828547762 0.1931926413019798 111
0.2237516850219534 0.19276662779723847 111
0.22605128628333396 0.21461056273794898 111
0.22508969281124513 0.2068506871053733 111
0.23667475743045308 0.22548096934853257 111
0.23271624426723742 0.20029265942345625 111
0.23868617115466487 0.20364853857231005 111
0.24326664403868412 0.218984597668006 111
0.24278175674707977 0.2233123489238558 111
0.24271727494920498 0.233254062678698 111
0.24283986152410578 0.2193003157196486 111
0.24805556531799747 0.22573388379711046 111
0.24540812597123113 0.23199354916529155 111
0.24850056535066462 0.2148613776830586 111
0.24761994293641096 0.20869384773889535 111
0.24742321101159423 0.2259445816724642 111
0.2562325487261435 0.24295004184235522 111
0.25153475123635943 0.22369835097209542 111
0.25867122633144335 0.24521650134169556 111
0.2558289339481432 0.22587457588724935 111
0.2531996400273589 0.21630254915331196 111
0.2557760054253737 0.24247724529280815 111
0.25931989899981933 0.262824636485486 111
0.26370177421098384 0.26036286574667294 111
0.2622585238876597 0.2508166943083392 111
0.26315654040303443 0.24901904671688677 111
0.26338604410062055 0.23707596287088836 111
0.2628272574832307 0.22526987942372145 111
0.2579882993154499 0.23995397906045496 111
0.25583752295709816 0.2201554976541406 111
0.25963990735854786 0.232234308781422 111
0.26324218528316956 0.2404634683846279 111
0.2582843783271363 0.2345994508599824 111
0.26617401125813145 0.24430667328389405 111
0.2692386896517687 0.24289528889595577 111
0.26522522938386783 0.24347041803925953 111
0.2622049068073964 0.24033796336778493 111
0.264444881973137 0.2341463133246473 111
0.26444988692374055 0.2429367163235619 111
0.2674714648987991 0.27214768042925896 111
0.2643225911543416 0.24784892732620403 111
0.264068121764783 0.2554174374352786 111
0.2687097906041231 0.25054788451806337 111
0.2634355157460219 0.23429526126260042 111
0.2650175673553201 0.24389268018656776 111
0.27129704675046906 0.26232124413883606 111
0.2660716209136814 0.2516497658674846 111
0.2620951823457505 0.24622864308465078 111
0.2608749919551101 0.2435123844321716 111
0.26351318813997404 0.2546027434010796 111
0.2686793748368351 0.2711330606326578 111
0.26478288644353953 0.2514962176451991 111
0.2693166171388819 0.2453574462272719 111
0.27471019972867544 0.24969283816008062 111
0.26849858665787985 0.2483092085268779 111
0.2682465840467275 0.2602609033458691 111
0.2740256266768261 0.2599040013008158 111
0.27150450083495414 0.2670154118042098 111
0.2710845477242207 0.2510367125574191 111
0.27429625125993257 0.2433477393264998 111
0.27430765062804036 0.26840056664490136 111
0.26562370602869756 0.22942874299252647 111
0.27211963742909606 0.2567963344145545 111
0.2716420580892015 0.2593584106059277 111
0.27360513688337784 0.2620001589378908 111
0.26754228048577977 0.24326888008838843 111
0.2753462892476229 0.24866899769224005 111
0.26925638674914726 0.2682550879803626 111
0.27480266479820065 0.2686023854293371 111
0.266622836635338 0.2559914853565305 111
0.276212761690343 0.2749054887544731 111
0.2754483788582744 0.28285029885245233 111
0.2787765183720504 0.268635208627805 111
0.27476202054235793 0.2599561234015567 111
0.27436768151354307 0.2734388827157795 111
0.27639647192490246 0.2781918531879029 111
0.27626870119884817 0.2838097419752239 111
0.2753304384314961 0.2694374351839113 111
0.27511446832966496 0.2742542254837348 111
0.2747721774336238 0.2722653480691011 111
0.27348420913391686 0.2774974631449316 111
0.27569527897179263 0.2653441044835315 111
0.27652195208698843 0.267054228285535 111
0.27916022409926383 0.28838841928226483 111
0.2718628566773859 0.2625135017480327 111
0.2742197160084379 0.27498219204190505 111
0.27943854092320447 0.275796072721741 111
0.27860504009019066 0.2752852370430733 111
0.27871780491563225 0.28391532362137395 111
0.27872112061804305 0.27699588756925303 111
0.2745731568752997 0.26948229261331885 111
0.2853681521547667 0.30573039102342237 111
0.2765349003587529 0.2839535462800592 111
0.27741869237403366 0.28017027587203736 111
0.2755436477454675 0.27375952975379897 111
0.27360693703233246 0.2770692021892863 111
0.2788160164518046 0.29792231675902336 111
0.2776105894772876 0.2585538206497661 111
0.27280213192077124 0.25568252108170303 111
0.28123914195970495 0.26502862910488645 111
0.28015302668865943 0.2790338186875885 111
0.2738459223836393 0.2735497694381388 111
0.27616240872349995 0.28206314071821437 111
0.2773417848850032 0.2784111746903057 111
0.279229231225772 0.2960461086169308 111
0.28075311460277297 0.2801427740560545 111
0.28160994282856494 0.2748877608799038 111
0.27908939914006564 0.2459196857286028 111
0.2760971655544599 0.2832136679841631 111
0.27450775055439147 0.26481866383929453 111
0.2808197782961078 0.28288554870067384 111
0.28522500482124274 0.29298236466859795 111
0.2720925459832899 0.2569956268146801 111
0.27895629952273626 0.27691725131201944 111
0.2783748206331735 0.28286904190176215 111
0.27411164885504563 0.2737712475267267 111
0.28116189357397203 0.278334662591283 111
0.2748381600544493 0.26368383152764535 111
0.2820269292185083 0.28652509724884967 111
0.2818726194108566 0.28893709588942984 111
0.2771491666632654 0.25873562399509686 111
0.27899787198134246 0.26729063851299234 111
0.27416842789554574 0.2654957390179535 111
0.2820097403854865 0.2821658779421667 111
0.2800142056578435 0.27756028851701287 111
0.27971441209450415 0.26546240177985014 111
0.28180545054486494 0.28026266331136557 111
0.2843163612105949 0.26834142073755146 111
0.28347340631000184 0.28996890881606746 111
0.2819255093281721 0.2861762120558134 111
0.27913691299648463 0.2861701558593019 111
0.2800614369340322 0.2836869208523226 111
0.2784605565718737 0.2819663186192088 111
0.2818484562777125 0.27176432421098656 111
0.2852912656988675 0.2950474952898909 111
0.2800844338591944 0.28102077067817777 111
0.2779480501711744 0.271726873709951 111
0.2804307504705066 0.26258794818758546 111
0.28264998081266257 0.29254324949033145 111
0.28165611873899016 0.29259316381329664 111
0.2775364554599677 0.2643468308408155 111
0.28024136601088934 0.29390273461055416 111
0.2776221113155988 0.28372656974619526 111
0.2824197485243304 0.3015022377681895 111
0.2800596476149783 0.28959701055231635 111
0.27569263308682795 0.2871780559800064 111
0.281662070017002 0.2588875801595465 111
0.2801354918657403 0.28423370685949484 111
0.28230507617715883 0.296817480293112 111
0.28011012951201164 0.29860160212469794 111
0.283276106102402 0.2890994142798349 111
0.2854197015861243 0.2927317356298464 111
0.278289502455037 0.27671045721056975 111
0.2841016331589906 0.2883473248979771 111
0.27674615578617406 0.27669381789804964 111
0.2793087389814621 0.24835926997790111 111
0.2868169902414468 0.2921044150066973 111
0.2805978214231266 0.27649139458915817 111
0.28177114402850034 0.2814500414896164 111
0.2862906518798021 0.3089453921560248 111
0.28154275209782714 0.27218974887883196 111
0.2786840279954472 0.2779831030414437 111
0.28146247432043575 0.2786256704815705 111
0.2775536191879807 0.2724708495653005 111
0.27917498268532864 0.28176808366692235 111
0.2851346411810505 0.2808496843716353 111
0.2830553598423591 0.2894433414240361 111
0.2805021825477888 0.26290612624116483 111
0.28049976099747886 0.29275860127838604 111
0.2822858846942695 0.2803631223545384 111
0.28417915008470546 0.30847474652373835 111
0.2807184262680023 0.2842383141254711 111
0.28284867114735773 0.27978608037139374 111
0.2866153217363777 0.2809758683839984 111
0.28541812915228143 0.29413834819792634 111
0.27879437889587644 0.2900290156115222 111
0.2844071148053811 0.2828876687580447 111
0.28536731354723166 0.30299703060348415 111
0.2824105393614617 0.2929484757199983 111
0.2838220959854988 0.29118222439770114 111
0.28493694802036684 0.29655059343996565 111
0.2783994581615134 0.28616156518836183 111
0.2816371228767664 0.27849561600703643 111
0.28564344618029464 0.28588118421551934 111
0.2834590769559264 0.2876245329879849 111
0.28568941841485745 0.2897335475354798 111
0.28397096264017035 0.2712317227803745 111
0.2867031984653933 0.29367609572417175 111
