training...
0.16305992997101287 0.12476811288633537 111
0.23289465212013064 0.18168523206741055 111
0.255615292435652 0.2352331491422281 111
0.27546601439749435 0.2693011097657515 111
0.2744254247301421 0.27028068475676587 111
0.282192157642696 0.28859141348969597 111
0.28248200423001496 0.28306901900870507 111
0.2913670102273031 0.28062602488324667 111
0.2807685395757284 0.2725419888378566 111
0.2922973319879962 0.2671747206793666 111
0.29639391504085594 0.2898589491494404 111
0.29110857438394366 0.28356552312598526 111
0.3000342594478236 0.2981226070363603 111
0.2961204944976943 0.2745679492035495 111
0.3042836078521848 0.30315179533281056 111
0.2967391036122698 0.28498194848574765 111
0.29131003680346856 0.29579833023911833 111
0.30340854576332227 0.3009149362650284 111
0.30368261335597246 0.3117256119653219 111
0.30010040426713824 0.30066169555792305 111
