training...
0.2936085576375497 0.20145041346850814 99
0.33572416752935325 0.2484635063481768 99
0.3417354900923599 0.27959506198626877 99
0.35154393298560815 0.304245704956061 99
0.3640231565977601 0.3034387611861826 99
0.38341430564132145 0.34304608874360315 99
0.3885053442019134 0.3253989276030812 99
0.39367041354163734 0.3478496334757214 99
0.39348745744178326 0.33960532845728136 99
0.3949789910982062 0.34966844632364225 99
0.40324971726713765 0.3529591829146079 99
0.4082321357375212 0.35637930560493575 99
0.41321559305403066 0.4034035688508935 99
0.41391550899357604 0.3895669051735174 99
0.41535766528769635 0.3630229636837323 99
0.42043015875918066 0.39540486760825905 99
0.42899029664370447 0.38975748130941545 99
0.4338261953880123 0.40063895368245134 99
0.4198858091448984 0.3577367204465835 99
0.4321100791582181 0.42434939991423215 99
0.4319437719271613 0.41120918041865484 99
0.4318555310846613 0.4102728626433947 99
0.432571172497583 0.4010690165125955 99
0.44043766345955576 0.402425960019626 99
0.42884103839194115 0.3785192279055306 99
0.42232153728391814 0.3760001191594961 99
0.4380229914729243 0.4065157994099046 99
0.4331964271476151 0.41317606000338275 99
0.43229151351762957 0.3878189526148007 99
0.43015249886328616 0.3771430083567786 99
0.4507539019374331 0.4430444871729534 99
0.4340079517036155 0.3811142053214799 99
0.4364156834558437 0.4067624290573124 99
0.447638291152449 0.40813596189371776 99
0.4409917131424944 0.3971141321952778 99
0.41979155379436 0.382400773022724 99
0.4478319637123984 0.4262745573824627 99
0.43895280670628173 0.4082388451469497 99
0.4425097052270213 0.3996925153437185 99
0.44012864279026276 0.3950804318940074 99
