training...
0.10193780865347685 0.05262522063493535 111
0.15943332011039962 0.11881913705981696 111
0.177750482127685 0.15003052209522308 111
0.19614742573800154 0.17484872722000025 111
0.21747802959713303 0.20217897615330502 111
0.2186263560718312 0.20417583441206186 111
0.21513713773755322 0.19343581116390707 111
0.2306072862759877 0.21611419878753482 111
0.2387422446378137 0.21904654532664117 111
0.24101140309666247 0.22598782114637614 111
0.2389904914927163 0.2522960800549714 111
0.2379949037571096 0.22592763103902486 111
0.24250177663084094 0.23413880315062663 111
0.24961561753385977 0.24099166594697205 111
0.2559473202853624 0.24008428466044868 111
0.24648225326465803 0.23062011693133977 111
0.25218466570051334 0.25007240288228827 111
0.2564592941303356 0.23499510551716105 111
0.2526898240905176 0.2538294302327618 111
0.26424141362416126 0.26184491332432613 111
0.2637824095218059 0.2726756842105869 111
0.2628393200260562 0.2538075854886986 111
0.2572603936296355 0.27881687306622555 111
0.2666960837366174 0.2653964603752546 111
0.2657134358998943 0.27302914753341234 111
0.26659771135087174 0.27655966772666896 111
0.2670027551316222 0.2574737124992126 111
0.26741283700052454 0.2696739155944374 111
0.2724676256576873 0.28818675879798006 111
0.26760147785073274 0.25651472202524195 111
0.26976632750821794 0.2713180889604194 111
0.26816501110812063 0.27127401282941005 111
0.26733133219194716 0.26801511923654 111
0.27003253637426794 0.25392391780968704 111
0.27030341977669337 0.282127794661289 111
0.27958472506894355 0.27388867850056114 111
0.2783260898869018 0.28361721852168265 111
0.27505734631023376 0.2699882498912041 111
0.2798476726744539 0.25990593050365846 111
0.27749251071531367 0.27791835982028856 111
0.27267829871525573 0.2642438575558681 111
0.27535743917119404 0.26476445554245853 111
0.28181710831391865 0.2766216466389919 111
0.2834067197520653 0.2803490699884943 111
0.27584056684208935 0.27694627653467174 111
0.2791626260505457 0.29337220931654195 111
0.2817342078725562 0.30429691336536563 111
0.28203907955506374 0.28614639710564616 111
0.2713332847384618 0.25677449646772466 111
0.2837736148170265 0.2797686794773226 111
0.2766957510584621 0.2731088902604828 111
0.2844993106374025 0.29966525218684986 111
0.2852982352739655 0.2871023759609678 111
0.2823954551169684 0.2860577708684989 111
0.2799278925130452 0.28014379472612005 111
0.28296250285752744 0.27896575161222353 111
0.2848523070737654 0.2718346696258725 111
0.28523689149416154 0.30119728873701446 111
0.2856894130382161 0.28691171395249104 111
0.2850089977960067 0.31102957953379934 111
0.28106432946900645 0.3021289424421451 111
0.2817516503401507 0.2830344336290815 111
0.28531905470839053 0.28548693527491836 111
0.2853355817731312 0.292512577360406 111
0.29159869286314116 0.29298601114730854 111
0.28922511846694854 0.29679854619020996 111
0.28794905722055547 0.27399930732452826 111
0.2854475276599585 0.27959193410156413 111
0.28846376332852997 0.29262326769660296 111
0.28561347947405763 0.2800079113526237 111
0.28931995982987707 0.2909164446731665 111
0.2859592605331089 0.2978037887403642 111
0.2875940300752187 0.2777782909444859 111
0.2898581935728634 0.27936593773062807 111
0.287631795842586 0.30372746106802867 111
0.284998128842607 0.2965147283749823 111
0.2909655212428841 0.28549588779010837 111
0.2886153876264277 0.27713990751938966 111
0.2911202310161505 0.28625333331983677 111
0.2869054069856809 0.2849993525157868 111
0.2869748754347061 0.2697082400792244 111
0.29143167987215945 0.2949248431115216 111
0.2891323736938177 0.27533745269983295 111
0.29375306252159983 0.2921658034221456 111
0.2905924301424215 0.29813016376884294 111
0.2892780605065623 0.2977674760672776 111
0.29083903930730726 0.3061804676827462 111
0.29233408341335365 0.3156294601585508 111
0.2887243294184489 0.28181763270883486 111
0.2922523755954878 0.30088578087912266 111
0.2885706749339738 0.2978596507575051 111
0.29024428287560083 0.3047368088692781 111
0.2924157969651141 0.3092150671109982 111
0.2876366173275968 0.30140278991599423 111
0.29167860420138264 0.28632309737261874 111
0.29240529755361155 0.31235287707443277 111
0.2903230718469178 0.2860528692813558 111
0.28975272702372024 0.2834581540053701 111
0.29255657343708996 0.30562620343258246 111
0.2904322789239545 0.2805896097012184 111
