training...
0.22956085636115264 0.15523027555187355 97
0.26130422529160485 0.21290278514271804 97
0.2781749673529602 0.2361828712393709 97
0.29273032993002646 0.2701278219304629 97
0.3190976749955098 0.278450789537586 97
0.3188603588972063 0.29445949582424197 97
0.3369785941400941 0.30768234580578807 97
0.359806486007755 0.3355090733468572 97
0.36149374934237266 0.35629294955604196 97
0.35909188396983305 0.318799604748624 97
0.35546438671975533 0.32330259096129593 97
0.38032390010044925 0.36795164096197447 97
0.38606933083740813 0.35574645115068726 97
0.3662566174454232 0.35163887636028496 97
0.36723037461151736 0.3604669503079613 97
0.38280506153355326 0.3585762521542034 97
0.3757385263390393 0.3632645362647217 97
0.3849905300444194 0.3462262549868257 97
0.3863200981656282 0.34611175389704735 97
0.3977047479700826 0.3745450301269007 97
0.38976887401071836 0.3750591321940679 97
0.39914679660385777 0.3712238483913609 97
0.3889224327516489 0.3622117117409088 97
0.39174827550757896 0.3799552883005031 97
0.38422054591180543 0.35758139360469665 97
0.4009017664247837 0.37322906806966694 97
0.39621283987244627 0.3757522569482921 97
0.38288266963691875 0.34170724829382015 97
0.38773693230610967 0.3676882861767516 97
0.39010067129085485 0.36190742341064563 97
0.3972023793392661 0.36365692087747936 97
0.37752477490187786 0.3375288237143671 97
0.38822667320190396 0.3651700724035985 97
0.39498852864636896 0.33451787691038803 97
0.38621178788934124 0.3927196422389904 97
0.3839208869949666 0.34470755321842883 97
0.38038812682965717 0.35830876410350976 97
0.39109301969534105 0.35454586227588486 97
0.37855010374657333 0.3346167586792774 97
0.4011408130279628 0.3739561671804395 97
