training...
0.24296547269254498 0.17668606866704714 97
0.25956493687059723 0.25305950784458353 97
0.2774839876782506 0.23390283967822423 97
0.3046062030604064 0.25729199933428126 97
0.31483426098968326 0.2981688185366342 97
0.32499505981047583 0.27382028584248624 97
0.3374929796019619 0.336580966452485 97
0.3536083283874256 0.3150265946791403 97
0.36228273574057623 0.31504355190995925 97
0.3574262676705684 0.3524138579480994 97
0.3730262212652559 0.328714124895262 97
0.36693243272841136 0.34848077081243706 97
0.38162788168690626 0.4149893248644357 97
0.38829188179940455 0.36443593792616974 97
0.3950337309383942 0.3833182405637178 97
0.38953073474066596 0.36202477567716973 97
0.3958101305417108 0.39394588192267466 97
0.38891234830085486 0.39393206800880215 97
0.39323031502643263 0.37148688209521163 97
0.3910754466609063 0.3807678328058235 97
0.39644577520176044 0.383754405294485 97
0.3967301969407674 0.3865669509416704 97
0.40194051824241694 0.38951112735814225 97
0.3923124955992439 0.369182234961496 97
0.3957826791941687 0.4048523267299207 97
0.38419824974502215 0.3364631753151515 97
0.40217394059800776 0.360889717382537 97
0.39146403065724245 0.3584675788918631 97
0.3911575860827868 0.3591219365984151 97
0.3783856687597663 0.3611106779160684 97
0.4019110077144993 0.39165539275296973 97
0.39943106159157704 0.3966620219967645 97
0.38479642542393505 0.34885125653372584 97
0.3866889059291556 0.34070690803746884 97
0.39873934720322707 0.3630620644331541 97
0.4055772204973141 0.36889117270812855 97
0.39286105144657396 0.36208081565691624 97
0.382341026281452 0.3372010674386937 97
0.38641209499408163 0.3398383102298278 97
0.39969107767635687 0.3430257707740349 97
