training...
0.09376809141009594 0.04505657562379221 111
0.16077747221760907 0.11926515432900697 111
0.18137573903356788 0.14645280919900963 111
0.19281852550499393 0.1691358618676712 111
0.2134947707876046 0.19100948078482147 111
0.21468494154347526 0.20274369386632468 111
0.21609167604869142 0.19241644189060672 111
0.230472857148358 0.22075093433352433 111
0.23017856323869432 0.2246829232727595 111
0.235144801099213 0.22660037482482584 111
0.23927320591418527 0.22894134612167566 111
0.24354127261253875 0.23795119733180864 111
0.24256937923204971 0.23545676806899818 111
0.2503777413312664 0.23529505406740323 111
0.25287780661495046 0.24444534529310813 111
0.2515031266402811 0.24808875530851088 111
0.2528653990378404 0.23437990360913635 111
0.25722778928133827 0.2416470178225434 111
0.25375700174543664 0.24692685223241526 111
0.2607437345204542 0.2425117295964683 111
0.2609450863789923 0.2520843444583187 111
0.2672891481745888 0.27116603066585504 111
0.257407437609581 0.2448322396343414 111
0.26973038896512663 0.25939923122539804 111
0.27017515392323066 0.27315255522544424 111
0.2679965303827043 0.2538563399100468 111
0.26766820937524394 0.26613363087313785 111
0.2690452954380472 0.26225375606942275 111
0.27205309357650864 0.26330189954175637 111
0.26736055587352375 0.23906207743783267 111
0.2700341766240612 0.23929911253025643 111
0.2763778228303874 0.2602077164880662 111
0.27165082257069545 0.24601425507327032 111
0.2716496411233476 0.25188534948234065 111
0.2777451879596693 0.2757211897061994 111
0.27885236369821914 0.26734446877220286 111
0.2803281958252541 0.25941397761473933 111
0.27779641075192674 0.24948160765408783 111
0.2779415775602685 0.2538250777438781 111
0.27428205405047607 0.26279587335594007 111
0.2751926497869864 0.26034781645520455 111
0.27536462191973465 0.2667234177633581 111
0.28090273649013403 0.24292139124266252 111
0.28551395631920506 0.26780872759691404 111
0.2775015190516438 0.25587943338724217 111
0.2834643085734417 0.2641349580513786 111
0.2803779903024543 0.2538378674706393 111
0.2799665735141986 0.25918109758667146 111
0.2803767184510623 0.2660523567140207 111
0.2838086952016046 0.2670733283093823 111
0.28033703422016587 0.25671982072380833 111
0.2841709402073733 0.2762919460982609 111
0.2772121903287749 0.2571259850411074 111
0.2827879217803879 0.2661668673079037 111
0.2821992156083159 0.27034497741858876 111
0.2870320762191335 0.27664400423619306 111
0.28313242582255416 0.2516472671008741 111
0.28288478490374663 0.27565948330313894 111
0.28672882598346777 0.2771408891606374 111
0.2910455939171502 0.28658984447167196 111
0.28171169956157094 0.2689196800438986 111
0.28318961170452905 0.2629389597074532 111
0.29037788322389424 0.27341332716107736 111
0.28483972772777055 0.26451461531246445 111
0.2856250628257202 0.2787643483258822 111
0.29117457595844015 0.2729641213429616 111
0.2857254614071461 0.2645285452940853 111
0.2815050790546956 0.25483170947954353 111
0.28787319137020684 0.2581820758366959 111
0.2897961993371638 0.2378885770179009 111
0.2868411997465724 0.2579378025710313 111
0.2842264716550935 0.2672993803826617 111
0.2889097183828955 0.2753127382508078 111
0.293724784072021 0.28134000188145936 111
0.28942680571753787 0.25911767715268025 111
0.2905827623680018 0.28905979391602704 111
0.2864625718087476 0.26526153301300137 111
0.2888483759506128 0.2673979360999904 111
0.29118979437922715 0.27053240192741834 111
0.29125267652227105 0.26652589568490026 111
0.292863752779901 0.2905405269661047 111
0.28575783336126725 0.27527558974670063 111
0.2929458534800116 0.26106264890404496 111
0.2919391939936866 0.273448406539129 111
0.28789244351243154 0.26360340898463475 111
0.2890177374573853 0.2712555937198574 111
0.28975947945669606 0.28066858890988955 111
0.29131135097827116 0.256413794846372 111
0.2914641193588416 0.263684983655842 111
0.28872760496279243 0.26683589246039086 111
0.28642655038345444 0.2548794673938897 111
0.29020979753870557 0.2843868549831246 111
0.29056646933947056 0.25798779126337595 111
0.2892600489177483 0.28884805359080734 111
0.2900296048939198 0.25439075619882195 111
0.29020865728577616 0.2574103303083781 111
0.291041209371613 0.25681169543184135 111
0.2883377689099701 0.26655895544059877 111
0.2889696499006622 0.25936212660655955 111
0.2895067139702896 0.26906564908525893 111
