training...
0.22326746211539084 0.10864146137270395 96
0.2530967372501851 0.1683330957804139 96
0.28932331506424935 0.19679986644841477 96
0.3070969495746541 0.24023435103912158 96
0.3104306664096884 0.25931720423937876 96
0.32885369730628594 0.27341404923704926 96
0.3266187730012663 0.22749923131646288 96
0.3534816353125536 0.28777417869969796 96
0.3641020362597534 0.3189460862982689 96
0.3583573423142938 0.31015113074345446 96
0.3803839888089651 0.32443438315094797 96
0.391038097789888 0.37036463573641415 96
0.4009860006870871 0.38600268980684693 96
0.40388387007695686 0.37813275527004453 96
0.40889101589556076 0.42866519079074283 96
0.4112241691112082 0.3958563181859984 96
0.4148832901965396 0.3890158746039769 96
0.41814755190387576 0.4657682520751714 96
0.41430176050029255 0.3946585394863107 96
0.42169026904854273 0.426921342903234 96
0.4258692452442405 0.45822235616605733 96
0.42561999206938017 0.41679354638783583 96
0.4290856570125105 0.4351200719004889 96
0.4281163303102749 0.4182949633671271 96
0.43311691338012936 0.4068392522226856 96
0.4360238900484532 0.43953491283596235 96
0.42658289973940994 0.42698770546308196 96
0.4448315596263844 0.41420272408757053 96
0.4280778232960061 0.4062356281190317 96
0.4309376608048006 0.4415848767966403 96
0.4316896044111926 0.4034284326138811 96
0.43432171365664834 0.42809593516321315 96
0.43598356358062756 0.40625959993015626 96
0.4341088685385018 0.4138594418209375 96
0.4319834241195701 0.4092133231429208 96
0.43474852288769145 0.44236708182918705 96
0.4360429908135659 0.4361500423209157 96
0.4448070335142 0.4396878801344621 96
0.444678781486395 0.4303487700263567 96
0.44101343077527694 0.4444408447576124 96
