training...
0.16839993513217244 0.10621562995475176 111
0.22001008634039879 0.17310448601520878 111
0.24830339566610213 0.23373672402668358 111
0.2586104539315102 0.2285839553648512 111
0.2676751478267683 0.26668786377895337 111
0.26942148946423944 0.26193112827249565 111
0.27459114449938177 0.2570968105941964 111
0.28642750472404443 0.27408718448428193 111
0.28089881370336767 0.28463835324405956 111
0.2822760627744948 0.26498238548959885 111
0.2885970697526591 0.2834467942864173 111
0.2871040283351214 0.2663789625416865 111
0.2983121534620157 0.2884006174855342 111
0.29454983298618387 0.2783692808064931 111
0.29530350556396834 0.2800126569390595 111
0.29938547684060196 0.295061486876616 111
0.2853502440647011 0.283274148201295 111
0.303389698453577 0.3000687236142595 111
0.29867193751328247 0.2984093260386332 111
0.29168956077424946 0.2958043074815838 111
