training...
0.2789772016400592 0.15554682901468786 96
0.29254580530234603 0.1955775191517763 96
0.30959988414108547 0.2009931076550248 96
0.3161402060444712 0.17599457540803673 96
0.3391001000714122 0.26860817699501616 96
0.3467712080370416 0.2852503650358128 96
0.3453477047683604 0.2937062693105061 96
0.36297727661011336 0.2969586547236097 96
0.3705627076305233 0.3159139196409442 96
0.37383277126901454 0.297615955262126 96
0.377086771983463 0.33804215519220415 96
0.3795127282121162 0.3221002911950991 96
0.3825181788649297 0.36521217582009324 96
0.3824111240563815 0.35755170152879867 96
0.3786927539757152 0.3612802668817794 96
0.3882449170168652 0.3661080756892548 96
0.39123244137534235 0.40908301976389255 96
0.39800219566380596 0.37552736737964354 96
0.3867802962842654 0.3758127409464625 96
0.38526843660704513 0.3501259652558907 96
0.39391212800740005 0.36991777975116613 96
0.3932655049275166 0.4161960164925506 96
0.3926979607377899 0.38216169588971016 96
0.39036517177289287 0.3607163886154209 96
0.3789535218389721 0.3320132365495666 96
0.39543410288852865 0.3725886783763093 96
0.38656554997119336 0.37304813640116186 96
0.39468855869637354 0.3627210783509872 96
0.3834104228444608 0.35137614921498767 96
0.3838389270374116 0.3818936282684713 96
0.3937544970800195 0.38103690785378597 96
0.40352729784433145 0.4300227781797731 96
0.40043200322456446 0.3976694131003538 96
0.39803220783972276 0.4218301637904636 96
0.39701659421649493 0.3958799844714844 96
0.39942008906790294 0.40403685835500364 96
0.39060133540036834 0.3703854707526032 96
0.38229982612649877 0.3543377380047789 96
0.39155891103470464 0.3771254528691844 96
0.3935436095618139 0.37088909876721043 96
