training...
0.1683218136631422 0.13629870199282562 111
0.2125904644093505 0.18425669076088133 111
0.24128142423743712 0.23941201530675058 111
0.2594117517825134 0.24252424403547154 111
0.26669672415790785 0.2655080214305783 111
0.27076700360426104 0.26684256728701533 111
0.2743154587811122 0.2588657815978574 111
0.28102341387992985 0.25552470867807997 111
0.2799647256660394 0.3033571418720864 111
0.28262644902578615 0.2817436155424296 111
0.29164884606062835 0.2992014994585446 111
0.2867591042074567 0.30117894583272004 111
0.29395751433449546 0.29532463174469753 111
0.28876604240756704 0.2824809025126833 111
0.2885808768936265 0.26890861989519366 111
0.28962778921632504 0.27316640122271857 111
0.28242553971438444 0.2746018457039446 111
0.29685418941405456 0.3086602266948073 111
0.29334618606387625 0.27563842004469696 111
0.29322948944751004 0.2864450349152486 111
