training...
0.0703718575300014 0.028689861797832825 111
0.06363100015138737 0.0140365056322404 111
0.09323573724210671 0.04115639461858553 111
0.10478766755286037 0.05359443196299209 111
0.12128320825060541 0.07709623274032933 111
0.15658844776539554 0.11412733030952468 111
0.13200053656038582 0.08514989643964717 111
0.16379037545885253 0.11265314358853759 111
0.1743583230773942 0.1342891633345575 111
0.18979231140740377 0.17265679595064926 111
0.1967572732326805 0.16749309880054014 111
0.20488560980562276 0.1857405712505454 111
0.2079439855771873 0.18426231040091898 111
0.21313139636400474 0.1995148830893061 111
0.22184358753401764 0.19380694368783552 111
0.21914812220557323 0.19789489289081813 111
0.22192297037891334 0.19433509239493174 111
0.2259972415103372 0.2034005161552692 111
0.22791540433042043 0.2108691382358384 111
0.23291763978564442 0.20489109873240635 111
0.23283962064542124 0.22429946399123257 111
0.23885410837878404 0.2287221936692945 111
0.23741966213027182 0.22305879617241833 111
0.23390358385250126 0.22387985583921832 111
0.23994508483220722 0.23852111799040632 111
0.2419308487561917 0.23679214921426217 111
0.2387662904851553 0.23390483776782883 111
0.25057254871833834 0.2561751652796308 111
0.24030724600007794 0.2398853210561978 111
0.24726479964956363 0.23954682896483176 111
0.250346572734297 0.24445045224041217 111
0.2527756069399296 0.2536579132594111 111
0.2512397706851538 0.2522046648776749 111
0.24919775355252366 0.23964039183400782 111
0.25412956287958693 0.2476847214458569 111
0.2526001783703417 0.24201742680884764 111
0.2597554624743709 0.25907719016961184 111
0.25988026212756193 0.25819736343737865 111
0.2551563846818095 0.26249266534923327 111
0.26297461046224435 0.2698254105557983 111
0.2600844943002482 0.26615557332471584 111
0.25726841302232606 0.24844556364114126 111
0.26467883884564936 0.24134289288983016 111
0.25949896359525054 0.26937247666163494 111
0.2586226330931011 0.24616045159256372 111
0.2643821023553438 0.26108850352611335 111
0.26620361083141275 0.26878743177763353 111
0.26593269854717055 0.2650924251912563 111
0.26283561175051307 0.27145817557481855 111
0.2675252894717756 0.2662364227233948 111
0.2623009263802921 0.26510763106406415 111
0.2683615360454426 0.2792393972220273 111
0.26414961337991605 0.2482528969946238 111
0.2665180966622311 0.2830438410033336 111
0.26185325917997965 0.2722921936510244 111
0.26500152142932387 0.24574797275786459 111
0.2641718038620272 0.2413027550922601 111
0.2640421936425569 0.26170964966655963 111
0.2712536053922696 0.297019785974706 111
0.26241999011170514 0.27243880621888794 111
0.26839188651593315 0.24912731762892698 111
0.26825778966785235 0.27739498198955526 111
0.2665360149814831 0.24206412930269888 111
0.2627783538535824 0.2540424140207182 111
0.2669478577869398 0.2557949362822573 111
0.26537950621921985 0.25445476765889297 111
0.27064899987472646 0.2729090624457916 111
0.2710616790774806 0.2649169501458871 111
0.26987208337719903 0.2637237546858526 111
0.26582347464543044 0.26582450445266603 111
0.27091243964510436 0.2641191790701271 111
0.26650462670226943 0.25195338468684964 111
0.2782488629071753 0.26859798452267286 111
0.26697455934737774 0.2629830229331839 111
0.27118725907011443 0.28108432935247263 111
0.267378981541298 0.2681059941638547 111
0.26879564006321 0.25638033418034917 111
0.2681448166523243 0.2775275432307441 111
0.27518079040565396 0.27616921786292636 111
0.2711963365654451 0.25698593218593835 111
0.2712991101400169 0.2587687033445562 111
0.2687000541606322 0.2241751360001985 111
0.2682604232584401 0.2750092190553509 111
0.2696860267419643 0.25578064443643467 111
0.2719427016372538 0.2861980769040164 111
0.2714043084554689 0.25205751659685255 111
0.27542283589247846 0.2627687380727674 111
0.27315168843065474 0.24998422357255728 111
0.2704526716773653 0.24104599375906277 111
0.2739607491232628 0.25995661543954834 111
0.27124117384057933 0.27419398313008747 111
0.27596273078886147 0.28245384290521436 111
0.26528873405346975 0.25831601773562474 111
0.27109244987447273 0.2641446630754246 111
0.27045476921278006 0.25709421816383965 111
0.2727144515233553 0.27077402562389963 111
0.26967132588157217 0.2575511136292547 111
0.27319233165131057 0.2627799522985577 111
0.27527046581184483 0.25474882454213704 111
0.2724828545868988 0.2797999129142571 111
