training...
0.08549890089059711 0.029661383924331302 111
0.1154950964453833 0.06499683858158531 111
0.1366192928833535 0.07667385200838164 111
0.16001910707924435 0.0975844910314681 111
0.18538411902109975 0.1478129822922326 111
0.19792725911035816 0.15690868218076756 111
0.20444155238109993 0.17355671583795254 111
0.21445091057652207 0.20335912427674188 111
0.22688623240821176 0.21827675277100203 111
0.23507440691415202 0.22135156517610677 111
0.23425452390946144 0.22077203766562967 111
0.24044669100449054 0.21768697202247742 111
0.23774898274318298 0.21239936111945334 111
0.24641365014390146 0.23229139545624083 111
0.2501746411834685 0.2604485328325916 111
0.24883751530142176 0.23457038280492987 111
0.2505174696055591 0.24261071559556832 111
0.24822648255834662 0.2491226379855749 111
0.25010172072481013 0.230162292688544 111
0.2566595427682061 0.26012151065965694 111
0.2573207807329545 0.262489913128405 111
0.26224640092083545 0.26414958623612816 111
0.26504664294291647 0.26247660248369165 111
0.262078379605591 0.24904067960055842 111
0.26093824233506624 0.2477173995039045 111
0.2608165550160688 0.24883947870136935 111
0.2641689390709399 0.27112256159399684 111
0.2632708503852642 0.2517922906483849 111
0.26782974492214856 0.2767140207391714 111
0.26924532806785856 0.2515276247824552 111
0.2742527255618083 0.2721925262531947 111
0.27248242731515665 0.27324253325588055 111
0.2742818673720037 0.28974232536055977 111
0.274021055641874 0.2632918005414843 111
0.279537762093757 0.2842346117009348 111
0.27516405681049433 0.2799213105965697 111
0.27539470213656514 0.26089478736607097 111
0.2818817332172807 0.2753339740891448 111
0.27765578652013956 0.25841996540629514 111
0.2801991303070826 0.28894620230901263 111
0.27619863527605565 0.2726158021514505 111
0.28093257800765736 0.2766490161424501 111
0.2757510374613941 0.2757680398555695 111
0.28060561339887563 0.265701094664979 111
0.27921816369041047 0.26995802461379237 111
0.282099788928212 0.2654330491929819 111
0.2836343128116597 0.2638319986868921 111
0.2786405165862646 0.28032974646529263 111
0.2798752176955419 0.26773664897481214 111
0.28616642992732877 0.28896698604399823 111
0.2815744051018869 0.2570470534902899 111
0.28755085296248023 0.2522723465693591 111
0.2913480404827106 0.29325564267117166 111
0.2837364510899454 0.28194399327901976 111
0.28897987712038536 0.27976382285810303 111
0.2847231545434755 0.3011426285270024 111
0.28478374145748303 0.2859894497886468 111
0.2845109221145964 0.29538192217705617 111
0.2892731376132427 0.2750872345511056 111
0.2851387008111571 0.2727132787922611 111
0.28666089545593765 0.2694575919108508 111
0.28733079872572187 0.2890859499256477 111
0.2869892572756254 0.29026456435121484 111
0.28531007022752486 0.279245053057456 111
0.2910418598703053 0.3058066630464169 111
0.29138339640047006 0.31320278256933215 111
0.2871922903846765 0.3036830414564399 111
0.2783259452041901 0.2567238053847992 111
0.28837687968715237 0.2964673764845493 111
0.2871264549745579 0.2592654885533964 111
0.28863443398631294 0.28518406169370797 111
0.28696505618553025 0.29338268160681946 111
0.29431079546636096 0.2977066656903391 111
0.2861000781848581 0.269236616326245 111
0.2932269181256802 0.31194881220916393 111
0.2897896309151966 0.2815150626073655 111
0.2903300755030649 0.3025222214564334 111
0.2901948646486789 0.28765921103437236 111
0.2914596126002302 0.3009571283900558 111
0.29474191872740607 0.3025033625404806 111
0.2988173762821755 0.30562703167701727 111
0.2887697167490034 0.2984550972848106 111
0.28981472041885736 0.29121732235071696 111
0.29758468040283764 0.3031044413190489 111
0.29541154154034144 0.3024420200642292 111
0.29557496350073864 0.32225790678108107 111
0.2938037438125679 0.30009405372142917 111
0.29194439014767765 0.2880813864975218 111
0.29489534966056286 0.30721238745288953 111
0.2922824284953909 0.2706711814844275 111
0.2948188751445005 0.2987036811459155 111
0.29076530779571597 0.2868368382119813 111
0.2921932632332927 0.30803912174898096 111
0.2925653332736573 0.2860512649158783 111
0.2945995710915082 0.2877764790870992 111
0.29543174501679714 0.31760120079915416 111
0.2927771674812787 0.26573608486395395 111
0.29727903416748347 0.3108901606373257 111
0.288855522031264 0.2903188256681492 111
0.29757853922027605 0.29044503109566844 111
