training...
0.1759896639791771 0.12545128971462133 111
0.23254546483661775 0.18656350037332578 111
0.25141895097611927 0.20853470629248053 111
0.2672316890191699 0.24968936728450017 111
0.278632971315419 0.268438596577671 111
0.27921406975357316 0.27701411353274463 111
0.2750490336858439 0.24557890859742265 111
0.28312611224663287 0.2720543920633725 111
0.2815583511041866 0.2680706026472866 111
0.2904693178635786 0.2982656324515013 111
0.2916248843330862 0.2882523866058656 111
0.2944177472302172 0.29778661300181714 111
0.30272644039377405 0.30806608173619665 111
