training...
0.29239897341735127 0.21095160590354675 99
0.30457034782863673 0.2331488810138499 99
0.32371234707584445 0.2624963076758623 99
0.32804950537103117 0.23687832950515425 99
0.34842660606338755 0.2708389993846979 99
0.3555827362933609 0.2852906478241657 99
0.36363645101145936 0.2962112496093261 99
0.3703394908596961 0.33368245594723195 99
0.3901592309235813 0.3394756227831259 99
0.38001835423793656 0.32293025563441197 99
0.3791658219841493 0.30244541636258865 99
0.38368194675485073 0.3275609761355156 99
0.3847469345191494 0.2946240017594391 99
0.39672487959310615 0.3610420157802462 99
0.3947594798451159 0.321845738955053 99
0.3963578509832754 0.3159806970173711 99
0.40684814832401006 0.3412813917528774 99
0.4052531962095712 0.3288448790012837 99
0.4059317167212194 0.3469168657476162 99
0.403341732460075 0.3220138238600754 99
0.4048645875040102 0.3112873075277807 99
0.4103183580498204 0.33007118984265726 99
0.40941667863941755 0.3311084376583185 99
0.4193751341519414 0.34450382594529333 99
0.4100990555750637 0.32425559154499606 99
0.4155799183931186 0.3354300438087016 99
0.4228802299673428 0.374480266752832 99
0.4148679794374038 0.3385878483918465 99
0.4197762687102226 0.36939237450576556 99
0.4193567205577683 0.34967527743661503 99
0.41598743088385154 0.3677413127633058 99
0.41840598734884155 0.35297931893474715 99
0.42034226746096937 0.3730680490002013 99
0.4153140151844573 0.332448866663605 99
0.4107973057307287 0.3522886753435024 99
0.4306589417928782 0.36886197623657724 99
0.4238413348431716 0.38024786592017273 99
0.42913118870959516 0.36523820441726695 99
0.41638127742454173 0.3495253738547096 99
0.41827290127294753 0.34897408649966244 99
