training...
0.0728725536566896 0.022367850379347232 111
0.0801886439627395 0.02380466740714527 111
0.10729757436746319 0.053767883429194765 111
0.09402805759069975 0.04599995406800932 111
0.10709542402676961 0.056078913129641625 111
0.10669464069029817 0.0450720878569906 111
0.12474310196302778 0.06824109751755227 111
0.14808215978460437 0.11099972177608199 111
0.18158173660106247 0.1284656411067289 111
0.1875051463261511 0.15055835527462058 111
0.19410576247902567 0.15730508208202032 111
0.204749285452827 0.17204252773850928 111
0.20856442914451787 0.17263204929157214 111
0.2147561058334783 0.1890314080117487 111
0.221887903704561 0.2055580297252975 111
0.22255664207801554 0.19086967465657861 111
0.23033389515152214 0.2110773301197989 111
0.22396471395340592 0.21953547571418097 111
0.23011438512946644 0.2093267038555636 111
0.23727123933526278 0.22403235172288807 111
0.23006474458663573 0.22004458657595477 111
0.2353138850638702 0.2335900080635494 111
0.24052693827852073 0.23374810356893796 111
0.24133396553689435 0.2251251649909095 111
0.24250456217950583 0.2414769030239777 111
0.24396562193403393 0.24151050700649898 111
0.24443556374173991 0.23101191632781312 111
0.24249299077551986 0.25036681311585457 111
0.2433616854800263 0.23539403202302478 111
0.24143334016222087 0.2419002776027702 111
0.2460341939750141 0.23848521287780147 111
0.25046112029180484 0.2647097981359006 111
0.2481189323457009 0.23699941281745818 111
0.25108409690806155 0.25336289840629933 111
0.2500747203237763 0.24247600366255329 111
0.25278234336693994 0.24499943662244367 111
0.25710906611047823 0.257116745522777 111
0.2549668794922599 0.24871126822574488 111
0.25038766415073854 0.25131510048868244 111
0.25482284329320704 0.2562745667815755 111
0.24420801059732047 0.21835437401864466 111
0.25241947702873724 0.24958384371610526 111
0.2560713431012344 0.2575689338085576 111
0.2596870897739436 0.2524858872011006 111
0.2554007295873781 0.279571244686491 111
0.2568316689232981 0.2518499856193145 111
0.25814830820649226 0.26621279116448476 111
0.2556224275394022 0.2640966615423232 111
0.2604898614556644 0.2664678010480067 111
0.25912006914650376 0.2758470105813862 111
0.25822628121844654 0.2560578773273715 111
0.2640063840233227 0.2842055566708445 111
0.258760485922716 0.2607286027440299 111
0.25768130032560116 0.25289886754987645 111
0.26209490603066693 0.26955376133640085 111
0.26407177327999337 0.2600045410733024 111
0.26748462051338373 0.25443209361190966 111
0.2640766100897685 0.25376534067136824 111
0.2674216444105356 0.26214711323593815 111
0.26296397177841774 0.26572695444016503 111
0.26624766147132845 0.2618554932164092 111
0.2645776151562344 0.2588426232325199 111
0.26252427901442904 0.2689402270431331 111
0.26491867799497815 0.25429871520969993 111
0.2646067443268571 0.28253986863068 111
0.2704174905052263 0.24545356682201022 111
0.2667238389578428 0.26512338089372034 111
0.26046835800788326 0.25531663440030256 111
0.26990164948727063 0.27793710383681963 111
0.2728784807737059 0.2782775276223554 111
0.2705962372534525 0.26310002427350737 111
0.26999363178552716 0.28106397774628833 111
0.26691924520434773 0.2713606642097943 111
0.2694042519067951 0.260017978615186 111
0.2683974376255934 0.2602876604187682 111
0.26790662587526115 0.24578974828658556 111
0.2670401847720586 0.27423226323746797 111
0.27104704709954514 0.2684014240316467 111
0.27111616605242456 0.26511665720581684 111
0.27016538578989624 0.26984722045661735 111
0.2697654047354166 0.26016007329405927 111
0.2655290012251843 0.25763829389715065 111
0.27019150455406954 0.2724837812608493 111
0.26821185455246427 0.25305433099436 111
0.27380967741038503 0.2918552679458503 111
0.27181686121850446 0.2665753114593448 111
0.26788157024855963 0.259488757821272 111
0.27440935037177866 0.2677546106072661 111
0.27129295190804115 0.24619592865712114 111
0.27564001189847553 0.2681465246297357 111
0.26760313585501166 0.26888480591426 111
0.2726391848854042 0.26664018393957967 111
0.26939194851072695 0.25852959000991643 111
0.271214139763852 0.27513319903302014 111
0.27067954127479166 0.2516813316711541 111
0.2670535523998713 0.24909423563800803 111
0.26971910969185225 0.26092227131288415 111
0.272300403390326 0.2538569094231433 111
0.27032941184655723 0.26775877345876864 111
0.27534941803983887 0.2861310037054078 111
