training...
0.07382937026355951 0.024395295839646863 111
0.08782151735109223 0.033890696135152006 111
0.112269825389554 0.04824329443005674 111
0.10552261920547382 0.05325652055418771 111
0.12972228935940294 0.07393390565548862 111
0.1496080677544886 0.09132057583071664 111
0.17088866528341987 0.11680355048977033 111
0.1900656474797553 0.15128183512056406 111
0.2031399445793621 0.16660355301932386 111
0.20632725413928468 0.16809472488672778 111
0.21027604762212623 0.17723493905957813 111
0.22104145839568223 0.18232823972696913 111
0.2244520073674911 0.21249811775213037 111
0.22644858029925152 0.194688078522853 111
0.22666847482282568 0.20335882957134135 111
0.23365963619359711 0.20969747641344763 111
0.23618441802479334 0.20085634707803368 111
0.2347507848133607 0.20606155426355913 111
0.24175274458884496 0.19610318280718947 111
0.2381239384750825 0.22510560221444204 111
0.23844282155924723 0.22704090640474045 111
0.24601332790513764 0.2451236406060436 111
0.24828212275455516 0.24571288855611648 111
0.24650687114603853 0.21991100686201998 111
0.2484675565174269 0.23401514858763361 111
0.2493606868248723 0.22682842791163568 111
0.25798761404072373 0.2627739622398367 111
0.25748225870742486 0.26485379299229184 111
0.25495267202804983 0.2563522634948834 111
0.253297955022377 0.24320458584745847 111
0.2625683288978837 0.25421611617714496 111
0.25630382234380134 0.25596602416801667 111
0.2604327907804294 0.2620050877439777 111
0.2610305708370616 0.2499528939940445 111
0.26439735122384295 0.26203944005236757 111
0.2631624125647811 0.25644037844348744 111
0.2631643689805777 0.2630612974114313 111
0.26218738359683613 0.27572452894444616 111
0.2620739325288919 0.2534838347685411 111
0.2640914969837384 0.26916511712659064 111
0.26192303381171655 0.2676463850145603 111
0.26802868965754867 0.2610787392436787 111
0.26872794410396467 0.2867158360752821 111
0.26705051399825214 0.2700334342765024 111
0.26276238222452647 0.2728710178263386 111
0.27206314343047955 0.28449758408204934 111
0.27220899665104487 0.2620893207732153 111
0.27369359981657976 0.2813120059108269 111
0.2633979567060992 0.28509216673166843 111
0.27192067958505484 0.26149006684285747 111
0.27041257842787253 0.2696930316963166 111
0.2779590941866136 0.2813055497497195 111
0.27543058247831403 0.2642628697247493 111
0.2805557821077577 0.29601450849418887 111
0.2716693522853272 0.29931989834184336 111
0.2785922621077008 0.28765589730756014 111
0.2708563909582581 0.2646353972043381 111
0.27620836162721557 0.29641254838021247 111
0.27622715631284106 0.2969832114606257 111
0.2771977538202968 0.29854850949917033 111
0.27485758822021283 0.28171788765802286 111
0.2749919608223543 0.2923573173017696 111
0.2758283832037657 0.25728162450565034 111
0.27305138949426716 0.2637525273541407 111
0.27891059317780154 0.2663188474594291 111
0.28172754227506397 0.27409360290970675 111
0.2761007814246573 0.28633211411354076 111
0.275626916620558 0.2717635550760635 111
0.28130017610020236 0.2830628064419138 111
0.2746221651586979 0.28309048743372994 111
0.2770449670417793 0.2684132353143611 111
0.28043364095850376 0.2587448632410962 111
0.28040245617099646 0.29542130341931844 111
0.2786795253982404 0.2823646313198213 111
0.27494533423632933 0.2820655789401731 111
0.2806204136703484 0.2960302139257054 111
0.28432335329696556 0.29907887568364167 111
0.27971568028471816 0.2926116311381413 111
0.2791730667827335 0.2798594913121747 111
0.27912591187382935 0.2821506860014122 111
0.27984183646366584 0.2853805965296098 111
0.26911073835168997 0.2721831822365606 111
0.27674121513696337 0.2796916196277353 111
0.2833438515926778 0.28265117061908623 111
0.2741319563914145 0.2725492547917193 111
0.2844656806659378 0.2904694641368902 111
0.28044038724374765 0.27107307695351096 111
0.28073022822703436 0.28687327320797507 111
0.28203407293602895 0.28571438711366004 111
0.2818687067849725 0.28646275256966114 111
0.2824368555406042 0.27985482860571315 111
0.28424119611237886 0.29220565203533055 111
0.27790131417567926 0.2856191196662953 111
0.2833059373786329 0.28272690157755037 111
0.2837680306187332 0.29433129757999443 111
0.2795939459752496 0.2843148280767408 111
0.2842904828992079 0.29149520592117745 111
0.2783352876981665 0.2712120782973729 111
0.2827693674938168 0.2841374113755073 111
0.2801730995882565 0.2761870440218911 111
