training...
0.27924381133189086 0.18446974759418236 96
0.2827104296765937 0.1616548736313308 96
0.30952338217130376 0.18082795088423168 96
0.3283429671748997 0.21788102603926646 96
0.3540873710436716 0.25539447005664867 96
0.35602424656961373 0.31057164760900036 96
0.37238237865812013 0.30500600909439335 96
0.37552666589695854 0.3357111122159733 96
0.37352898734859075 0.33706766591527504 96
0.38756915491189553 0.40061455958671144 96
0.383418614353245 0.3560167557229735 96
0.3869356585947304 0.37224333394314435 96
0.3885596713350033 0.3523104921827803 96
0.39045142781835146 0.36262796484646287 96
0.3870062600615051 0.317457357222367 96
0.3996475708958053 0.38866417419829935 96
0.3997404879428282 0.4182213036175866 96
0.39578549109706035 0.4001515820761596 96
0.39412074963189153 0.3708572931838743 96
0.3981643974087004 0.39773907537054404 96
0.40794088731506245 0.41997839881893534 96
0.4034012070538487 0.40342604958939166 96
0.40968176031521647 0.41979331918836826 96
0.402469840863852 0.38327405220021943 96
0.3949141878364955 0.3844363113440632 96
0.4122610061517949 0.406207196190186 96
0.40870082630742316 0.42034184238970274 96
0.4042723813281559 0.41801316256745047 96
0.4133291357636056 0.41995274538898053 96
0.42323365000714697 0.43337785152310165 96
0.4148822402589412 0.4018019369924916 96
0.41671108499130693 0.3766701609413543 96
0.41078821383436553 0.39054992917355635 96
0.41869052193298656 0.4201862317980579 96
0.4041098127791516 0.3843934067377407 96
0.3977642402030983 0.38251580150108055 96
0.4082899305082813 0.39231368355468277 96
0.4257466534067542 0.42075467189076443 96
0.399222815255489 0.36838399010105816 96
0.4163293098799446 0.3897384697746319 96
