training...
0.08436798955836614 0.023033827300634396 111
0.12602200371870728 0.07565733026123184 111
0.15955142791510502 0.11031374038653324 111
0.18608005602584235 0.15472493893188533 111
0.20465728372635641 0.17529212863918786 111
0.21815048936665205 0.20536281641596757 111
0.22046699879235507 0.19546534149151729 111
0.2315202309165836 0.21730724028471043 111
0.2380903942565511 0.24256286218905218 111
0.24062435331121368 0.23049041851777566 111
0.24557293198712604 0.2348344509227843 111
0.24720939479344348 0.23610479535836817 111
0.2502541442860842 0.24013881751110933 111
0.25328819684957765 0.25749087094225015 111
0.2547913211075486 0.27055444526700195 111
0.2538745801547198 0.2433269262937221 111
0.26189704711977874 0.2510731467458162 111
0.26132768116868105 0.2694161549430791 111
0.26187380631999796 0.2512257701833999 111
0.26355366738122277 0.2554601098457163 111
0.2623721895324998 0.2676754884128976 111
0.2676389524905925 0.2609320750608474 111
0.2745123440753814 0.26901185279150197 111
0.26979628715527987 0.27482092334959557 111
0.2718882487939777 0.259506470538832 111
0.27165861071496633 0.2745472412909508 111
0.26789179671519775 0.2583563171907928 111
0.2713298029624585 0.28008175653229783 111
0.27501036301720094 0.27812570343315646 111
0.27656302803595767 0.28638433607436237 111
0.27511040960032085 0.2543228342476651 111
0.2794442391451454 0.2726117004995527 111
0.27690682979859715 0.2800161827366878 111
0.2791611232955389 0.2695808050174019 111
0.28221301905294727 0.2909046840215623 111
0.2821267379747016 0.2552880383979206 111
0.2781670557002705 0.2700869962696772 111
0.2840614194630904 0.2817001254314632 111
0.2807714615980059 0.2897351457213663 111
0.2828399318667353 0.2721385943938923 111
0.2800686293102109 0.2840918801892195 111
0.28324593006271265 0.2833351373181155 111
0.28627826646193577 0.27542889034248924 111
0.2848298737146735 0.2826394114205465 111
0.2826544832540672 0.2941042612916596 111
0.2887942112566852 0.3047141556964744 111
0.2913601284579493 0.2750897850866733 111
0.28881339158799896 0.30799807796082096 111
0.28355648121365423 0.2647539545316958 111
0.2840108292078283 0.2855599413480886 111
0.28416322315584147 0.2790002279177835 111
0.2879219260894794 0.2859103695520269 111
0.28804158415207887 0.29849230935153187 111
0.29077846437090044 0.2920954755187709 111
0.2855304780502019 0.2878374374710818 111
0.2933653398063047 0.2929259358519664 111
0.290837665332733 0.2876825327331513 111
0.2875168712341385 0.29864587739726756 111
0.2924190607520624 0.2899750494596215 111
0.29232750180882755 0.30463360481387075 111
0.2916173850298624 0.26071474979382137 111
0.2958384790164529 0.3058856872958998 111
0.2890522330665268 0.3127109428138101 111
0.2909976762230909 0.28169692508944677 111
0.2892205613683041 0.2996977373927964 111
0.29067217966917924 0.28266606633617025 111
0.2913842833394522 0.2616583297272551 111
0.2896843037812098 0.2909429562622782 111
0.2919415539713813 0.27490773977604616 111
0.29042615607759226 0.2806244947426318 111
0.29293553346623336 0.29452814637869124 111
0.2905383628798339 0.2979255431781917 111
0.2905790810781548 0.28537698923764016 111
0.29495672367876735 0.27201816370948295 111
0.29668315194827993 0.29204585642136666 111
0.2894878394473415 0.27444317996165796 111
0.2903292405458995 0.28198770637210097 111
0.2915649625026146 0.2913556347048277 111
0.2905309845197326 0.28429483027786306 111
0.294170070294022 0.29622147311903874 111
0.2929521181479678 0.279491165151443 111
0.2922557963761228 0.27282968388577744 111
0.2956513030265007 0.2709907965491356 111
0.2961775548126163 0.2786099382460888 111
0.29785498048680437 0.30475001674448216 111
0.29954348396839364 0.2965894848734227 111
0.29750477277434945 0.2990614818952007 111
0.29671445049262773 0.3008805130255479 111
0.2942895723413346 0.2773437001218011 111
0.2932905488334429 0.2426333928253226 111
0.29821086828866544 0.3190697243180888 111
0.2978441776060678 0.2900703986898879 111
0.29714445097463943 0.29490783530533504 111
0.29766086777242906 0.2833946190987791 111
0.2956298668414127 0.33014541982958767 111
0.2954692178721356 0.2951008741326488 111
0.2935682783456697 0.2730945989874524 111
0.296479897556158 0.28810801651032936 111
0.2918187787296643 0.28063393204444875 111
0.29511167053769577 0.269693096734244 111
