training...
0.08703660671449841 0.038990337727542596 111
0.1235655520869077 0.07905890548554387 111
0.14233383523698928 0.10755470751675164 111
0.17258804842045056 0.12603081801397756 111
0.20102900830225934 0.1654269262662301 111
0.2067483749223864 0.19475622120183386 111
0.21095223881271613 0.18683937570019654 111
0.22575039149460766 0.20871585141229015 111
0.23466430640051059 0.21528028446064085 111
0.23798665188021448 0.21977212159632772 111
0.23835642163643872 0.22902016822890015 111
0.24016605545780303 0.22681493079687576 111
0.2455025982622632 0.23956126239058392 111
0.2477779886639477 0.2432572043914815 111
0.25264133499201397 0.2568257163677196 111
0.2439482844739504 0.2480685440630021 111
0.2546217486725731 0.2469445011909369 111
0.2542248117053148 0.2709595614026371 111
0.2572535563894459 0.2619624398414851 111
0.2570972971998021 0.25859981062513415 111
0.25651265664434775 0.2696784376792685 111
0.2642565643194967 0.28695609420727036 111
0.2612731414033752 0.27206434766294346 111
0.2676998606842498 0.2869267468606204 111
0.2605738965177589 0.2657184760220878 111
0.26160638077296977 0.2596421274440334 111
0.26814856949740745 0.2580359955132597 111
0.2718879104296241 0.29508330295046653 111
0.27420735622656295 0.2979653525617773 111
0.2668577087702219 0.27117755180908576 111
0.27357193966662774 0.27822850798571364 111
0.27773923111933607 0.28894268103872384 111
0.2717856423891254 0.2829765314728261 111
0.27183399237480416 0.279219373409404 111
0.2775073785608408 0.2939201538740679 111
0.27546895534931737 0.2553680294229915 111
0.2730773064024622 0.2669074130958658 111
0.27885732611665115 0.29223027642324245 111
0.27751969111055785 0.2915947613323417 111
0.27301836427237314 0.2880490413126185 111
0.2760281296359748 0.2735090635216036 111
0.27466610249367995 0.29373817420647075 111
0.2794966220321464 0.2728527053575229 111
0.28079750080552585 0.28903788026728605 111
0.27250999905192264 0.27335300215803926 111
0.28551051034129105 0.2803614082460197 111
0.27671688325956667 0.29038140760549563 111
0.283528492022256 0.29952303684744996 111
0.2768610468598126 0.2868337087177871 111
0.27865879800195614 0.2874494535588062 111
0.27969837219407606 0.2552533125626178 111
0.2876382947496175 0.3134576198285269 111
0.28361593462199103 0.28660936436350953 111
0.28050940366616367 0.2803952215782007 111
0.28011500296482755 0.284466810066824 111
0.28102911987894985 0.29841611717452154 111
0.2828761658258924 0.27770543767199324 111
0.283036314270566 0.29705249944695167 111
0.28184291188343485 0.25975960721247987 111
0.2874335462452106 0.2780582709790928 111
0.2871506657183926 0.3012688855150083 111
0.2857921142406226 0.2923775170433596 111
0.29167478163012434 0.2879474773922003 111
0.2835923929836214 0.30009421221536464 111
0.280215624921216 0.2787928840776653 111
0.28670111676102544 0.3038115019078795 111
0.2851454606954439 0.2779572002143867 111
0.28325195821200255 0.2852968984823317 111
0.2827084532860123 0.2750143469810882 111
0.28480911419271354 0.30182619911426606 111
0.28786668990160436 0.29921194549451047 111
0.2863882952966742 0.28797116202359063 111
0.2872085996209299 0.28073227541685297 111
0.28271615320381277 0.27145717924719803 111
0.2810613800707207 0.2975424273265005 111
0.28526776538872617 0.2998735252739956 111
0.287327311709769 0.2903392505161755 111
0.2868307728550922 0.310885462711499 111
0.2892759526073961 0.2989621752691023 111
0.28458623964443786 0.26862827175812315 111
0.2789958378150177 0.28836593268687416 111
0.2845624541138569 0.2820479887918156 111
0.2849200504679477 0.30689227544028874 111
0.2879164008376224 0.27857941771163075 111
0.28738118214348723 0.2839451426435872 111
0.286920452887357 0.283645777044219 111
0.2896936770432308 0.30221422085085065 111
0.28680447354100913 0.28579086744446064 111
0.2871442393044546 0.2793484043243407 111
0.28384816496078596 0.27939620645431207 111
0.2868586672971712 0.28252482682306257 111
0.286372866418474 0.3020265814616437 111
0.28655819008623473 0.29039734802248374 111
0.2879859337302416 0.3182474090951575 111
0.28529865688346956 0.2985292805127941 111
0.28794586585648174 0.2944618753060063 111
0.29082456464361883 0.2981813745161155 111
0.2879296765289953 0.3153770365790118 111
0.2875849422869107 0.2885968486080696 111
0.28603447752139605 0.2774454116285877 111
