training...
0.29184473703594693 0.15367816311191318 96
0.2842695869361889 0.2257870099948884 96
0.3184366020323077 0.24351681203441708 96
0.33214811414994533 0.2664596310914199 96
0.353248526576218 0.3149248351719585 96
0.34520625525465887 0.30931969707371665 96
0.36275956515054714 0.29337916664344077 96
0.3695464971526971 0.32630318663110863 96
0.3667758122472491 0.2797452537056796 96
0.37406718082051965 0.31829449351984995 96
0.36731371977052024 0.30692846123132256 96
0.37736610052324776 0.30595502307455386 96
0.3847477438025706 0.36431164534539273 96
0.3913101796312021 0.3661798469993785 96
0.38172330735025145 0.30906361424716566 96
0.38354363011075526 0.31374660149630607 96
0.3872298819224727 0.3609487428134789 96
0.38218641840005446 0.3394725932434147 96
0.3839691259202063 0.37368301262631254 96
0.39097370882584803 0.3569531226989954 96
0.39428151037051745 0.3613401035008802 96
0.39194259532137593 0.33392607879953284 96
0.38783706692803466 0.3639202313436327 96
0.3873297010864049 0.3361520025502048 96
0.39573678848836735 0.34627799042800134 96
0.3930569835792676 0.4163560758088661 96
0.3964366337511751 0.3772527390960607 96
0.3961796623415658 0.3422236933137606 96
0.40313659223093984 0.37095001029493047 96
0.3963047581447348 0.33661832628959487 96
0.3850957644925534 0.28190917453069064 96
0.393465480753547 0.34864508706222813 96
0.3846564277892224 0.33641487916819235 96
0.3946281016412662 0.3664840174296158 96
0.39777624922495725 0.35716756582959064 96
0.38874361571532745 0.3287088535834941 96
0.39404771740302663 0.33052538397350134 96
0.39960253668622236 0.3604451054139589 96
0.4021944571135511 0.327407089438588 96
0.3971566272561568 0.3312302133807293 96
