training...
0.08896988383204313 0.034699359312135414 111
0.1327416233069636 0.07395352974025876 111
0.14589252331318284 0.09499029042566891 111
0.17822060732783343 0.13904321412587362 111
0.19859487181273525 0.1716687640056263 111
0.21502794494664637 0.19315001621409322 111
0.20885409498618815 0.17072040307923383 111
0.2241825110883315 0.20827268820137002 111
0.23038769441684223 0.22184903214113247 111
0.23698938197820996 0.22752524811793384 111
0.23454219970783205 0.20097007879127235 111
0.2399538997422451 0.2319975551267723 111
0.24473228305785077 0.24283417395707296 111
0.25027486329721976 0.2378277282609693 111
0.25111832497762443 0.24686482289161668 111
0.24855533368953522 0.23926906993760627 111
0.2573817631372337 0.25113221819354986 111
0.2540713946608253 0.24355429942088758 111
0.2627239990664404 0.26358207167658865 111
0.26495691448271513 0.2607847690209382 111
0.2678967753433133 0.2593825240043674 111
0.27013700789857276 0.2671208613542913 111
0.2698366182640735 0.2693725515800303 111
0.27166190461387746 0.26088173068196585 111
0.2723919037848638 0.2770154663368366 111
0.27200279924588855 0.2707515184510467 111
0.27325128027549395 0.2822236033749309 111
0.2774924746480789 0.2790027131725075 111
0.27638218186095037 0.2631069686076104 111
0.27905896764153754 0.2786831329152479 111
0.2804351624550556 0.2472547217920583 111
0.2806056357435504 0.28399269745123773 111
0.2794344925644527 0.285477893344206 111
0.28307929198340953 0.28520900973008667 111
0.28799870288572255 0.28236015873598896 111
0.2857509816347614 0.2706890229048316 111
0.27966003236675996 0.2631481340975271 111
0.2889345016889529 0.2969915110359847 111
0.28866582723608253 0.29494063510200746 111
0.28828576493075164 0.28053548476075313 111
0.28537872915843243 0.2919453169950334 111
0.28192457290246314 0.25885533731863597 111
0.28498502341062387 0.29034310037651084 111
0.28722150487272485 0.295589436413213 111
0.27934875730144487 0.2757084217172061 111
0.2905160679314663 0.28729761467351694 111
0.2954347485581833 0.283628193702396 111
0.2904296926983237 0.29327976455489374 111
0.2893074505545272 0.3019154451873678 111
0.29256750775507606 0.2888567469530816 111
0.29143678699137443 0.2975363728361796 111
0.29301323031928533 0.2862045070069177 111
0.28934611166884455 0.28166926112522345 111
0.289491039203071 0.29107863549382235 111
0.2929150009029099 0.2991104946243034 111
0.2929583731829426 0.2861274861542622 111
0.2839537048606078 0.2784894847889207 111
0.29516038033653635 0.3114103465563639 111
0.295062990861467 0.31368236118805365 111
0.2953096362440614 0.30296434663795313 111
0.292727458070279 0.29986595143216105 111
0.29161628990889527 0.29090973908917167 111
0.2929551539453046 0.3037279120871484 111
0.29230028950260617 0.3050017985012365 111
0.29140291223829723 0.28722707053726926 111
0.2942789773400405 0.30751504353341613 111
0.29996723146514903 0.3066076240061468 111
0.29080758483477764 0.28882071946768745 111
0.29322311508976806 0.28227009485757687 111
0.2933451455189827 0.280601579669486 111
0.2958416462705275 0.2909587692893011 111
0.28919549093026387 0.2821614918708157 111
0.29284867042190105 0.28759467134763744 111
0.29306400878691197 0.28204490138533833 111
0.2954326328293454 0.28244953566255626 111
0.2943831838432042 0.29170207689519423 111
0.29400447006552105 0.3055103435942315 111
0.29232092063756787 0.29428128849248364 111
0.2982670496202067 0.2993634969031908 111
0.2918708564280534 0.28358343162096666 111
0.29334404592765273 0.2913030481752628 111
0.2990904318396311 0.3070934923103861 111
0.2990629187167374 0.31495274185991495 111
0.2975653598768303 0.32222411260894 111
0.3003166251563682 0.31168093212385706 111
0.2953227608143507 0.28643997211634276 111
0.29746933013016696 0.3071353576149616 111
0.29957449829534577 0.2942447727687127 111
0.2969845641406516 0.29986660011754945 111
0.2958633877622171 0.30122946592791927 111
0.2951220155315372 0.30879788128251273 111
0.29293615167474973 0.2830083727546139 111
0.2940989920538804 0.2839082664819857 111
0.2958991054737446 0.2886679119352435 111
0.2952661480735421 0.2886840520850493 111
0.29697682990390867 0.30257147583339045 111
0.2966508562069649 0.31214501091651375 111
0.299106209671116 0.2978988773012916 111
0.2991245983781646 0.286344261815152 111
0.29987355522284265 0.28969948155489045 111
