training...
0.29293224420406144 0.23575901469118263 99
0.3314550157804564 0.276428440318396 99
0.3497139623015328 0.29253887512410714 99
0.35749370863054575 0.2991889075274067 99
0.36336855528722856 0.31469984387789357 99
0.3849502658272158 0.3258402228625913 99
0.3829835006928688 0.33496406818649005 99
0.38915017729987283 0.3305797835162711 99
0.39155231473991253 0.3264543449675859 99
0.3974033341854024 0.33147892630774034 99
0.39490211551483884 0.35144725348918787 99
0.4048717805424936 0.3296913255709831 99
0.4105071721333232 0.36705883496332126 99
0.41773462311895876 0.3651961526900759 99
0.41895394536652125 0.3459633599648062 99
0.41636899234215696 0.3466364238633301 99
0.4179733632155092 0.3434494815656258 99
0.41747473565160986 0.3680950286482114 99
0.42198864233645844 0.3790346414748346 99
0.42465922599141115 0.3749349969366413 99
0.43117674585171584 0.3833708275908221 99
0.42637680032652153 0.36791105894820336 99
0.4247917604890307 0.37864142647990123 99
0.4365564366072706 0.3917481225272156 99
0.4342725975955238 0.4002099407841279 99
0.43600872469900076 0.3837012149661155 99
0.44299801697601643 0.4087319038372671 99
0.4317647636022157 0.35461119055916773 99
0.4339136861483089 0.3737094858413761 99
0.43175860715469594 0.36375050217836463 99
0.44132122086900344 0.41200071071276884 99
0.42844928242384095 0.37089583817869676 99
0.4326014294785271 0.3801755609793656 99
0.4349895026135099 0.38318760740009433 99
0.4390523306875323 0.38212090669736815 99
0.4243631259434326 0.36213208078520587 99
0.4366202541983362 0.37328170210724365 99
0.4300805446306101 0.37542338568850103 99
0.43873263315402977 0.4116927761993274 99
0.44264971528756175 0.4179473320540509 99
