training...
0.09110924023388307 0.03315690570738197 111
0.1217248613872217 0.06996091934767282 111
0.16522894718342057 0.11355085607604887 111
0.18420811120415698 0.15366668346481666 111
0.20597304136824515 0.1761761682545902 111
0.21909827328446255 0.2129304061020835 111
0.2166478237535583 0.1996228044160395 111
0.22914220643563063 0.2127888696024068 111
0.23786208496195504 0.22403716579582758 111
0.23952574987305336 0.2246959792529139 111
0.2472659586365275 0.22305025462013522 111
0.2489397303461304 0.2303808303615684 111
0.24579390236798682 0.2290899666919579 111
0.2551540352294991 0.2568068630413899 111
0.24672020296149955 0.2460370558753141 111
0.2521746551093226 0.25838747293897674 111
0.25788156184057137 0.2639659833559539 111
0.26270712749595565 0.2619949338972856 111
0.2629867396142011 0.25383456105888963 111
0.2629569558474436 0.25021286012111765 111
0.2691931699975601 0.26588491244795 111
0.27246454762418687 0.2793701418738997 111
0.27278503192665965 0.2604731695971057 111
0.2680546176094652 0.26373631735188274 111
0.2697832645065628 0.26190184214893314 111
0.2713578077640389 0.26229563019352814 111
0.27381508336061183 0.2812957308368636 111
0.27325005988691164 0.28345267877763075 111
0.2738948501313746 0.2744299378363357 111
0.27801381610611936 0.28148469758096367 111
0.28270449261185054 0.29960191008620196 111
0.28079583385819584 0.2897025489200765 111
0.2796726968702521 0.2954524431094216 111
0.2806853525707791 0.2907881455413708 111
0.28388918697416826 0.30725244718094913 111
0.2811968167745316 0.2726185936041552 111
0.28237706824715353 0.282841193466292 111
0.28807254972362295 0.3094963944109818 111
0.2797183320977365 0.2865760387240192 111
0.2828162277204369 0.2856566055248703 111
0.28608393666043136 0.28447441111219807 111
0.2867182796156742 0.27470173171471035 111
0.2802199636784349 0.2873560996189722 111
0.29095214509406636 0.3093074096852116 111
0.28271833369239757 0.2696585559844686 111
0.28518322442677385 0.2856608484695846 111
0.28985366000765084 0.2832177532543979 111
0.28974721900446965 0.29169983652298825 111
0.28857476727751247 0.28043091525062613 111
0.2928631350479975 0.31049199020174856 111
0.28735050590588146 0.29785523626103527 111
0.28907795867897956 0.30560148781286917 111
0.2914623576333689 0.2821429272599689 111
0.2936271549853504 0.3065091112697788 111
0.2907800642254028 0.2894487109901499 111
0.29675856670856304 0.326536857698902 111
0.29588727684918914 0.3016083675362062 111
0.29778581579799285 0.3014666698174867 111
0.2965639700308919 0.3225458112599318 111
0.29566557014025174 0.30414032640334876 111
0.30225571416132346 0.31436605547901597 111
0.29170357294086857 0.29745624248656743 111
0.30158410946643455 0.32276928405772254 111
0.29415912905585384 0.3046925171652113 111
0.2994001016087574 0.320760997608603 111
0.2975082910317967 0.31917172042602193 111
0.2951045205298771 0.31526896596343207 111
0.2971426624615779 0.2998174326546217 111
0.29764587723255465 0.31689277362776563 111
0.29910964512422444 0.30956869869780634 111
0.2978516550335543 0.3032624507981214 111
0.2933247501599102 0.2997130980205554 111
0.29939009607911427 0.313325676787487 111
0.2966843656038287 0.3054050298785653 111
0.30121551414610287 0.33229984814498215 111
0.3031584356884673 0.3279869619816041 111
0.29929084543882306 0.3098776320966114 111
0.2993684418488603 0.3083785648306294 111
0.29988677183199847 0.30171052223876904 111
0.29924689998597026 0.3138680113186459 111
0.29765830854652936 0.32108009401829146 111
0.2924104596961113 0.3007137683822943 111
0.29596558661631767 0.30116192161265687 111
0.2944676542314932 0.26586127121550784 111
0.29925663972811756 0.30383699719920815 111
0.2979726136838943 0.30435829248500856 111
0.299220498098506 0.31372158459072297 111
0.297483917778832 0.29844813684459687 111
0.2993963474534528 0.2940396355826632 111
0.29582703961406476 0.2994806652468766 111
0.29494280108955173 0.28827513508311253 111
0.2964898629404214 0.2991175194090957 111
0.29393538876406905 0.2984637932812926 111
0.293652357102638 0.29828778630318387 111
0.29737031694749677 0.3066922225078757 111
0.2990461451441399 0.29629015415654475 111
0.2987622344272021 0.3094685347599015 111
0.2986235200738443 0.3026231674869293 111
0.29852942186473824 0.32155301918494555 111
0.30295242234317915 0.3125532249422635 111
