training...
0.17067295587695672 0.12507920135689113 111
0.2293469931959684 0.19172180846123324 111
0.25210612626792905 0.24222305442641817 111
0.26675453675871386 0.25692921908888383 111
0.27507817971256443 0.2422572520363335 111
0.2701409103085146 0.26542743849893163 111
0.27227997975258594 0.2625998460251199 111
0.2811424450311302 0.24886833007879083 111
0.2757194809481679 0.27182819636287214 111
0.2862288032622928 0.2717870061383613 111
0.29116708134645664 0.31344226228396666 111
0.28885143849859457 0.27133690985767356 111
0.3010437306058261 0.324448833384507 111
0.29337844081415326 0.2944319933047206 111
0.2955881800416832 0.3074457531999698 111
0.2849880076335358 0.29340679810373127 111
0.28899317576076544 0.2880275302982212 111
0.3041741013229896 0.32054970564472673 111
0.3039610544118185 0.3076742416066944 111
0.2965273012849468 0.2976970849373588 111
