training...
0.2816705762700646 0.19230855899375324 96
0.28694400812389953 0.1884029816893456 96
0.3166370094310463 0.26297923446001686 96
0.33353534573877663 0.29541878573417457 96
0.3478313129809594 0.2829820183310424 96
0.34817928276849797 0.3393489867961452 96
0.3703028243554031 0.32919975525972134 96
0.3713843067282599 0.3202780278234628 96
0.3677850676787315 0.31816926301100923 96
0.3881409783271493 0.32158041268882104 96
0.37739477365852864 0.2933371434918857 96
0.3915551810678149 0.3179471704462635 96
0.3764086493116867 0.32928993192145073 96
0.38347969172836577 0.3382567859832537 96
0.3931259768805795 0.3291554542820547 96
0.3873088806768708 0.35274141549931903 96
0.39023121513362585 0.3360959511996191 96
0.3875506696233415 0.347258383930222 96
0.38706704026093347 0.3473542088596047 96
0.39384168368086253 0.3685859268746269 96
0.38654711343849474 0.36749876688184313 96
0.38275153454170024 0.37059502046531245 96
0.38270584656052026 0.32313533442422515 96
0.38938801906241083 0.3613893034442347 96
0.3899461750104263 0.3412375179689856 96
0.39624386421854235 0.35125400891153236 96
0.3803007258947369 0.3455980975572274 96
0.393868181439216 0.36142994756932945 96
0.39018286702843313 0.36173907899980146 96
0.3857319194308903 0.3566706084888768 96
0.38552861908531905 0.3093637592127099 96
0.39596189237993046 0.3233184217130645 96
0.39467461517233904 0.34809313060219044 96
0.39748131895732985 0.3625219143008474 96
0.3909166158046955 0.316699456226517 96
0.4004362201449083 0.3503243578567571 96
0.3920354732386741 0.31333455180527214 96
0.4099585380720809 0.36585346202082847 96
0.3906811772158922 0.32180070696945173 96
0.4001557092570566 0.3544644403956966 96
