training...
0.16964993641572693 0.11739339586013288 111
0.22445793781467366 0.18305024096063466 111
0.24922565011109055 0.2322470373452262 111
0.2592876582938898 0.26033537813496416 111
0.26960348169939957 0.2644576023626787 111
0.27228053426423904 0.28309402953004636 111
0.27449576521856195 0.2434239275665248 111
0.29569164085924654 0.30691465578041865 111
0.280326803007857 0.27469105215755973 111
0.29049186388462295 0.29019400173966897 111
0.29422751507753014 0.29453305907534577 111
0.2933353448163721 0.26896577482541245 111
0.30276419625687245 0.29480121751647675 111
0.29863863447256994 0.2947963225992742 111
0.30407467854498704 0.3046943839248292 111
0.3019328476837351 0.2927820660717955 111
0.29525750769926584 0.29350919598943526 111
0.30915629236337344 0.32034836362977126 111
0.30525251555909616 0.30948210074272264 111
0.301242844733915 0.3048357858723835 111
