training...
0.15549287646327017 0.12887400450705755 111
0.22624108379355018 0.19446283533642483 111
0.24863011118755546 0.22421815772988365 111
0.26869227912867905 0.250748964496768 111
0.2772046220017455 0.2644963405557256 111
0.2787620456631153 0.278565447667214 111
0.2819883311382667 0.26297372296825183 111
0.2856615938061438 0.2812847550042654 111
0.27122658758457735 0.28297622498010944 111
0.28933976637770703 0.2905429243795916 111
0.28843854091950083 0.27881424606903255 111
0.2927988074278252 0.2913364021627785 111
0.29718257073654036 0.29503313392808755 111
0.29397357601072605 0.2872656798861996 111
0.2978313212627136 0.3050360742635972 111
0.2893797821786826 0.2866241466476446 111
0.2904266353716981 0.30750705140641815 111
0.30666419177443216 0.30820430487205613 111
0.300464132033339 0.30014878347150037 111
0.30153519898004344 0.301040802238819 111
