training...
0.0720386324022879 0.02010007800788882 111
0.08761580161540411 0.038556284817962534 111
0.1076589705365769 0.07011746409654603 111
0.13102887119358142 0.09888402432696795 111
0.14810329880470854 0.10547294369298883 111
0.1681162970642815 0.14741306923790823 111
0.16157960915120154 0.13599226243408108 111
0.18190319695158375 0.16401054554230726 111
0.18243098156877702 0.1613329051160117 111
0.18082989784833314 0.1555036526459266 111
0.19448920676447087 0.17479263492077216 111
0.19131725337879688 0.16720260216539365 111
0.19330522928226862 0.17109766616698205 111
0.19484763529063004 0.1803121178794537 111
0.19426546120193444 0.1638334373800908 111
0.2006266391349794 0.16766686004830453 111
0.21016295282942943 0.1844544318949015 111
0.197123069208581 0.17108816687459402 111
0.20298575587633225 0.19102775098074368 111
0.20668010796491257 0.18470053953298987 111
0.21216022426349632 0.19782333305509 111
0.2072812292560347 0.1908462438336446 111
0.20970876479162756 0.18682409966553093 111
0.2196883529133636 0.20318597792830392 111
0.21811303437962698 0.19556124352230325 111
0.21662875870959217 0.20836697614631805 111
0.22129865258559003 0.22342667695489118 111
0.22212997411381794 0.21992154011184262 111
0.22918149020247175 0.21373891070012346 111
0.21675891270465314 0.21722126102290304 111
0.23059871691108866 0.22298983759812324 111
0.23198666194940107 0.21122159112090194 111
0.22923777211085675 0.22016976729837795 111
0.2291888185031021 0.22315607145170202 111
0.24108000715315636 0.23674499579513855 111
0.2428507442002182 0.22195057478138203 111
0.23749350929564902 0.2396885745956083 111
0.2337645819331155 0.22958584549104336 111
0.23326413083053718 0.20350193251716242 111
0.2409858977684177 0.22533294748534427 111
0.23917197885166777 0.22615576617427605 111
0.23719681595242598 0.21422268247216855 111
0.2391224410650225 0.24247584914046377 111
0.24325540221316577 0.2339878864802005 111
0.24375151580556745 0.23609351308170382 111
0.2436938830397677 0.22999682712020084 111
0.24907122702050213 0.25179740313219223 111
0.24601925822089213 0.22754847932505082 111
0.24825827464021927 0.24441965415567718 111
0.24817190314325213 0.22097654731597374 111
0.24380915510355508 0.23598889841888995 111
0.2529017670682714 0.24593510530935447 111
0.24641047769892324 0.22867821988373996 111
0.24781596305752343 0.24420460163524468 111
0.2454968730770856 0.22218719719669258 111
0.24735237939949445 0.24073145974105853 111
0.24573278433050857 0.22427951365119073 111
0.25754319532560066 0.2410003103407113 111
0.2461285613565985 0.2460989048020194 111
0.24804062047854533 0.24096636555042286 111
0.24910806654025217 0.23483228556226157 111
0.24661017477121433 0.22921797789624457 111
0.2551978838210552 0.24341535517792556 111
0.25516129961699147 0.25572866178798864 111
0.2545509994166422 0.26031485064127646 111
0.2553143622638058 0.25391705603998066 111
0.2553034161954639 0.23808185563693607 111
0.250821043696951 0.24464854429741711 111
0.258264656460898 0.25767309948616507 111
0.2540254334759373 0.24443946821772045 111
0.25398561416410337 0.2425913928033996 111
0.2566331034926026 0.23031782004099266 111
0.2606165287614026 0.267575664467148 111
0.25454313710373305 0.21799296369587015 111
0.2529925860753393 0.2303241502295231 111
0.2597437746864534 0.2475233224315683 111
0.2586513539322176 0.24613848891195175 111
0.25037235558531024 0.2365208713167869 111
0.2622129711571417 0.2484196627666711 111
0.2557482964464157 0.2506649102625952 111
0.26492563557529325 0.2639621446521732 111
0.2536964921182536 0.2313895435276819 111
0.2638902387693265 0.2558860553957492 111
0.2595718713587935 0.24501891803946554 111
0.26608077566821603 0.2561692009502432 111
0.2595053187893653 0.23125281369728148 111
0.26119776978975895 0.23911418354708708 111
0.2636244639002348 0.25745051597361046 111
0.26550474928359447 0.26054719961196077 111
0.26878805973059944 0.26507215318793925 111
0.2606831973792248 0.2663662300994868 111
0.2554130150337897 0.22593362942142484 111
0.26438148935162936 0.25476200065629245 111
0.2604116291055832 0.2425542923308717 111
0.26782063318908894 0.2587312466703784 111
0.26729233851506073 0.2699656194843486 111
0.25780163474501105 0.24162110643190332 111
0.26345750044157523 0.2712188769169103 111
0.2657616955224496 0.2495871683287968 111
0.26393531156084143 0.25546680111617903 111
0.2672050126772458 0.2893557307708462 111
0.2676230299303774 0.26805352748747713 111
0.2658369099695167 0.27794622709527217 111
0.27097340391121716 0.26018742169235803 111
0.2642698458053432 0.25397522304965353 111
0.26263652827297285 0.25766017476077663 111
0.2649315126366938 0.27099704819096737 111
0.26401128077876723 0.25630025454260597 111
0.26973125915876806 0.26941329603121916 111
0.2686953462363544 0.2574720003075648 111
0.26110659392430013 0.24020121636129985 111
0.26846362343465313 0.2533804269684478 111
0.2652355647377259 0.25522234854751114 111
0.26296488970597537 0.2384473926327672 111
0.2643468234013965 0.26062791134077123 111
0.26920322256278023 0.25058020182551727 111
0.2709595973801708 0.285431207517809 111
0.270162640995647 0.25137962356954546 111
0.2695495063047554 0.26649242909910353 111
0.2663578356130489 0.2573453083234591 111
0.26709878105489987 0.25865650540703844 111
0.2677939304051248 0.24813384544047942 111
0.2708652407630507 0.2618418970426848 111
0.2725431522994725 0.26332158506004194 111
0.26638986178811025 0.2666457113621877 111
0.26914117421796485 0.2619836949183451 111
0.2688084935221387 0.2567853051636345 111
0.26567029188179114 0.2742461231512691 111
0.265580250768743 0.25780293202202076 111
0.2659057297471735 0.2700801336947713 111
0.2682398306217778 0.26753108697326483 111
0.27011724803512055 0.2626862567973766 111
0.267592538717166 0.2548781351328276 111
0.2692879287276224 0.24453138413068168 111
0.26941813477795146 0.2619455120735327 111
0.2700995324999816 0.2596677074249225 111
0.2687942441469478 0.25250841019731923 111
0.26991089335175933 0.2621913755130797 111
0.2722288138479603 0.2623973898471184 111
0.2757040366984004 0.2592974680099427 111
0.26924776935429334 0.2368838563097055 111
0.27410365283022775 0.252257920818044 111
0.27215791557016805 0.2594405015923845 111
0.2698266072606149 0.2613950935251125 111
0.26668538644869866 0.2586400774228604 111
0.27910949148917635 0.2828635494169187 111
0.2722828645115658 0.2706317999718596 111
0.2694660475838974 0.2481868474142645 111
0.274903923183545 0.28871929783166816 111
0.26982320965843276 0.23948938092876 111
0.27646597930501915 0.2767457964825732 111
0.270432722854346 0.23525661409896087 111
0.2704442608913926 0.2726740958149729 111
0.2688870339261454 0.26295830956954586 111
0.2649980915096982 0.23465121658412708 111
0.2752671990057029 0.2720930645643575 111
0.2714913722004201 0.2538994944452264 111
0.26957924450254056 0.27415562828340984 111
0.2746443712509377 0.28195122016644536 111
0.273565131885608 0.2469833959072802 111
0.27196078678526603 0.2490203847487883 111
0.2640494437311649 0.2396157987068645 111
0.2705605246368873 0.2511772528368419 111
0.276756967417171 0.2634164994178664 111
0.26864778101032927 0.24547151688870647 111
0.2713933733736446 0.2552862954463572 111
0.267874830269075 0.2549621381922131 111
0.2690050940012638 0.2459825592007047 111
0.27599592667990547 0.27357184936632617 111
0.2729882815180733 0.26802410807838484 111
0.2700790574187056 0.2675614557032665 111
0.27759783987986425 0.2681947840879123 111
0.2736743669283439 0.2445573291328243 111
0.2697467043234508 0.24890551835696936 111
0.2720701818766563 0.2530147570729509 111
0.2702281205235846 0.25662416642160657 111
0.2779705485073477 0.26842744268596097 111
0.27439403532709616 0.28472568906888784 111
0.2741018859788422 0.25697351480798203 111
0.2704914752673662 0.2443264577332926 111
0.26911015334180494 0.2717475222832553 111
0.2703380532702447 0.26572115712638256 111
0.27756321746279206 0.2936869192671336 111
0.27688535938376657 0.2564166602018369 111
0.27782244407406037 0.26187972240066326 111
0.2791345081653275 0.2754992309990478 111
0.2828974086331801 0.2815371884733239 111
0.27199452003117375 0.2487225488773031 111
0.2696015692191616 0.2588539051711305 111
0.2764457958282816 0.25138896554877266 111
0.27324831586535575 0.25084296757194885 111
0.2767165919019039 0.24938717847644917 111
0.27376443861047733 0.2571262698781016 111
0.2724507369915214 0.26312235434711323 111
0.2709708559335311 0.2450350956657362 111
0.2727963164877115 0.2648419123579515 111
0.2745094115397776 0.25431297678436804 111
0.27448671811069586 0.2726116231766556 111
0.2771672786479466 0.2634256319172042 111
0.2755519209354583 0.2626043305034083 111
