training...
0.1700379355250953 0.10821261468090985 111
0.2171863060865705 0.19203611494474324 111
0.24072860243234123 0.22489696812418314 111
0.25864093504025115 0.23756426216045493 111
0.26110847930303765 0.23855723995939138 111
0.27063965230409653 0.2814387219044795 111
0.27363844923268604 0.26766151073460676 111
0.2793596387107458 0.2606666546750537 111
0.2732458399867733 0.2664844548498463 111
0.2783457644029557 0.2687520227032261 111
0.28701061313189535 0.28370132548890137 111
0.2868762528783213 0.27147018077396723 111
0.2949381784685489 0.28814822742300794 111
0.28692956045085644 0.2684045412246614 111
0.29760375158823854 0.30516429010968593 111
0.28304655187489114 0.2512037499822611 111
0.2839427670324808 0.28107967016606544 111
0.29537267818540935 0.28910711548377555 111
0.2951401981905666 0.28598786146508526 111
0.29179116535846095 0.2892133356480244 111
