training...
0.2325764088158298 0.16962694444679027 97
0.2560735753586131 0.2246126732179264 97
0.28624469351354503 0.25338925422273434 97
0.303702499094034 0.3041922677865539 97
0.31905101238685274 0.29646583655522024 97
0.33270902135100894 0.31577509722593844 97
0.3377031193642109 0.3242549133519251 97
0.3428973928841765 0.31644844066167294 97
0.3575765712169543 0.3373009823863933 97
0.35836059044790763 0.3350213365055977 97
0.36510338095442946 0.3316731105083228 97
0.3775986847459364 0.3832279022064163 97
0.38170979559475926 0.3642652577740908 97
0.37707262533296926 0.3450849305639556 97
0.3851279605223977 0.37064408200915555 97
0.3768204606678885 0.3397198022690271 97
0.36720396220564494 0.3394356233909028 97
0.3744661092436908 0.33203758353789414 97
0.3796643520136764 0.34920210494773696 97
0.37732448322516143 0.31843849084379816 97
0.3734495367417261 0.3171228655747955 97
0.3682830967450525 0.31827253699718255 97
0.38229836603222467 0.3349669037798709 97
0.39459806457500773 0.34476987304569584 97
0.3805291843234304 0.30665085575361856 97
0.3779511233992983 0.31657434887872876 97
0.38364316818480976 0.3309283303369923 97
0.396712808978869 0.3563048435065793 97
0.37319864874500247 0.311386651778245 97
0.3736977496479598 0.3259604010772303 97
0.384822032348646 0.34346614341995657 97
0.37452096452795325 0.32036962224492166 97
0.36922905595768146 0.29422872533727507 97
0.37214568987174024 0.31095419759659126 97
0.364132814033919 0.2866574978547841 97
0.38770370900786016 0.3557020176589556 97
0.36926926744599453 0.30920243733432196 97
0.3778256039565964 0.3230910679717066 97
0.3774110442019868 0.3025728399705262 97
0.375109428970665 0.3079203818125779 97
