training...
0.06342591088364648 0.01839783466382658 111
0.09369003652669788 0.04721579199673713 111
0.10972949003633815 0.06696569174453858 111
0.12637552813083613 0.0964738217819651 111
0.14087175965155266 0.10667258226667704 111
0.16403698346854914 0.1202522219618858 111
0.16819492689995805 0.13304205581862644 111
0.1744419178332635 0.1317800121237812 111
0.18539066722215586 0.16504557917314763 111
0.18370572460347678 0.15216328339908358 111
0.18967575510387932 0.15163031595128443 111
0.19051201883922259 0.1721504064748675 111
0.19622111427551367 0.17115070050262007 111
0.19641657890757985 0.18082054047096652 111
0.19622663162468923 0.17146653955441207 111
0.19921910526254552 0.1800536040580256 111
0.20941849945250407 0.18609095143811064 111
0.20260918183419144 0.18202183272394146 111
0.20116969502950394 0.16394929866643687 111
0.21853610388836492 0.21628065075421724 111
0.21563486029898488 0.21282173513556296 111
0.2239568845715634 0.20722876692326087 111
0.21639463185089722 0.19813052661368347 111
0.2276728863193469 0.2113919465619367 111
0.2224470045525343 0.21775238992434062 111
0.22491148476282727 0.23252366464019886 111
0.22371657886610782 0.20741607042079052 111
0.22671729103361976 0.21659417664034067 111
0.22970034352574664 0.22417484612769825 111
0.22744776516597154 0.20895781247300788 111
0.2371095806462781 0.23289065676635679 111
0.24049179836685086 0.2179734734060155 111
0.23640797791820828 0.22222488711668043 111
0.2326368336488987 0.21680944590377366 111
0.2459099258106022 0.24307442716103478 111
0.24066029941676167 0.22730323287299367 111
0.23980082068853056 0.2438143520472037 111
0.24365075298292782 0.242593905844168 111
0.2372849893604525 0.24178217427429796 111
0.24198712736353678 0.23183409862196325 111
0.24130364185035366 0.23288250126966858 111
0.24084009847087462 0.23854251390536188 111
0.24042222254264464 0.24796964276073283 111
0.2505687323110803 0.24537494576732916 111
0.23990520447383112 0.2352430395431742 111
0.24804365329953 0.23657511384370805 111
0.2523227379416991 0.24215780413124277 111
0.24631768060010156 0.22686490802847728 111
0.24020214871497234 0.23924424655149704 111
0.25258212482482684 0.2606864773151702 111
0.24581444890738327 0.2275310993537935 111
0.25785564121747623 0.25719958490146305 111
0.2481669307205583 0.22808421083147637 111
0.24614311361167943 0.23726747318942806 111
0.2538187754329758 0.22499701498900357 111
0.2522693949989 0.2436934492395407 111
0.24871055164936767 0.22606205676138985 111
0.2547352332749008 0.2398692031100936 111
0.2536011292527121 0.2574399019296803 111
0.2517626720833351 0.24623131862325207 111
0.24663606062921534 0.2292694555888059 111
0.25020891178496807 0.22759267102236655 111
0.2554695981561525 0.24805132828131046 111
0.2508056667225203 0.2588165005354927 111
0.2528487361178645 0.2446868371171496 111
0.2584910228024848 0.2568262860982816 111
0.26079986451427234 0.23950801547354478 111
0.2523585017388354 0.24990112330366127 111
0.2567322891393581 0.25899338538187333 111
0.25490226671085464 0.2467540431343714 111
0.26359726663579996 0.2441220188123705 111
0.2547516489444972 0.22497989387152045 111
0.2581560009823239 0.2543515526041767 111
0.2536057789138992 0.2363619262135941 111
0.25595187021935367 0.24204502283214493 111
0.2589703316310867 0.23396649468136577 111
0.2604106135358939 0.25084393326224824 111
0.2516695253397848 0.24014083201309627 111
0.25604984422276167 0.2631195240963112 111
0.25931121874978047 0.2500854595363781 111
0.26768173352073055 0.2661475209314321 111
0.25223540393524196 0.24830886199425597 111
0.26239371227268576 0.2658704875903891 111
0.26916598387518753 0.2584543260140412 111
0.2619467419333993 0.26539767046681395 111
0.259994228087361 0.2280157217808259 111
0.26137110123955687 0.25361675331323874 111
0.2579809664685349 0.2497656641092013 111
0.26616700202513405 0.27180375932123135 111
0.26539205171373953 0.2548280407874817 111
0.26129181682687597 0.265819262614586 111
0.2608654812015256 0.2565917706156408 111
0.26414400965581347 0.2631414781596489 111
0.2639233676940953 0.2630745782856596 111
0.26907782011681697 0.2507727430819571 111
0.2611537710855916 0.2494956917847527 111
0.2579628823729333 0.2496179975762275 111
0.26337623965139045 0.24346912216290117 111
0.2686268172464593 0.27800891173090225 111
0.2584861857501318 0.26823144987868813 111
0.2626403288190129 0.2491478467037832 111
0.26330459352582725 0.24908786976025812 111
0.26746604671011004 0.2625780185104593 111
0.27303647625673116 0.2913073025053297 111
0.26224818999138405 0.2533538948875483 111
0.26402119670117147 0.2699053846562883 111
0.26460120742598325 0.2651097880530689 111
0.26223145480565757 0.25742343035675624 111
0.26963806735539203 0.2760781788236013 111
0.2648357409891214 0.2598840062421656 111
0.2682290007933008 0.25973090874513244 111
0.2657978228831774 0.2614464974780001 111
0.2663359174669967 0.26325653382101993 111
0.2635052944691124 0.24965252233640223 111
0.2640848147744834 0.2688063682385956 111
0.2678679156894163 0.25281753657051165 111
0.27215010868844675 0.285877103812084 111
0.2697772217322998 0.27259409772588883 111
0.26919143181533206 0.2861275834862109 111
0.26802016164383474 0.25245749456652783 111
0.2684139671788202 0.27211380488190573 111
0.2620538865628307 0.25714402740367337 111
0.2680144001400469 0.26426247369651357 111
0.27628093469863485 0.2780792388245615 111
0.2671165163576504 0.2601843974969112 111
0.26988704246601236 0.2752758966601989 111
0.26354362622671523 0.2545106576854343 111
0.26407899386921213 0.27979498590802143 111
0.2680213614552832 0.28045870822228475 111
0.27297116620118306 0.2557146528197619 111
0.27301816310928634 0.2686133062435222 111
0.2706734157826433 0.30067436676495646 111
0.2663446127650159 0.25953239569293673 111
0.2699629042300874 0.25876193882432363 111
0.27053560167911334 0.26719324267779193 111
0.27238463408660646 0.27716362496684127 111
0.2682032951582436 0.2804533272201268 111
0.27735894298506386 0.2719343679650882 111
0.27611670321910997 0.27225069209309943 111
0.2738711734152272 0.27191982455493324 111
0.2694692030469724 0.26413945273447453 111
0.2730618166814523 0.2749603658877995 111
0.27208668911991657 0.26255689462611526 111
0.27459800465421147 0.2831085283582272 111
0.27065953558228245 0.2722695694930003 111
0.276215318605974 0.26598643657825105 111
0.271176472969739 0.28111951775047855 111
0.2678953784271448 0.2614418876309138 111
0.268504705671437 0.24770513762517085 111
0.27183868391982463 0.26507901798087175 111
0.2720639946527605 0.2646139519657994 111
0.27245572847007243 0.2707610429198935 111
0.2707923916788994 0.27009289513830176 111
0.27263949042339125 0.27722574383966253 111
0.26292336083153756 0.2542871040141221 111
0.2753696312302405 0.28719159304489267 111
0.27034165008011823 0.27376506441628007 111
0.2681522790430596 0.2718804056384923 111
0.2726580755861084 0.278422747476667 111
0.2715220633367771 0.25874476780158756 111
0.27525193434225703 0.25757925979251856 111
0.26508403743015607 0.2734009237678977 111
0.2710249601152979 0.2571790166083177 111
0.27297149963047984 0.2776225616538719 111
0.2710784161440214 0.27668672665528615 111
0.2749243620397211 0.2753208791643252 111
0.2728768658158062 0.272634672501236 111
0.27139308308852134 0.26874559673320736 111
0.2786295681298789 0.2818794609263398 111
0.26935299747219005 0.2652808763157569 111
0.27308910742123477 0.2678218343818176 111
0.2749701728016174 0.27185911730137785 111
0.2734999293255353 0.2813658262105454 111
0.2683032567374554 0.26097863459583986 111
0.27074932070869484 0.25739760293593145 111
0.27190817484383056 0.27316087469282896 111
0.27277937543088343 0.2704635844117208 111
0.27522628235258756 0.27418693890777 111
0.27448932932890635 0.2617258296871896 111
0.26717063839699773 0.25495844812051416 111
0.2694357078587181 0.27734749169794515 111
0.2723524255753258 0.2516814251306979 111
0.2736949594921722 0.2985108108556635 111
0.2744267347994198 0.2624502827976963 111
0.2766250839102814 0.2674572242057419 111
0.27792471997587415 0.2703083179701041 111
0.27814980851316823 0.27546012063382286 111
0.27238498219290314 0.2541448867473426 111
0.2725493162799626 0.27251868575450955 111
0.274685252437446 0.2851085874142557 111
0.2715351285983662 0.2547113377363744 111
0.27605406386864845 0.27414768732568084 111
0.2744588196663674 0.2618427734369567 111
0.27025523130835527 0.2567807750269239 111
0.27319093102751374 0.2791525161930166 111
0.2731780426598297 0.2806191008865523 111
0.26936242703651647 0.2780274771583212 111
0.27837864268731005 0.27120176512159194 111
0.27971239261770986 0.2787235954792094 111
0.2774789389649885 0.27830310940209835 111
