training...
0.08313827507760121 0.02863737471560217 111
0.1283208260805395 0.07929557097875829 111
0.15399774346772266 0.11986089737403094 111
0.1822516860482995 0.13674901098008996 111
0.206717382934172 0.17134478927622135 111
0.21889806382780824 0.20592112473472454 111
0.21535375802088044 0.18666021097329286 111
0.2246446721447437 0.2056953823149133 111
0.23175802000470413 0.21608741293659633 111
0.23580898521470436 0.20423758244906054 111
0.24084390598149144 0.2331012723651945 111
0.243281207038474 0.23232445025404092 111
0.2423736303785096 0.23105431576974025 111
0.2493444566697345 0.24094578759888552 111
0.25041375644758024 0.24779729228721892 111
0.2545530203156311 0.2316958967469552 111
0.2530816210592784 0.21983884202052267 111
0.2565405289958005 0.2454946758938027 111
0.25785263524761376 0.24729583942668715 111
0.2549564075045857 0.2399910601265538 111
0.26172284524577233 0.2635028902880271 111
0.2651604966133197 0.2713247617773921 111
0.2643503796044462 0.2707533230840609 111
0.2673907257614012 0.2542314309334113 111
0.26661189280050684 0.2615889921511865 111
0.2673156933776415 0.24775230580298538 111
0.2697996317882364 0.2597626405468308 111
0.2730684078556039 0.2616319233945185 111
0.27367074538482383 0.26433221553912356 111
0.27421772893952684 0.28370850513226786 111
0.2759005033512927 0.25580179178131984 111
0.2780156374913531 0.28406863505898095 111
0.274730894136507 0.2602272021577175 111
0.2783260583863173 0.28476353796437454 111
0.28207634148498545 0.2868490842442332 111
0.28028512242216685 0.2747023237907917 111
0.2828000316895942 0.2693715752920897 111
0.27968700697623594 0.27419826239378015 111
0.28099370605238644 0.27717628919125736 111
0.28550337590667485 0.28214334924676365 111
0.2818926955933559 0.2935741826219347 111
0.28077979361436395 0.2484762356316166 111
0.2809901453109934 0.2623713714267117 111
0.2787308681523951 0.2613375313107166 111
0.28581308760534857 0.2887825112488779 111
0.2905705128817251 0.28626106030730647 111
0.2902471251211065 0.2893753643903635 111
0.2901100352795354 0.27339565096538254 111
0.28332474882805064 0.2667345511592342 111
0.2766798325067387 0.2570593613571619 111
0.28852558868482703 0.2715773586670575 111
0.28770657058599003 0.27486444319174164 111
0.2866805028434941 0.2783083210228295 111
0.28855134262009263 0.294121454058767 111
0.28408945989939305 0.28263931065881875 111
0.28509881837480155 0.2865960469836736 111
0.2836518954498178 0.26366115743319096 111
0.28800742877714364 0.2841300106804001 111
0.2916522826776246 0.29058049093548544 111
0.28637099877057354 0.26659368064247174 111
0.2902929776085326 0.2677893156082944 111
0.28758406845871626 0.26758419466894895 111
0.286735979440792 0.2584651178465917 111
0.2871106070492516 0.28366530564937814 111
0.2877912016272231 0.26206004847642345 111
0.28737349903691883 0.275658810987973 111
0.29598832292953053 0.2995019815501755 111
0.28599750757338976 0.26480199735469906 111
0.2811970845753429 0.267983110257184 111
0.28726593163976194 0.2660375092901423 111
0.29255940146377 0.28005756609315696 111
0.28659784517918385 0.28880310338080395 111
0.2933861135814423 0.2937853974739232 111
0.2899624004033198 0.30112636597519493 111
0.29063235964486017 0.26909252167617675 111
0.2934834965262773 0.30372560698271067 111
0.2915859107127618 0.3023852063149794 111
0.29111256128990465 0.2558290802091494 111
0.29730544705599865 0.25968618778421565 111
0.29532165544807454 0.28990565968175386 111
0.2967831650823264 0.2736269929039062 111
0.29448237675793004 0.28337957094745586 111
0.29626699560121333 0.28681355156178034 111
0.29479111638812516 0.25856125901012034 111
0.2932181602066065 0.28016388438619605 111
0.28880706839849124 0.259543826250418 111
0.2921544734610171 0.26506773606620854 111
0.2910782634582978 0.267488600394239 111
0.29135732421614513 0.2727745033364203 111
0.2910385509559052 0.259564328396666 111
0.2901543234534775 0.26715021517927884 111
0.2939713143432487 0.31450164848140405 111
0.29127470104804715 0.26804577348109143 111
0.2947254771311024 0.2757078701537506 111
0.29019841259172896 0.27960938507185995 111
0.29235257809708903 0.27559195510119194 111
0.29840505341727 0.3011492682716819 111
0.296462367473295 0.267165802089474 111
0.29179564354556486 0.2725843081809616 111
0.2934493463629978 0.28166278449499416 111
