training...
0.31950848361738693 0.24867864148483287 99
0.3488527559282797 0.32544568415249525 99
0.36094529300298844 0.3138367246506684 99
0.37087774421184383 0.33359134645977123 99
0.3746205607539741 0.34751605723251594 99
0.3957821871100267 0.33123605757687424 99
0.4058503273849519 0.3342216291456718 99
0.4058882976529324 0.32554936652846195 99
0.41017320428983367 0.3611654499557545 99
0.4079844880113307 0.3310908041635431 99
0.4192406447307459 0.35885250900651966 99
0.4172960931203118 0.34599081609969334 99
0.428203538484643 0.35880439371064143 99
0.4406361927042547 0.41540336031693553 99
0.4358029423448444 0.40775736922794636 99
0.42661601316896786 0.37586096568439464 99
0.44003940310577494 0.3923889566143945 99
0.44411866669853745 0.43701469383734115 99
0.4373414170566506 0.40866063890795323 99
0.4396903240958998 0.39679408649956244 99
0.4470275513322284 0.40403382221016626 99
0.44192000662071684 0.39856284298634886 99
0.441921210684773 0.3832673735599494 99
0.4408264631454869 0.3879162899825364 99
0.45677651083108634 0.44396128172967275 99
0.44781012668156583 0.38595165257262676 99
0.45582172473458754 0.43228382684839883 99
0.44457940139386515 0.37156284667617745 99
0.4550836534592654 0.39035244367115285 99
0.44485155937532433 0.40412783776037026 99
0.4509340796729853 0.4281109411541075 99
0.4539149729885105 0.40132361936688665 99
0.44908001739574993 0.41271533772032487 99
0.45395926062586334 0.4023098090989492 99
0.44656948782909095 0.3975791148559419 99
0.44887880774719385 0.376012441200582 99
0.45116899199430943 0.4038677929689912 99
0.4485900491296637 0.3999023886168292 99
0.4532228358111402 0.3905489210503429 99
0.4470652269706937 0.38150116315371957 99
