training...
0.11196961942150808 0.07033313005466114 111
0.14541938777800303 0.10703665442994008 111
0.1562038325008478 0.11213077870950708 111
0.175669274658024 0.12492237883224003 111
0.18322757164589415 0.1405525808814469 111
0.19468848565575309 0.1669387888749825 111
0.19184001046142937 0.15378466155839868 111
0.19676678593617888 0.16365959728408885 111
0.21195131803683173 0.1711730531196882 111
0.21181138692327733 0.1718228105982165 111
0.2101278566002994 0.18994933262050356 111
0.21978587970575805 0.19633671351811655 111
0.2201856104710041 0.20602793937365543 111
0.23110255617521527 0.20660639081859608 111
0.23303249406550183 0.21383691961561896 111
0.22592937602259533 0.1929431951735654 111
0.23542481396287768 0.21988487805309592 111
0.233302896882492 0.21431623626105917 111
0.23743684977744145 0.21570949632295525 111
0.2477142752638272 0.20758499717659326 111
0.24546777863114252 0.22585243253404835 111
0.2450802682556085 0.20866118648045892 111
0.24562759121661745 0.22161001955299145 111
0.24950481698528545 0.2306102162200153 111
0.24991896394268565 0.24066493169169242 111
0.25238251849797194 0.21798833198293283 111
0.2506127164812414 0.23109457747306522 111
0.2524535675428699 0.24677793967326137 111
0.25916405822029376 0.22929800398982084 111
0.2512776287475484 0.22604130099348105 111
0.25866137504471487 0.2236837978216723 111
0.2613901546465943 0.24860470818054722 111
0.2598705108881166 0.22954662949051072 111
0.2577020013664432 0.230225991901535 111
0.2631603181474362 0.26798625668727993 111
0.2649148361432782 0.24437445127337395 111
0.26503925070185114 0.23482610864466055 111
0.2650893693108543 0.25907236046254795 111
0.26523828813743355 0.23385207683807838 111
0.2621669790685005 0.24403467027905526 111
0.2620776600501317 0.2332088837246211 111
0.2641688743703824 0.2511098409687649 111
0.2607526468406579 0.24400733243040346 111
0.26737343235664096 0.27190629687856804 111
0.26168687782520433 0.24711266376022686 111
0.26852079395358286 0.26353672852064125 111
0.27372192752310226 0.25603139649380047 111
0.2673307284233038 0.23541312553754348 111
0.26380628866420464 0.2520981335376359 111
0.2709523329612633 0.25270327407545595 111
0.2661396651085941 0.25163413215633 111
0.27815651106302436 0.27050536832844585 111
0.2720719120420302 0.25920975417793113 111
0.26881083722849036 0.2630518680790728 111
0.26864497930591485 0.25949719422054773 111
0.2608776654085716 0.25210592305361507 111
0.26832906630182274 0.2584439837037981 111
0.26975530087831506 0.26015838147840975 111
0.26865040034345394 0.24711794852058402 111
0.26967958800951214 0.2441622604334251 111
0.2685303294596186 0.25373659847498753 111
0.2613044807415197 0.247328752717408 111
0.2727290830713158 0.27085915466824 111
0.26607427804904593 0.25929805550928237 111
0.27607015525372414 0.2705446788248715 111
0.2726413567138468 0.2730845750564724 111
0.2729055146414274 0.2791786507939379 111
0.26880303453376103 0.2571981320383488 111
0.2729356607197068 0.2631520931959661 111
0.2728340409157632 0.2788603162297732 111
0.2710428238665681 0.27180250571041836 111
0.27120085990753495 0.24710587910438098 111
0.27102042415057304 0.2832720727388524 111
0.26892429044801364 0.24053594948087512 111
0.274053032962155 0.28202255660886943 111
0.2717938719166674 0.2716665778251075 111
0.27493007175701567 0.2634607605542327 111
0.2716425288411085 0.25893932134794456 111
0.27605643724364826 0.24659320427523207 111
0.2708479104867184 0.2701901029103639 111
0.27801665955469096 0.27839128434952287 111
0.27128768461972436 0.2593022377375094 111
0.2764366355341046 0.27014201637142965 111
0.2805021776855371 0.29031613322605515 111
0.2811396372774221 0.2807034923259288 111
0.2778945473069486 0.26207168901510536 111
0.27758087744976906 0.29243806159775804 111
0.27546077150333503 0.27125662725366595 111
0.2736086958390864 0.26875180363257867 111
0.276847861502666 0.2790915171743251 111
0.27845248959009355 0.2861894888931918 111
0.2795253924539797 0.29411424896659283 111
0.2769830880950737 0.2672666436186649 111
0.27662150195612395 0.28329170636222234 111
0.2797618695238813 0.26370093254716087 111
0.2776250282914038 0.26726342128106406 111
0.2755878454058516 0.2671125739073195 111
0.2761581037891324 0.2722152064662739 111
0.2808201503361467 0.2905245254697767 111
0.27879637859638284 0.25812761005596613 111
0.28060581510644217 0.2740108958538318 111
0.2806770183369887 0.28190650411040336 111
0.27922803337020335 0.26615868718247404 111
0.28399182403473744 0.27547798700194687 111
0.2788904732229949 0.2646933092175915 111
0.2816175405865995 0.2888559713507862 111
0.2749257715142211 0.29574454330676614 111
0.27674558210052047 0.25469938772063405 111
0.2815995193351325 0.2839477514364178 111
0.2811162447574089 0.2659936722914361 111
0.27761769758466226 0.2657111308190544 111
0.28239804324549855 0.28663401214597556 111
0.2830625814077158 0.27833068077256007 111
0.2779730748181839 0.27414690213962845 111
0.27984389808135085 0.28487767851796364 111
0.28046975803928376 0.26819992794967845 111
0.2858401210903887 0.2984959338463334 111
0.2832037770127105 0.2854313077587042 111
0.2853427507179156 0.2954483051486618 111
0.2798782441021027 0.24870699562062223 111
0.2776147327122943 0.28900931495992527 111
0.2770111644894519 0.26660964098469037 111
0.28176430820851167 0.27844196388786024 111
0.28621973672465156 0.2934625620377939 111
0.2761588132543482 0.26952018296050956 111
0.2816853989852341 0.28291485914550457 111
0.28413292403158874 0.26549936615441727 111
0.2768387113659457 0.2830442437263718 111
0.2848261047465841 0.29054210392847185 111
0.28054300681933686 0.24864984336740062 111
0.28574070886490177 0.28303870361482225 111
0.2810809104751055 0.27878942773674936 111
0.28047340872654414 0.2725946183641586 111
0.2797699223405397 0.268842921716672 111
0.27761196498257706 0.28107744891028646 111
0.28446887759848605 0.2884109289663994 111
0.28246842377243625 0.28086870302219913 111
0.2853335888124302 0.2980544156742986 111
0.289259977691746 0.29014272267803715 111
0.2841800239800166 0.2645070973825447 111
0.28046713270493223 0.2757760288411791 111
0.28087111548764393 0.2647770406369502 111
0.28226394983821956 0.2700003501440061 111
0.28195948319420533 0.28092139431034446 111
0.27949507301796067 0.27556049827711504 111
0.28611976089903435 0.28081327938157996 111
0.284691061313085 0.2933433259302665 111
0.2825307268603539 0.2720255176942748 111
0.28320653676191915 0.2818820877462987 111
0.28501745334454043 0.27533973536863215 111
0.28725323209127285 0.28665468428475743 111
0.285027313093144 0.2743681248197262 111
0.2810703102735325 0.2978328796421332 111
0.2822316196687425 0.3015144196662746 111
0.28156131640922466 0.27704378307697913 111
0.2837021819579843 0.2831516134354385 111
0.28021695763965737 0.2667212841330026 111
0.28121111929287024 0.29195206496232035 111
0.28706337767060836 0.28551266275128095 111
0.2808428599069285 0.2774585115851839 111
0.286270884415284 0.28608858328182785 111
0.2824495522062121 0.26733544536072384 111
0.2844148122756565 0.28209770582308147 111
0.29001975285945675 0.3030892205697297 111
0.2823234299255748 0.28495778497522306 111
0.2866401546797404 0.31084729666106753 111
0.2842736236804449 0.2773085916028888 111
0.2863510654238417 0.2752919346044098 111
0.28825644885817964 0.2865962276696132 111
0.2852619317144195 0.29082776199833493 111
0.2835542696810832 0.2830982511479354 111
0.2892444758004125 0.3065528932474933 111
0.2856534083737633 0.2834432163499866 111
0.2841638861580484 0.2859875134369804 111
0.2858978535677851 0.27624393358989874 111
0.28049253038515615 0.28400102358092905 111
0.28515994452717974 0.3009572900820336 111
0.287381737336386 0.2860659339998723 111
0.285439954555451 0.2724925455118981 111
0.2815470716124555 0.27587338463463223 111
0.2817416079591993 0.2674630475947234 111
0.28929128966197815 0.3046538047364226 111
0.2878573842373391 0.2915189332029808 111
0.28467148563523975 0.2768469071815923 111
0.2860036228040448 0.2767658071509195 111
0.2869659577448081 0.2728625894231386 111
0.2895749584973707 0.28188251023659544 111
0.28323758292651663 0.27246543675014223 111
0.28741886831702135 0.288135870664697 111
0.28785568919762267 0.2824153004735431 111
0.2853605905071998 0.26617718212557967 111
0.28809924311673263 0.2881598973637197 111
0.28942674118074246 0.28842752852218095 111
0.2874986369628343 0.26038561839989666 111
0.2831787247255915 0.2694414845656205 111
0.2874605799650268 0.2797031444478562 111
0.28581347044122185 0.2803075194237322 111
0.29067317325577546 0.29768047283630333 111
0.28688533724025517 0.29419820988625894 111
0.28727920015277175 0.2863124818611135 111
0.28886404993690307 0.26820070486675907 111
0.2878510884068629 0.2996221928219995 111
0.2893096417112037 0.28748271864288605 111
0.28541318015010214 0.27749038003204396 111
0.28712443540624816 0.2951397592179021 111
0.2876016248051276 0.26711709391789495 111
0.2852927870802946 0.2780045826207329 111
0.2886020664656373 0.28643418520326114 111
0.2853125769150578 0.28157070683364227 111
0.28867297503936906 0.2778487882458468 111
0.2899512695993827 0.309786304185687 111
0.28766161402002144 0.2953178382035264 111
0.28590280308504007 0.28594597711294284 111
0.2860780034626038 0.2776321995157287 111
0.291318207806473 0.2951997400394001 111
0.2880766304162735 0.2658788777481711 111
0.28699473776179546 0.2734874612127462 111
0.2861674706249319 0.30983696131772925 111
0.2900757343510784 0.2939213325772168 111
0.2880838038472979 0.26600855428365205 111
0.28720346497716104 0.28000376926984744 111
0.2914520244628258 0.28490337214923817 111
0.28669731966341305 0.29205728980283535 111
0.28977903502207386 0.3030344473629335 111
0.28935511495801536 0.2948433074445941 111
0.29000182385486606 0.2974724285787648 111
0.28826999318018126 0.3122445421278574 111
0.28937197204936793 0.28340680065525214 111
0.2864934862169636 0.295295643795084 111
0.282781508930964 0.28585511854985646 111
0.29183101105595666 0.2999306047296308 111
0.293178648255452 0.2867654336969529 111
0.28455140442101096 0.2746657994537766 111
0.28712840946231616 0.28768245820357136 111
0.2865115405272919 0.28131044403958555 111
0.28692683786726964 0.2810462296945393 111
0.28976475306396854 0.29727429606545963 111
0.29098880643525443 0.28863445062336146 111
0.2914951765985431 0.3099149994970951 111
0.2910558673666737 0.2914937002340348 111
0.2926108336038655 0.28982753346615026 111
0.2899600218102687 0.2717600106479588 111
0.2872337096775155 0.28033130709640586 111
0.2896299310822423 0.28192321352995786 111
0.28701270711382076 0.28411648567306336 111
0.2836892453929305 0.27063810947530675 111
0.2861347175776119 0.28325325553064895 111
0.2895877468598072 0.2992251015988534 111
0.28690647835039923 0.29132485165840283 111
0.2882961554622748 0.2921014934531312 111
0.28860677813174856 0.2680918451698747 111
0.2898533147409426 0.3105831921761471 111
0.2869153041601242 0.27082837500050205 111
0.29315332807137023 0.29077332190491956 111
0.28836823159721325 0.2806815881183984 111
0.2922423900398245 0.2873246695928811 111
0.2898198841661653 0.3011134529923819 111
0.28551627414558145 0.28076423860921207 111
0.2929677763117034 0.29459443000965896 111
0.29205422955554977 0.29762274522601356 111
0.28952176530801665 0.2970807870944391 111
0.28762901290436843 0.27831144221775483 111
0.2875282094259339 0.27799984554733576 111
0.28782126677922476 0.28934785154338966 111
0.2926447800601327 0.2837081240563233 111
0.28530970382486676 0.2840666023789068 111
0.28652711423734273 0.3052774844933871 111
0.28896377303157117 0.3024323870784916 111
0.2872073995098066 0.27759695438112386 111
0.29394432505286 0.2897637018932307 111
0.2899368118926743 0.298757252989381 111
0.2867880727323065 0.2974703989336259 111
0.2903897262167209 0.3198431986924274 111
0.2881185632605845 0.29690588063441303 111
0.28336192110336417 0.28450852741427796 111
0.2906006482361238 0.2932518781005632 111
0.29080097673021466 0.2846603773041989 111
0.28911840485824897 0.2854734707479945 111
0.2909388508100128 0.282621138174748 111
0.2884356820510503 0.28775039992649093 111
0.2909843115923431 0.2906687294630977 111
0.29316540478077757 0.28994686949527504 111
0.2870307172019496 0.2942290685289785 111
0.29026350345616636 0.2825555718645265 111
0.2896444974984203 0.28944706850461144 111
0.29140681137621693 0.2804998364342954 111
0.28646089489359733 0.27787598817667175 111
0.2855439869611438 0.26614186405793244 111
0.2883917759815165 0.30198017033029645 111
0.2877192612530886 0.2781202558430285 111
0.28771002756094577 0.27015231317681293 111
0.28659932613309935 0.28366960937895175 111
0.2922838439456963 0.29466089719928945 111
0.2886969294699545 0.27638787976061246 111
0.286200389964252 0.28407914480936103 111
0.292027996977429 0.2927987618425358 111
0.2918178134678406 0.3055132170806528 111
0.29025835549628687 0.29000290135737783 111
0.28681878005681194 0.2901073175093323 111
0.2914249366572106 0.296270491338966 111
0.287119518811211 0.27874618216130687 111
0.2929675886430348 0.32129784612773393 111
0.2814438901892303 0.26810960902536457 111
0.288829646377073 0.28613921476501014 111
0.288986210459588 0.2962792765506122 111
0.29197938207932234 0.30509747726262626 111
0.2878247957688067 0.29644769263952186 111
0.28983981625644906 0.29259498776655535 111
0.2909400031999954 0.3014860305355878 111
0.2895109166305454 0.301295530559384 111
0.28954095213904935 0.2913776077194669 111
0.286433344606347 0.3022103599684557 111
0.2912564778983969 0.3020356088960885 111
0.28540818314426064 0.28048590802322915 111
0.2867799262969557 0.29643719691319814 111
0.28745330120655693 0.3011225055614507 111
0.2908975995921478 0.29099658195081485 111
0.28781811760867987 0.28190147780492986 111
0.29096022733547056 0.2943999182245048 111
0.28829592313379165 0.2907191339364817 111
0.2882387072007456 0.2740666600898428 111
0.28712472859403176 0.2820136411203363 111
0.2918808637042108 0.2795945131521231 111
0.2947499596508917 0.2956711680642815 111
0.29042206199958526 0.2859626281238593 111
0.2874369893700561 0.282021669055516 111
0.2870486282680008 0.2880747408851605 111
0.2941040683831986 0.3034800450040544 111
0.2869772403791066 0.28246707328496795 111
0.2898123301366363 0.28029259222266817 111
0.28658397254872187 0.26967250071498117 111
0.28753964523283576 0.2981121458309212 111
0.29137268430725993 0.2990433562138125 111
0.29125911801903753 0.2950088177444695 111
0.29012052848741793 0.2830561554790705 111
0.2865011713036623 0.3101042094874353 111
0.28661090106537734 0.28055300682389245 111
0.28936638405483656 0.2993056273870024 111
0.28708855469227434 0.2814533388486719 111
0.2854718064166368 0.26452979189703335 111
0.2869986148616574 0.2739355802070993 111
0.2897111056692553 0.3032997897671369 111
0.2906048898463493 0.2902917488837872 111
0.2867385831818574 0.29098409161375993 111
0.2846544222076518 0.2922518609631628 111
0.2818359793138313 0.2681424942142081 111
0.28686675444620696 0.3042013513994825 111
0.2890940168019831 0.2845014666439947 111
0.2932754735127909 0.3111415585871191 111
0.2885835403361729 0.27140861563568813 111
0.29179714173500015 0.29231016103315555 111
0.2908209476398288 0.2871587490950664 111
0.288924612653795 0.2846957483711477 111
0.2898821960058713 0.2663584454070075 111
0.28935458602413267 0.28673819797903627 111
0.28976256709954284 0.28179911066776464 111
0.2914595444302926 0.2830540105967428 111
0.2847363428413517 0.2672466077815215 111
0.2926064999988444 0.29911131342335967 111
0.2929491231584517 0.290635202804577 111
0.2934463199703828 0.30340593008145433 111
0.28912411041361785 0.30842124612305083 111
0.29053778724788043 0.2919145296176659 111
0.2926001098838235 0.30891025386179616 111
0.2895571058730512 0.2729478028577156 111
0.29040639169816285 0.2843760686803086 111
0.287741336505181 0.29189652023954493 111
0.2910242898536638 0.3057182785829527 111
0.29032128751988745 0.28140936056029475 111
0.2891852412118021 0.2759357448393295 111
0.2891869206877541 0.29551486869972265 111
0.2879609983210737 0.2732695933786593 111
0.2902437209858049 0.28933358749715615 111
0.29288947083998346 0.2954363779341838 111
0.2854410745175857 0.27196645392233076 111
0.2886328564464685 0.2779676214194511 111
0.2847989469454434 0.2768141981935695 111
0.2895997966222297 0.2909207906485956 111
0.2898484460693785 0.2822611570574641 111
0.28383974998841405 0.2924780825680145 111
0.29033269623167085 0.277899271205129 111
0.2927724078477268 0.3052683080307073 111
0.290173389011053 0.2921196501042051 111
0.28986466055908866 0.29259388572226386 111
0.2863126896935285 0.297276271060692 111
0.2867259725933071 0.28587665651335825 111
0.2927517059827159 0.28794676385476925 111
0.288076641615938 0.29506476882934807 111
0.2903004478118847 0.30880835516785393 111
0.29164273513444644 0.2900798241972435 111
0.29090914784608746 0.28743968618726373 111
0.28740416136975633 0.28884580319472164 111
0.2910504038407236 0.2997676743668484 111
0.2933301766743907 0.3045229622081871 111
0.28841841249332484 0.2861300399520404 111
0.2898189537865538 0.28105509281584 111
0.2886649192630755 0.2798186954468572 111
0.2898055083114879 0.2864080274414765 111
0.2881060810935112 0.28107039473602063 111
0.29236403412714707 0.2938867016972976 111
0.29022669643956966 0.29271945558438106 111
0.2896667914595549 0.3006481158913608 111
0.2881016255805734 0.28258080191808443 111
0.290474626881405 0.27761911022541336 111
0.29054652191442865 0.28146228647850546 111
0.2900304312532413 0.30204504764341866 111
0.284982199786455 0.27753402050506254 111
0.2898401269694849 0.30904774792195167 111
0.2897845154526784 0.28009087852840026 111
0.28724328559193574 0.29755041741832894 111
0.2868426344636946 0.30323693817019914 111
0.2928915143454197 0.3100612849549365 111
0.28773409668628774 0.28075426969792955 111
0.2908046517070903 0.31410184780216577 111
0.28932098967749437 0.29809441090889066 111
0.2855737916341483 0.29296379809365586 111
0.29373681518120986 0.2899834860701219 111
0.29247756152283827 0.2950559622002301 111
0.2905635594697735 0.30335691474240717 111
0.2893289829508198 0.3034810299077745 111
0.29258024612046196 0.30023645052483516 111
0.29368470800554514 0.3087412001846375 111
0.29014468645768016 0.28235523912743404 111
0.2923570754805628 0.3204726734076408 111
0.2884666413898493 0.2886571824387587 111
0.290806281320011 0.2895116761119977 111
0.2906656965142164 0.29462515727558775 111
0.2904998006406463 0.2894974532349113 111
0.29316709886958336 0.31324237798575255 111
0.2930525377507351 0.3206314670577493 111
0.28940393941416465 0.29450016298728443 111
0.2898798534010821 0.3003642404346522 111
0.2857887695379991 0.27997077326988 111
0.29133717475048215 0.30320291894942203 111
0.28831202082431623 0.28029499317133905 111
0.2909305068143265 0.2765803231979993 111
0.2904980468417313 0.2983079856360165 111
0.2891933915479519 0.2784505265944345 111
0.2888356075579107 0.29343264170582095 111
0.28835845807306887 0.28181016139858095 111
0.2886634269496615 0.2756281038877822 111
0.2936224611553446 0.2991154643934718 111
0.29157851161987297 0.28844222694772953 111
0.2929815556280341 0.292133365884785 111
0.29048303671915526 0.30830270658934744 111
0.288945627749671 0.2963109839897189 111
0.2923821897657954 0.28556951917744094 111
0.2893056576276807 0.2915479740332747 111
0.28980533751110904 0.28854658182089704 111
0.2912494199005379 0.300425497977611 111
0.28844129987999284 0.29074331370182893 111
0.29457433432513924 0.3150380334350466 111
0.2898367752173255 0.2889358859074383 111
0.291560809504047 0.2789463407508206 111
0.2896693161992589 0.2981392618672999 111
0.2861817129461903 0.3007212112052296 111
0.2942429454672274 0.29279962935146764 111
0.2914850255732006 0.2897364134183593 111
0.290482450559989 0.2822541995847464 111
0.2885908655535009 0.30198093383704094 111
0.29074817193450536 0.27305541229151453 111
0.2919577626783525 0.2950836190592797 111
0.2898689898686631 0.31140041675565094 111
0.28940249629522874 0.28760490085735846 111
0.28923281982087157 0.2852868926395585 111
0.29041751624491585 0.31451860101321527 111
0.28874773758357175 0.29905382900837063 111
0.2905912706775238 0.27188347825837406 111
0.2926238317793478 0.2808619401872156 111
0.29292610194272406 0.30099652887443973 111
0.2868325189011562 0.26237612683036443 111
0.28886959310981625 0.2822531898588523 111
0.2895192121248811 0.28887220523326185 111
0.29309352498371855 0.28763271626841463 111
0.2882067909412343 0.27701785567033466 111
0.29001107368995505 0.30024262754923225 111
0.28963888031190577 0.2733123754424223 111
0.28810963926801203 0.27192950874510163 111
0.2910973771085213 0.29833395910278315 111
0.29039483383464965 0.2947963291194063 111
0.2921769838582013 0.27832497181693305 111
0.2890279173989311 0.2905124656019566 111
0.2878032314539341 0.264364532878527 111
0.2887556833169949 0.2761067942429068 111
0.2933391589226667 0.27700423624455334 111
0.29245629498573483 0.28365537483112974 111
0.29368129609696086 0.2987247263144792 111
0.28816145234372514 0.2785692495833738 111
0.29345615764497746 0.29562922630757094 111
0.2858588089709889 0.25945554035508567 111
0.29202699671577015 0.2910934120445434 111
0.28911172284796227 0.27871579924380746 111
0.2882089541221123 0.2736260299119783 111
0.2911242101690506 0.30665032879434334 111
0.2884661323693294 0.28121900012848944 111
0.28995234891126487 0.27547019133752837 111
0.28999150230104254 0.2677866968412841 111
0.2887280739864667 0.2640070434824743 111
0.29264004106729696 0.30010408729484034 111
0.2880511809786696 0.289545465583762 111
