training...
0.271877318040945 0.18597158326781274 99
0.2879975191998664 0.2127718573890652 99
0.2839992153999206 0.19707970926053478 99
0.3104412904933863 0.2622033979875674 99
0.3106877737684626 0.24498523161398564 99
0.3069078750603053 0.22463218116281436 99
0.3299766421716466 0.260201844306794 99
0.3455669940204668 0.30597416859878296 99
0.35332705509775475 0.3192006833732018 99
0.35829273716521975 0.3134010197458732 99
0.36610974810274605 0.3492618802391485 99
0.3668653834779385 0.30090249877811476 99
0.36732375400041717 0.3253380603785119 99
0.3743702092082844 0.3332808365986324 99
0.3909738959647394 0.36164551523423055 99
0.38620435018035715 0.35752681731295993 99
0.38854891442625505 0.37047221127028784 99
0.38695215864894167 0.3230130368978767 99
0.39042719044011587 0.32242699573742706 99
0.3788426044573622 0.317758572370299 99
0.3968357159024385 0.4245052165677376 99
0.40172852630968164 0.3979415553720541 99
0.3945322192562258 0.374133508844598 99
0.41181001211343976 0.3831213459911478 99
0.3975744176583804 0.34538712581931863 99
0.4003951864655117 0.3875093670486497 99
0.4100783354209061 0.35999766920780757 99
0.4084339569072089 0.36850351084183797 99
0.40567358764421363 0.37081660654875204 99
0.4129198658696235 0.3743132922804373 99
0.4180495831085399 0.3811709782923751 99
0.4135411134026607 0.3769402955356099 99
0.4134929490069868 0.3518429168422198 99
0.41067432243725216 0.35296996950603066 99
0.4071775067952957 0.3595109013471892 99
0.403499431132326 0.405122716969254 99
0.408830070041293 0.3416750292015441 99
0.40805597661642395 0.34673457853909034 99
0.4103244684236531 0.3985644260889966 99
0.4120266524818896 0.39579413340367686 99
