training...
0.16633995401560217 0.11080013271438327 111
0.2135807309103836 0.1841142730532358 111
0.2304308920342773 0.18152434006828455 111
0.2554180552805496 0.21896103647479886 111
0.2637926569570183 0.24377573061925284 111
0.2721738313856629 0.263577563302573 111
0.27226446897070666 0.25587229191294614 111
0.2793782839137906 0.2803646413404387 111
0.2756908943209374 0.2767312590691042 111
0.27502895870795335 0.2708522224596244 111
0.2821055318855809 0.25554072543266415 111
0.28605037558443874 0.2854570656712522 111
0.29097904744749103 0.28172201092895555 111
0.28686446967701135 0.28472480108271736 111
0.29230252414581787 0.28620003819890344 111
0.2860946496795702 0.27582633110794297 111
0.2878906981091889 0.2811781236759628 111
0.29854021911789513 0.301048986514601 111
0.29740994162249196 0.2855788103478232 111
0.2956613040050054 0.29360612742977205 111
