training...
0.10178160598551739 0.04859134053977499 111
0.1539745217391507 0.10177686604049745 111
0.1700864184202281 0.12942819707932962 111
0.18388846747420515 0.14997013071943038 111
0.20818488685655215 0.19060713251498346 111
0.21215541624638803 0.1854340565437066 111
0.21112867229065638 0.19402528586336587 111
0.22997659456833225 0.20917615638660222 111
0.23516505429501453 0.23084029896162137 111
0.23542755427929923 0.23464655924142758 111
0.23698455474580538 0.23428194140822933 111
0.24270925943498212 0.23731937496820016 111
0.24614375941475497 0.22936722639598803 111
0.2481367942395968 0.24148083038997328 111
0.25346440648453733 0.24857635671072145 111
0.24466871584066416 0.22256495011783659 111
0.2539510970868698 0.24185700458938333 111
0.25238807883731496 0.24492575195835245 111
0.25843197301593307 0.2667809288893943 111
0.2588282110995065 0.24288296740751106 111
0.26123770136993385 0.2643739958178182 111
0.2597729515188256 0.2608177685792318 111
0.26344549781216164 0.23704960365351832 111
0.26350905182509204 0.25907945560741363 111
0.2648347119704955 0.2490598545025219 111
0.2642950393229912 0.262220166004613 111
0.2631625794778963 0.27225653610288436 111
0.27188503361581196 0.27899914362123024 111
0.269448651099296 0.26047334761554836 111
0.2655230605126084 0.267222207993432 111
0.2675611489451088 0.26347399785971554 111
0.27573753257045086 0.28451855486956 111
0.2746052455305836 0.2881296431638467 111
0.2754909775532722 0.2957270469755557 111
0.28245005011921687 0.2958602017144846 111
0.27681009348791097 0.27586084804563415 111
0.2801826592890821 0.2714962434280197 111
0.27534744191134736 0.2761749046127506 111
0.27591021376321484 0.2724464321256709 111
0.27495013960883136 0.2669074614043003 111
0.27280266538451214 0.2660757697729962 111
0.2767793152051719 0.2586332781909821 111
0.27507365668708905 0.2627581398639947 111
0.28097765810832326 0.27075266025055145 111
0.27416368387314693 0.262840854097101 111
0.28210423280360625 0.2725065358228438 111
0.2855675934876495 0.2755209196552913 111
0.28176205700652984 0.2789146373908821 111
0.27719390777793534 0.28174037908493516 111
0.2811072285130886 0.28776521636895525 111
0.2809976325952974 0.28366891195888844 111
0.28802113716665867 0.29022886418028665 111
0.2808558723197813 0.27830080413829456 111
0.2770144862048187 0.24618284464977863 111
0.28333519092444887 0.2936939416889414 111
0.288398154994496 0.277865731744482 111
0.2833700501594043 0.2662412131538717 111
0.2892071765974611 0.2781572336694415 111
0.288625799754857 0.296874478004968 111
0.2914556126893813 0.2828948901428802 111
0.2869013332190655 0.27207901660325035 111
0.2880158225707732 0.28198963804384686 111
0.28735301191973395 0.2588314476065275 111
0.2866854881673673 0.29598328321893924 111
0.2923192530216184 0.28766977029027996 111
0.2932024826747124 0.2740601270259032 111
0.2875120636028011 0.2673048595542636 111
0.28719614377061653 0.2815672118458349 111
0.2952290997638405 0.30105370196759346 111
0.29144239628690355 0.2769329309647539 111
0.28485512545343383 0.24413920365332395 111
0.2881683618932677 0.27901518176685397 111
0.29322518839307266 0.3074399044488415 111
0.28298461924516916 0.2595683267896238 111
0.2894828677952454 0.28753835009496004 111
0.2955923154382954 0.28672138631921645 111
0.2951123884153341 0.29026288315167037 111
0.2928491407154493 0.2751525423794883 111
0.29182716338538917 0.26543301416654647 111
0.2927998343276489 0.2672480186254977 111
0.29199391493913174 0.3019746645259607 111
0.2875639532543301 0.28462785128533724 111
0.29085791180341863 0.28274033093542494 111
0.28967558786286157 0.2663428221254882 111
0.29481447029197233 0.29324064161642727 111
0.29090247392624247 0.29703774815210204 111
0.29432178228457423 0.2824412753799031 111
0.292386469549993 0.2864155061852012 111
0.28907171927913156 0.2576981027508695 111
0.28865147204909364 0.27896381626838496 111
0.2882268096097024 0.27191102796276 111
0.29397212391198163 0.2971222867675187 111
0.28699849672749655 0.27732801857091155 111
0.29297963376440134 0.31108976788469145 111
0.2901372317446342 0.258464444565419 111
0.2909421406919849 0.2846390650768 111
0.2947221606414245 0.28229715870526684 111
0.2903237507311634 0.27202630369089126 111
0.2964975318066637 0.28665711055493076 111
0.295698240517208 0.2996281496477067 111
