training...
0.2685447199061613 0.19372977896753876 99
0.28691473309289034 0.21618089701404758 99
0.3022800495626496 0.2481418354193703 99
0.3023192983935151 0.21018864384740624 99
0.3227913403444258 0.24674893916259133 99
0.31398585440560595 0.24832546488007975 99
0.34698913308967544 0.28751383636478356 99
0.3465181296211286 0.27791049741130364 99
0.359113462509535 0.31608245172931465 99
0.37151641046832096 0.3511594866403084 99
0.3719169845776021 0.3311181934546565 99
0.3559579784930387 0.2649709967487621 99
0.37073167331505663 0.33110448246114643 99
0.38564388912121494 0.3533918455323569 99
0.3843215623773815 0.35145258046803735 99
0.38716472743392427 0.3119762868106209 99
0.3906998817392239 0.3282838316045872 99
0.3862937469148559 0.37956350095200075 99
0.3905281682982643 0.3797405734984992 99
0.3952155693567798 0.39516585328913206 99
0.3963773389752298 0.36991372686021745 99
0.39406890445492987 0.33989590858640306 99
0.4062927091575202 0.372590496662016 99
0.40283401156910437 0.40357092744350337 99
0.3969469247930506 0.3679043042142836 99
0.4113607202329307 0.39610076313771453 99
0.4053622548891434 0.3568897065713413 99
0.4006634909363387 0.3668231346604375 99
0.4176301537477288 0.3964691927507406 99
0.394448331225507 0.3314832509231334 99
0.4185457037615555 0.36528132921338646 99
0.4136116151400087 0.38448655335008775 99
0.4051299443303601 0.390442205816124 99
0.4163092025503247 0.39817247220009955 99
0.4198674362114738 0.40469895942312833 99
0.412207649190016 0.368523562289231 99
0.4136761235712102 0.39749062099328625 99
0.41056998320060767 0.36014076762727126 99
0.4211068220659334 0.3875869059807082 99
0.40309065303071984 0.3903479252726392 99
