training...
0.09140355808865731 0.03401840635884774 111
0.11579713683679646 0.06273299835490301 111
0.1429814592898586 0.0859541611703703 111
0.15677046284488147 0.12098151005923655 111
0.19080786702548 0.14840754201668108 111
0.2003562478384978 0.1613371862686721 111
0.2008615877918653 0.1665581847986663 111
0.2139136257174381 0.2031381136880073 111
0.2277469370463144 0.2113194463587876 111
0.2309140531201584 0.2104585507674463 111
0.23262993430919143 0.20435629278528195 111
0.24516860613910896 0.23781109549356202 111
0.23941179196178156 0.21438413329450168 111
0.2459310900339363 0.22597240666749616 111
0.24701079826739136 0.2522849872555162 111
0.2454711917623999 0.22154437141706315 111
0.25241805578923765 0.23213021648302165 111
0.25403228256361216 0.24302004525405999 111
0.25789660901766065 0.24207499436891702 111
0.25501383990723764 0.24360569079236588 111
0.26003949081905176 0.26749549374764736 111
0.2584994873354378 0.26051089769414254 111
0.2628055043131081 0.22923814662675845 111
0.2624064699229825 0.2628547160883543 111
0.26512523244473374 0.26942077944356807 111
0.26688955581690527 0.2547068174356251 111
0.2633110706365263 0.2720671708265814 111
0.2669758618146385 0.29113290084923366 111
0.267556994516275 0.26471526938137924 111
0.2641323217061486 0.25866277904888896 111
0.2744350710638604 0.26690378720593777 111
0.2748055697833424 0.26989544392703396 111
0.27204643542219575 0.28959273056392354 111
0.2732638638618163 0.27215344374632877 111
0.28363870520197865 0.2841804571027521 111
0.2727100506761578 0.2663745099903262 111
0.27506682297399343 0.2775762765998358 111
0.27600096606725816 0.27440432687197747 111
0.27901541092477544 0.29176950811188246 111
0.27721157924486506 0.2881340558554606 111
0.2795565052713616 0.293165784649331 111
0.28006449250715704 0.2985056104149862 111
0.2767722868061074 0.29618021596801053 111
0.2822953278279772 0.26687581625005086 111
0.27995644159382904 0.30238663646880054 111
0.28166112147878813 0.29845737002297346 111
0.2861635935133492 0.28893296103385036 111
0.2838892392869768 0.2953408846412573 111
0.28310599868225733 0.28517513432651304 111
0.2846867462594283 0.28928549833439293 111
0.278048103454711 0.2893481914127766 111
0.2868223012394578 0.2831166015076049 111
0.2880818658783627 0.2812321751104934 111
0.28562324164992303 0.2913492726122113 111
0.290260500985738 0.3010362531010459 111
0.29216587121919413 0.30308503152791466 111
0.2847220606557477 0.2847242109079671 111
0.2881393359075261 0.30660554020092634 111
0.28943189286801607 0.2866527301295063 111
0.2857700738869356 0.27341071675390066 111
0.2830306954530889 0.272979721948688 111
0.2893544812579308 0.30223670119158247 111
0.28793218165408646 0.2886679884953926 111
0.28507008377153564 0.2722360807279948 111
0.28421413033416815 0.2753376956577746 111
0.28623995633291915 0.3064165754194649 111
0.2918327628147742 0.3154555958686064 111
0.28659337047127553 0.2964241138856621 111
0.290384527554124 0.30497783405693496 111
0.29313326019765856 0.29185570456976095 111
0.28721376355548245 0.27748425348132 111
0.2817072712960524 0.26461104349211034 111
0.2907106601722068 0.30694632618324713 111
0.29477100861341504 0.28435058995438406 111
0.2885390817519765 0.307589153201585 111
0.2908736229951128 0.2960551035728222 111
0.29256566395667866 0.30238134218167745 111
0.2864930652149355 0.31343586613788976 111
0.2943799713750708 0.30653347076544313 111
0.29348893141275784 0.30886864820467425 111
0.2956358639172701 0.3014956685288888 111
0.286348790364034 0.2712287531563915 111
0.28696488051025465 0.28261942337071905 111
0.2940393356734936 0.30926519479047554 111
0.29243937899522465 0.3197718211702268 111
0.29369591160357505 0.30789795132412007 111
0.2892426280437175 0.3041913027696388 111
0.2937262179010748 0.3057700936601492 111
0.29262357620531165 0.2977689012911931 111
0.29047668269359334 0.3061981582779702 111
0.2889338811827522 0.28347293646415106 111
0.2866382800560412 0.29498900628707986 111
0.28824104684603713 0.3092856586577243 111
0.29051251197541145 0.28446797086855563 111
0.29044251083089123 0.2980245154846955 111
0.2949486569705719 0.2805767735722144 111
0.2944923153368408 0.3018709938084033 111
0.286115498987612 0.27556427120192606 111
0.29070083871107993 0.28495591068462195 111
0.29263041269854606 0.3042385488700303 111
