training...
0.0946555140060397 0.04556141469864494 111
0.11748791955022449 0.05200211367426466 111
0.15754433642012264 0.12243797266237437 111
0.1845516529828078 0.14309708332024001 111
0.2008883166622545 0.1643870184509382 111
0.20782102823434417 0.18027660962395395 111
0.21760397943510804 0.19520365059451472 111
0.22331625437044103 0.2161060967618192 111
0.23063122726038315 0.20770643560063196 111
0.23624301248021704 0.23039248707907764 111
0.24215800524718625 0.2381343525079128 111
0.2423284245392234 0.2261500908439467 111
0.2365588427369697 0.22416170084103446 111
0.25562995113683507 0.2608921528769386 111
0.24891696281373626 0.2382219590776741 111
0.25394492031888255 0.2520028610928098 111
0.250021317561722 0.25969229141418126 111
0.2572475581122839 0.2557472375743832 111
0.26006798749034044 0.2678069363050066 111
0.25691180345735576 0.24393848285409403 111
0.2585646976699339 0.2744486523920411 111
0.26532577093983634 0.27320625707120905 111
0.2653539192680152 0.2716419177403996 111
0.26526392189890236 0.28820241086913295 111
0.2670914364343767 0.2824705567764503 111
0.2618285103921776 0.2712695086425857 111
0.2732507265753315 0.29587357668386444 111
0.26768493223848705 0.2694676709409491 111
0.27269195359712994 0.2725614037659547 111
0.2710734947385924 0.2735696170035564 111
0.27452438371597226 0.29307554298696453 111
0.2734249763814938 0.2620466344491406 111
0.2739989474217763 0.2667467177050791 111
0.2751717733988464 0.2587141754256101 111
0.27989005735078226 0.2797572687088381 111
0.2758875819792915 0.27037194379441354 111
0.2762390215299404 0.27352881509836663 111
0.2792948549291299 0.2844084208039229 111
0.276235142388243 0.28411335386875847 111
0.2781315984656598 0.27176472224973286 111
0.27822108944363183 0.2798203522608793 111
0.2819197689034495 0.24316735092826294 111
0.28286710965126555 0.26735142259197126 111
0.28015296286668456 0.27196955672005496 111
0.2768288538431266 0.2725226629468037 111
0.2860024528688842 0.2712135023673859 111
0.28690796183978956 0.29769445946650935 111
0.2827929877447299 0.28387919135308565 111
0.27914452021152397 0.2819252448332321 111
0.2839794112415148 0.2651602374099974 111
0.27926620886905895 0.24758338696968504 111
0.2917321985245199 0.321138003444998 111
0.28751570709379237 0.2796852454957237 111
0.2882513765680256 0.2922763977609718 111
0.2804096516719844 0.2780191315779974 111
0.2877102182499101 0.30939225776742946 111
0.28625686288588115 0.2782313564228362 111
0.2953559791999671 0.30416010327090226 111
0.2888699929879957 0.2552214444221621 111
0.2882676296347882 0.2973701518582172 111
0.29291281228844857 0.2813166570616208 111
0.28999199443975293 0.2853795803573736 111
0.2871498744112345 0.27960536761564453 111
0.28908222241278314 0.2752298852050119 111
0.2898194310413979 0.2875952981142768 111
0.29674818929948055 0.2902492182723057 111
0.29522102426193414 0.2904922004536141 111
0.28476722815302136 0.2808386924196886 111
0.28795691918387095 0.27552155420516117 111
0.2896282030782504 0.2746478174723419 111
0.29338843647654955 0.296384295140032 111
0.2872350577285016 0.2731680137945817 111
0.29016080717055354 0.2935598182137975 111
0.29270334473686527 0.2838400927110548 111
0.29213491752193316 0.2911599116311943 111
0.29631279751462125 0.3043181011873787 111
0.295191407013343 0.2953400965383574 111
0.2913525468156173 0.29610841701326496 111
0.2966700597623734 0.29341973601031873 111
0.29312983821109967 0.3027078598393983 111
0.28847593905578633 0.2794604419245371 111
0.2884533697464726 0.29445140965234523 111
0.2957452062799814 0.28860197942839594 111
0.29029828976425764 0.27577103726212776 111
0.29691538252786875 0.2985874361049332 111
0.2935595709975223 0.312052783009942 111
0.29363261162294113 0.2905336515717446 111
0.29825051215172416 0.2926696933600359 111
0.2937032705158138 0.27207372445570044 111
0.29883996971409416 0.2810733578401246 111
0.2930509228302085 0.26678809920748836 111
0.2962681182064006 0.30338947628301927 111
0.294133726279585 0.28628110683036756 111
0.29239546499481855 0.29001825559053507 111
0.2935473065106371 0.29080223254103227 111
0.29988251263012106 0.3088554174899348 111
0.29452278293074924 0.2990024826521663 111
0.290035089774622 0.2726793747234099 111
0.291244322900486 0.27944164447210473 111
0.2961621197289374 0.2666238378316747 111
