training...
0.22867689963711701 0.10434952669407044 96
0.24252995303599925 0.14342144222117048 96
0.27166385020593925 0.18109935712126857 96
0.2984858654348288 0.19052431713365164 96
0.3057381087532613 0.2444866577866297 96
0.3276528822501051 0.25566104868147044 96
0.33900373586361754 0.29602414576873004 96
0.35386995365582014 0.29361209457806425 96
0.3555134653288607 0.3066161960960642 96
0.3648428150909657 0.31945803123647254 96
0.3734798275516547 0.28379090496419623 96
0.37474266712711185 0.2990901268599813 96
0.382381295518466 0.35825392547421603 96
0.39119332406405266 0.3548526328566444 96
0.39751135493360445 0.3589462470861918 96
0.3993244031110959 0.4081969356927571 96
0.39412592195535967 0.38234674061305507 96
0.40229417184889443 0.3881439952128226 96
0.40398741591348114 0.413226528511746 96
0.4010864556903302 0.4135490161091665 96
0.40012938711665186 0.38142393287477755 96
0.4102674484297561 0.39772355256420944 96
0.4095167747898088 0.3867518713368401 96
0.4119496033835433 0.4094491264605498 96
0.4011102252805519 0.3509358730026936 96
0.41371024686861935 0.38683711679946475 96
0.4160213959325687 0.40395199578725505 96
0.415311412548782 0.3687473354319051 96
0.41401296939954574 0.3897001212811064 96
0.41918716147364266 0.3995307126748361 96
0.42934883830222376 0.38954607838872 96
0.4032484944549712 0.3539740259217704 96
0.40915834338979024 0.3655569550499952 96
0.4054156274954306 0.3575858988641648 96
0.4159501080975974 0.3634426319013101 96
0.41649195532016403 0.38723600727506513 96
0.41966373799507406 0.40039201371025235 96
0.4344842025552502 0.41490681866574053 96
0.41470029125073343 0.3788238182141139 96
0.4224257087255694 0.3911514332512255 96
