training...
0.08264215640292541 0.025945508568673645 111
0.11911403284404916 0.05754653070623269 111
0.14830258308208244 0.11933620204726993 111
0.18345882681778247 0.1367006290940327 111
0.20324970144319546 0.16308661896070897 111
0.21531268268571546 0.19095800865592555 111
0.2138884586008592 0.17124116438107548 111
0.22398786159771128 0.19858201966271752 111
0.2305986866647159 0.21223644536499073 111
0.23637920919465424 0.21826706617483133 111
0.24076638322410934 0.22581530301338584 111
0.23513356115729317 0.2118179546203387 111
0.23495994722679955 0.2262517213577829 111
0.2552254789045275 0.2391794314296247 111
0.24668802141670154 0.24008507795197614 111
0.24571914094827255 0.2305112831919174 111
0.25572077168829715 0.2420430487477465 111
0.25675894208300054 0.25972876752849455 111
0.25792723923380273 0.24140364819252266 111
0.25993849141516967 0.2622508626912209 111
0.2630648598260453 0.26836963582823864 111
0.2675857219722488 0.26677275223074204 111
0.2674483811522932 0.27114503789511313 111
0.2743421574671102 0.28799528812184577 111
0.2698858249922498 0.28280426636980593 111
0.2692496326440774 0.2602549652706545 111
0.2740954980513627 0.2757844665905445 111
0.2752127932578445 0.26072470413229093 111
0.27179085845650447 0.2747456565367833 111
0.2750154129400764 0.2698398320171753 111
0.27999078800450683 0.27737096292710434 111
0.28069562735597264 0.2828806037756944 111
0.27459727106717846 0.2598850711374016 111
0.2816292489451614 0.2867325963298646 111
0.2809844929921638 0.2992529520381997 111
0.2781054009048819 0.26459123605077006 111
0.2808840032454992 0.2738950903092546 111
0.2804978957437753 0.27171310264623505 111
0.27544550529502604 0.2821004906505802 111
0.28130896979009007 0.2806380545676222 111
0.28161353145652274 0.2796515758814782 111
0.2816298118689012 0.2807602211485551 111
0.27714781274189565 0.2804244636905563 111
0.2845547915397227 0.2897876595631211 111
0.28166708059916257 0.2699395625019403 111
0.2851715937188783 0.2839548655998104 111
0.28918391109245817 0.29165577597647757 111
0.28507979403677525 0.28693576065723264 111
0.2759671401946641 0.27500590161630584 111
0.28398170884193674 0.2858809798512062 111
0.28317098724910855 0.26578779980466244 111
0.2860232309166884 0.28736287742909505 111
0.28830868167097273 0.2803439116547152 111
0.2861273296135924 0.29437559413627584 111
0.2852954496875194 0.2736643570408545 111
0.2830624214761113 0.2914450062740801 111
0.28794115505719675 0.2734376352361273 111
0.29073854851937175 0.278404795739433 111
0.2896172625557266 0.2960713550464477 111
0.2850775213414041 0.2763946464716474 111
0.28800553066961576 0.28668913520835604 111
0.2839573530922263 0.2782084777528711 111
0.28630576000089236 0.2958450427621015 111
0.2843139886885241 0.27690190708906354 111
0.2837635243138076 0.2615245585320934 111
0.2873349134150429 0.2827770081974681 111
0.28484734820963314 0.2662719033894502 111
0.284573936054989 0.27816522167086627 111
0.2851234335809513 0.23929395591452904 111
0.28160415629036945 0.2563422009036736 111
0.2873994684484396 0.2879184785245371 111
0.2842236694923949 0.2747863275612352 111
0.28990167520636145 0.304592222447394 111
0.2905219011726556 0.2937533415709221 111
0.2853390437574149 0.2755564679789729 111
0.28674646396462933 0.2651539272582901 111
0.2908710864290001 0.28051477743502945 111
0.28520610795260487 0.2919198995050711 111
0.28920707463995665 0.2781995126517226 111
0.2869046132954452 0.29254338486053433 111
0.28908449028703076 0.274478828184391 111
0.2837838188138399 0.28730585990995555 111
0.2853007298733558 0.2781658710666035 111
0.28942456465522454 0.28197522154630605 111
0.2895794498465511 0.2905852434109818 111
0.28883256097349186 0.2759551221693163 111
0.29461186695755254 0.2996391098460729 111
0.29739611416477996 0.2989727305445477 111
0.29074251203688256 0.29452950002542744 111
0.28805723816825557 0.2701311021887694 111
0.29214071233645744 0.27861928447208933 111
0.29136851964971383 0.307031368013463 111
0.2907219897949776 0.28099411250002443 111
0.286750606086829 0.28076198073860414 111
0.2919752030399579 0.2673451144062812 111
0.2902226678357024 0.3075752674692488 111
0.29030542879417864 0.3119096439448172 111
0.28721072058880204 0.2908383745483102 111
0.28739602807573417 0.270046674971661 111
0.29068523699984566 0.2910842860571311 111
