training...
0.09315074813928716 0.036333009621281616 111
0.11271599229910774 0.061745675524064424 111
0.14477221606057078 0.09410609486039861 111
0.1671931586090706 0.11563694419805634 111
0.19004180825909475 0.17159982385906672 111
0.1977116623411307 0.17434002288592118 111
0.19471068278388987 0.18261922859722815 111
0.216846393964078 0.20304521957378005 111
0.22669832312063465 0.2157895272575459 111
0.22767105584390654 0.20493858795085818 111
0.2325689142990768 0.21376734745749568 111
0.23936772290563074 0.21605607175067934 111
0.24126174512061882 0.2525617428910873 111
0.24673704536261032 0.23537181728303483 111
0.2482574020995916 0.24674744041468938 111
0.25087765639486237 0.24386434851563926 111
0.2506217632059862 0.23350255276981233 111
0.24613060579579588 0.23121985111237436 111
0.25280212322542633 0.25204702060441997 111
0.25669495952777044 0.2409132572428363 111
0.26128154173559526 0.2550598284451573 111
0.2635935779197854 0.2564136299760427 111
0.25739710583282815 0.2438999143877629 111
0.26639905347806536 0.2527238523458549 111
0.26508622333715753 0.2637521422341855 111
0.26204055075900196 0.25563982158534493 111
0.2599645021771556 0.2449226143769404 111
0.2640877314338379 0.24813219346704185 111
0.2678038901088361 0.2459771690713849 111
0.26797900188712526 0.24908874044724943 111
0.26855318347463647 0.2633923411571576 111
0.2730751546374216 0.26436477862660207 111
0.27202620063487015 0.26006291779390694 111
0.2709794812305959 0.2570317478383117 111
0.2818939992283813 0.28560887150283626 111
0.27394289247193027 0.2782525116333978 111
0.275471463086516 0.25824049346128847 111
0.2781541621123523 0.2743532162668435 111
0.27572090490031936 0.27561284791973345 111
0.279349918087071 0.27976080857263563 111
0.27410535511148804 0.27044166632218414 111
0.28092809267307517 0.276733221675726 111
0.28199386293765477 0.26002475158061455 111
0.27965678236137986 0.2689886232378189 111
0.27899154227735734 0.2691522394623031 111
0.2801115174157825 0.28632538874731617 111
0.28508041586197075 0.2836094218724225 111
0.287069469755433 0.28967636268769675 111
0.2821547221194289 0.2656966231609677 111
0.28490776682049684 0.27981302793884755 111
0.2822989565554307 0.2721493818434036 111
0.28479500885425496 0.28273019618678796 111
0.27903389876856255 0.2687432251455569 111
0.2858378746287822 0.28397781518642107 111
0.2812786804585071 0.2839121284840964 111
0.2910340000957118 0.2981995658273543 111
0.2858500261151865 0.2962092878676513 111
0.2872757729296209 0.2880319012222268 111
0.2872892104154918 0.27512307900724153 111
0.28095606061553396 0.27440750713873413 111
0.2862613306977545 0.29795974844385303 111
0.2890306736497497 0.2863657105600642 111
0.28709497399763656 0.2801819373692488 111
0.2886817025786621 0.29250941482835596 111
0.2868621338245225 0.287799651648857 111
0.28920499033002844 0.27228769408646497 111
0.2846505289004703 0.2826579846348727 111
0.2872010381444697 0.2907479589217753 111
0.2924679888745565 0.2726552113553445 111
0.2924869508436731 0.28708934014083326 111
0.2818066201203586 0.25966667193485593 111
0.2815995548977059 0.27738007711353485 111
0.2836640113586302 0.2765596307274489 111
0.2890564790906851 0.2695395984615604 111
0.29236102513792395 0.2814222745606099 111
0.2929436313429923 0.28140806056647577 111
0.28530967338881996 0.28492270659652236 111
0.28575964183006086 0.2889242959290952 111
0.29166114511687613 0.2854407544140783 111
0.2886869302841403 0.2812258130783807 111
0.29047045773697866 0.27290081100418323 111
0.289849435071649 0.2832366070065573 111
0.2881753090775193 0.2935056966823565 111
0.2894665530911562 0.29235299609959553 111
0.29072881344498286 0.27190239605972477 111
0.2873223635885672 0.29960057448499094 111
0.286738887970462 0.2908363481228915 111
0.28604591958957043 0.28206196170066583 111
0.29163321494858496 0.31640893722640995 111
0.2890941601807815 0.27004820292459214 111
0.29177504662702963 0.29528702976274135 111
0.29185523114665046 0.2863411531253287 111
0.2899972550578226 0.29223304961537466 111
0.28963266397679865 0.27119220603202315 111
0.288436501490521 0.2848299701844689 111
0.293149513544937 0.2621236156762381 111
0.2910326448144519 0.28107451902689623 111
0.2844990247000927 0.282507146027746 111
0.2862151709332981 0.2649523055863849 111
0.29119686952231577 0.27827866494109393 111
