training...
0.0738907444700115 0.018805352350472447 111
0.06872669026083197 0.018903612794840267 111
0.08547324443058257 0.03014088679629737 111
0.08919048695104244 0.03330200547218428 111
0.09577856544795259 0.04265849228524542 111
0.12745347577628885 0.08115047407620324 111
0.13476627305632916 0.0764933051778661 111
0.17219209421458567 0.13963218679696482 111
0.19084439901145014 0.13531894418312432 111
0.1873654875414226 0.16778750083470403 111
0.20439518091320621 0.1751189274400951 111
0.20785953586268408 0.18829727058312723 111
0.21534123103644495 0.19688955231390445 111
0.20864173261248262 0.18423373349316244 111
0.21841346326535027 0.2085374272384558 111
0.22153932563061843 0.20877295440725613 111
0.22661655471379125 0.20907996153797886 111
0.22766297897296495 0.22187212775273724 111
0.22604346686342522 0.21546412935006698 111
0.22791480930520006 0.1988761883314166 111
0.2333468380680278 0.23358226971253537 111
0.2345160595356555 0.22419099752169247 111
0.23517921214111903 0.23219720451443226 111
0.2328282540436159 0.21821904478552318 111
0.2357938010248187 0.2330779040297451 111
0.2381339104859782 0.22403687826737473 111
0.24067252770793915 0.22662449836945073 111
0.23873322783240947 0.24799551901828787 111
0.24107783916547457 0.23581110387202822 111
0.24516986548168435 0.23408978270541458 111
0.24512990003652 0.23955188425094476 111
0.24449096872368123 0.2502363815135451 111
0.24976149963899513 0.2355179717115973 111
0.25121080729851203 0.24421664327080259 111
0.2527715739019073 0.2560941364280315 111
0.24937190788759384 0.23664636931751043 111
0.2515863018314271 0.2382917472616477 111
0.2513133315716139 0.23723048602102453 111
0.254741916423574 0.23881674406381187 111
0.2510104944321253 0.24368454581258023 111
0.25506932763642814 0.2658409825361867 111
0.2561239109914618 0.25298813685128124 111
0.2629270116454502 0.26044206211533594 111
0.26040662516000745 0.2621196729902832 111
0.25895373415560224 0.2659689736079212 111
0.2630228231478269 0.2415058242962297 111
0.2596657046491702 0.26736983428284816 111
0.2557301738085648 0.2501153920745148 111
0.25868778572394147 0.24165668386015568 111
0.2560868359114402 0.24864173036247675 111
0.2582712754723159 0.22514054776592868 111
0.2622524391867608 0.2551322910365103 111
0.2583942751673349 0.22585748252337454 111
0.26394723012946464 0.2615895578283424 111
0.26144463414438346 0.25904046012313414 111
0.26696676930713986 0.2548269318696817 111
0.26801758078777776 0.24590201182130705 111
0.2641305077384564 0.26486372382785556 111
0.2669871613850729 0.2750701909895335 111
0.26087048350459735 0.24950934347495654 111
0.26143214656170516 0.2324764028006389 111
0.2678865905139619 0.24488514919862975 111
0.27095708210624475 0.256502405905857 111
0.26620966125590084 0.2629283795921317 111
0.2701809479718195 0.24920923952922636 111
0.27264896670270944 0.27008305426050994 111
0.2700003169589424 0.264646798562566 111
0.26761833994989076 0.2615983279579992 111
0.2691152110354336 0.24964912614785442 111
0.2690524247913641 0.26626012041888447 111
0.2720721798547327 0.26248141519240953 111
0.26824765993501465 0.2696833490889734 111
0.2707369797893962 0.2542834282383989 111
0.2691596623262669 0.27599842565141497 111
0.26888960328639794 0.26014003734910257 111
0.27107421745204874 0.25520638041389315 111
0.2707268212508274 0.23841517868565484 111
0.2620099202926294 0.2536830654523624 111
0.27703971884124007 0.27835275779886076 111
0.2696475439957868 0.24767721113472665 111
0.27467659441692915 0.2829995352348381 111
0.27401030536202914 0.2758520917327691 111
0.2686014136306465 0.26504390813095763 111
0.2681220777841843 0.27762573431826865 111
0.2716642284061369 0.27321696416647645 111
0.27025606546996284 0.2531293217870122 111
0.270439954862336 0.273941555493206 111
0.2753361338067873 0.2565529127608105 111
0.27357168035818824 0.2754451281344875 111
0.2718922786013954 0.28002544840513766 111
0.26980532030985427 0.24362950775927153 111
0.2720915896338944 0.2788158248067243 111
0.2678939106556163 0.267785831931699 111
0.2717204813677139 0.2364651899347952 111
0.2745987254897868 0.2685579722280544 111
0.2733410947469891 0.26492615366834527 111
0.274227743944928 0.2679155074032096 111
0.2756119830446265 0.24687473346315028 111
0.2743328917478064 0.2579837411952376 111
0.2716072294516163 0.25123974923358444 111
