training...
0.06289344440469541 0.014267344133647053 111
0.0830453373325816 0.029498407840100195 111
0.10353391900913489 0.060109321177044574 111
0.12347705461170257 0.08563055998978594 111
0.15184628912895914 0.10606912941115491 111
0.16592251847642045 0.13788873433891682 111
0.1536638092711319 0.10914375318368838 111
0.17501782313052522 0.139698553403261 111
0.18243408668407085 0.16502127315793574 111
0.18403874651303148 0.1481092553678165 111
0.19035671449036698 0.1542508430162416 111
0.17761544925280637 0.14977058838732965 111
0.19136356125648513 0.17289009443678127 111
0.19428473084445988 0.17148302318226236 111
0.19655834381442144 0.17518277873769472 111
0.19519736436065332 0.1696121922460378 111
0.19845004732346377 0.18334380835319952 111
0.1988340546985853 0.17163110401466383 111
0.1983620377609413 0.18067920510223007 111
0.20484160996245912 0.1754347609215062 111
0.2129129684813386 0.20572286312159963 111
0.21481534864432417 0.2043247562772618 111
0.21224027528811326 0.20047536492903342 111
0.21354581872867504 0.19767304293304583 111
0.21778078138422102 0.2089129443432993 111
0.21569763765914388 0.18251089300330214 111
0.21720135089479684 0.20380571763384933 111
0.2196964507072166 0.21121267360559295 111
0.23109506056069043 0.22558838477097565 111
0.21480238702064197 0.1959748749626778 111
0.23471776923134932 0.2262576597597722 111
0.23126215960235877 0.22509444447224228 111
0.22958700328847928 0.2087117833925796 111
0.22876482461575012 0.219486196049535 111
0.24015533368066017 0.23026445211694874 111
0.24350143177739267 0.23276183740902742 111
0.23665146421321917 0.22657243596451687 111
0.23533705577215172 0.22654784091295502 111
0.23400886903992293 0.2131287629303603 111
0.23913625154480797 0.23723740452763048 111
0.2384971494464906 0.231011214545466 111
0.2427529018435083 0.2467539140784499 111
0.23850374285543632 0.23964133529061124 111
0.24086685471309946 0.24201894664951878 111
0.23962762313429944 0.22868211481400552 111
0.2474820571168674 0.2345750921092802 111
0.2514907591836594 0.23190950368901023 111
0.24564016965205546 0.223412068397606 111
0.24259765993901977 0.24325133513552866 111
0.24852872371479093 0.24400967841898683 111
0.2449755837345652 0.24044763515892756 111
0.2523332985527381 0.2473081631846139 111
0.2453086334035473 0.23957233548351672 111
0.24151200961903307 0.23906827916992188 111
0.24291600464355204 0.23390526443351264 111
0.24614592150161937 0.24115804575172575 111
0.24800920530942708 0.2258392002198746 111
0.2544289256749149 0.2598012440470873 111
0.24905351338751303 0.23818700350682395 111
0.2478816540216333 0.2468190691128587 111
0.23883370491900358 0.21998439428651784 111
0.24605517147105477 0.22624988765283546 111
0.25394716508415943 0.2480076635048072 111
0.24938028327106485 0.2411729098921484 111
0.2528943764972087 0.2370899330193021 111
0.2544539902665872 0.23845198008202068 111
0.2550438069053929 0.24350958918411034 111
0.24523801366510747 0.23030703961183224 111
0.2542795650406336 0.2606995698661737 111
0.25186503161365176 0.2365561529760509 111
0.2519516080996478 0.23685505969379056 111
0.2544642522011963 0.22554127584776842 111
0.25357855883249353 0.25415038866168316 111
0.2501322891151983 0.2373564881881794 111
0.25262093087300347 0.2302248688138427 111
0.2547908240065405 0.2326991282009107 111
0.2610048430186478 0.24226461671651947 111
0.24924497765378067 0.2283708639341951 111
0.25583250628496385 0.2460980599260129 111
0.25321437084231857 0.2399818332101113 111
0.2590095433810406 0.26434809117975716 111
0.24508108251277083 0.24009873102002813 111
0.2550840434694397 0.23824963716082737 111
0.2540537586562817 0.22641336180868524 111
0.2582626831517463 0.2416083849418006 111
0.2541442376981593 0.243598109939979 111
0.25985409312196556 0.24302699430989744 111
0.25619735126771453 0.26368286130524715 111
0.2611467910135152 0.254012244262227 111
0.2587737272769764 0.2541119216505892 111
0.2618491399614423 0.2504521407438908 111
0.25346158358991266 0.24098735811659594 111
0.2547712748569217 0.2401587110629645 111
0.26258653470389826 0.24800604629664602 111
0.26133574717384256 0.25060002097393064 111
0.26441778579834224 0.25485566003631627 111
0.2555175076873121 0.23949371045428502 111
0.25258082530204934 0.2364933677181294 111
0.26083634358700486 0.2426778408401714 111
0.25455615877517523 0.2442871228456491 111
0.2611122496361655 0.2549031445601685 111
0.2603001738647296 0.23981445659123232 111
0.2630128725753191 0.24458006383030373 111
0.2685421286231755 0.263258475086373 111
0.26181342302725324 0.26346988760885737 111
0.2639803649865023 0.26033868277880795 111
0.26341990756653005 0.24523516338972914 111
0.2639258108337271 0.25528816555002304 111
0.26450133781037344 0.2527433452411664 111
0.26236855577511364 0.23900948008211909 111
0.2587859114028506 0.23640280696770566 111
0.26806244001355783 0.2680051587607049 111
0.2682210410521812 0.25237988741145934 111
0.25672896238055937 0.24772125830987562 111
0.2632100726622564 0.2599175398833052 111
0.26439479230911506 0.2420786636393907 111
0.2647325628077214 0.2583747160549594 111
0.2663938537265333 0.25907151306042275 111
0.26461301955166644 0.2465629013236363 111
0.2628753037196326 0.24576867616467682 111
0.26057328579438205 0.24621667126599378 111
0.25665701674335945 0.24878885730832487 111
0.2639067540938545 0.2545489359465391 111
0.26629898569251537 0.2526840664874706 111
0.2542217016059998 0.2459672380444049 111
0.2654719367025505 0.2532286513794951 111
0.2619713171110057 0.24319331841916492 111
0.26131324879451645 0.2715907685610517 111
0.2637108770937449 0.2569456879295523 111
0.2625013392330624 0.2563348890038999 111
0.26739113324586217 0.26042200711587454 111
0.26587984757300637 0.2713756950586509 111
0.2647355458768705 0.24795572047498332 111
0.2662566728960969 0.2523191555949506 111
0.263882940017723 0.2700767698607169 111
0.2658249602708163 0.2555961783189775 111
0.25925296065032605 0.2486633605454226 111
0.2645232584749822 0.2486188243542846 111
0.2646379491236981 0.24068376811809541 111
0.2684453262137881 0.25627682118438594 111
0.2639963915500131 0.2725030334034381 111
0.2677894904505399 0.2549162332864443 111
0.26571445560696705 0.24938339968481857 111
0.26682553533786824 0.2735888940372461 111
0.2636512531639058 0.23804346322369746 111
0.27298887746305384 0.26580515440731056 111
0.270562926631205 0.27486516341889927 111
0.2645395020160832 0.25460778992889493 111
0.265243178368978 0.2598696399059899 111
0.2658049507718185 0.250148113364731 111
0.26988428108315315 0.2661598325127984 111
0.26863262887475964 0.270515129933605 111
0.26425931525747803 0.24657770535579301 111
0.2668914927216448 0.2496617331586326 111
0.2609577319735486 0.24115649472377876 111
0.2686303039441731 0.2642954866869813 111
0.2676051619389871 0.2557491037063865 111
0.26611479045517566 0.2724201523831708 111
0.26959412721047155 0.2723499276055204 111
0.2644468502520358 0.26836471428147135 111
0.26831563293903227 0.2693969210649386 111
0.2619996849377253 0.2540068958440428 111
0.2676827824238214 0.2625836110138753 111
0.2728982659005972 0.2677291965021165 111
0.2685811498733453 0.27022832886028514 111
0.2706101688099315 0.26387254500716295 111
0.26536692562181735 0.24643495222102035 111
0.26419750682989435 0.23783299448552625 111
0.27501368132144355 0.27621410073585956 111
0.26977019231905663 0.26944730856299887 111
0.26252414328075135 0.25186727946724013 111
0.27476028429635113 0.2784092252822239 111
0.2712244012846438 0.2635744733453347 111
0.26813565527964917 0.2549679701012893 111
0.26868862439273017 0.25574613229570897 111
0.2678499829392938 0.2553162527651473 111
0.27312019484323896 0.2728996854466549 111
0.2689099549608981 0.2544669988018182 111
0.267228578935572 0.261456451736949 111
0.26759045638521173 0.24326640705278166 111
0.2658237411402986 0.27121037000380716 111
0.2720735489303313 0.28623353417986214 111
0.2708914357195129 0.2794259562424109 111
0.2711387976694993 0.2678466279154217 111
0.2712801737833097 0.2607729159875966 111
0.2761786527873061 0.2740250176668957 111
0.2774126110746595 0.2770834412634826 111
0.2715187069238883 0.28429447868294117 111
0.2701316130143209 0.2545621915659207 111
0.27257239813348144 0.27536184562197924 111
0.26722010387988165 0.2641928130390815 111
0.2735518532608364 0.2599293433546494 111
0.26955851176047557 0.2612052561968638 111
0.2677504718733704 0.24503376589797776 111
0.2684514450874911 0.2597601972457019 111
0.2684354978907188 0.258625252517868 111
0.2681482591822051 0.26964509983985097 111
0.2750827487108772 0.2778070236983156 111
0.2738277710871114 0.2646237758092538 111
0.2737493223595074 0.2630538712131715 111
