training...
0.17007374162967262 0.13523984763034924 111
0.2280858570465225 0.1971584719906636 111
0.2484733710668375 0.2241877169113119 111
0.2715723617569702 0.26371117352605894 111
0.27696124214331114 0.2716725574099908 111
0.2770402246990749 0.2631469447366743 111
0.2803328867523387 0.25585314369423673 111
0.28669278453251934 0.26576736850714 111
0.28015427551778566 0.26951710730727124 111
0.29246954041038786 0.2798504907445864 111
0.2907307296082469 0.3029062394081269 111
0.29452185386553953 0.28323176148914536 111
0.29863622890803876 0.3038910149658209 111
0.3010371703811983 0.3101705970061379 111
0.304561738067457 0.2949972273026367 111
0.29306485010019445 0.28249497788041483 111
0.2908170930096516 0.27889935340699135 111
0.30579081635474303 0.28668208843834375 111
0.30396992358635855 0.30041518611409573 111
0.29930175175356755 0.2807355404885612 111
