training...
0.16381617626770312 0.11472403083868797 111
0.21968941095157138 0.19396417242785918 111
0.23787477995744344 0.20964011299888385 111
0.2593546947417874 0.25211071059981494 111
0.26095076182001403 0.25375855297225824 111
0.27369444183037284 0.2808215462020229 111
0.2701570136566863 0.2587700575000135 111
0.2799124736423343 0.26075936284823065 111
0.2756669393672153 0.2819367723951757 111
0.277973019277544 0.274446734581594 111
0.29035384296684236 0.30370172817282864 111
0.2855687960009908 0.2665048243387278 111
0.2929966642040552 0.2877053699816103 111
0.29097666353233104 0.28408902526281005 111
0.29636403025657676 0.28818847769007516 111
0.29149916093562117 0.27763431922812354 111
0.29432364725881277 0.2981648634338095 111
0.3049427493267186 0.31514396669319095 111
0.29979132176603107 0.29810213446240513 111
0.29543142276159584 0.3027169749278301 111
