training...
0.08303528168206624 0.03131337889809667 111
0.11205110687547702 0.05019437856429945 111
0.15292061752555933 0.11230361494089351 111
0.1789692756185208 0.14818275069458 111
0.20340458959227414 0.17423046719551427 111
0.21724410669657832 0.19134756313490958 111
0.20948931044429825 0.19332600185986354 111
0.22397173593134953 0.19564221856717204 111
0.23551832436027564 0.2038959252727196 111
0.23560281321397 0.21317596347356185 111
0.24351086016019707 0.22647467502200483 111
0.2419833528650136 0.23196459093252134 111
0.24423890356601524 0.22974050401896426 111
0.2500681140869808 0.23688374092033976 111
0.25588437877894615 0.26491867290515353 111
0.2548729117787664 0.24897028918240696 111
0.2544034577392413 0.24539024750897526 111
0.2569468499096254 0.2370211530718277 111
0.26130272700480456 0.25144404619649724 111
0.258589984552966 0.2584904002305913 111
0.2675208382279307 0.2660764147013778 111
0.2678939633774334 0.2733421242638809 111
0.2631010808296819 0.2570808911411187 111
0.2634795451991826 0.25198054121837143 111
0.26707110412623825 0.2651219577707748 111
0.2705875301732367 0.26452354181722015 111
0.27269039740304984 0.2764011392716713 111
0.27080413077277726 0.2801915526582565 111
0.27900731297940734 0.28713151019301947 111
0.2750870944168877 0.27496540001195247 111
0.27633446674528045 0.26087435515409263 111
0.2854914186245963 0.2944289460078222 111
0.2757319965738459 0.26973423056103535 111
0.2776539244413436 0.2737318045055844 111
0.2763281760241947 0.2930910152135895 111
0.2771440520591809 0.27206332005754685 111
0.27670827385344154 0.27096551922508616 111
0.28144712558984813 0.292625056054919 111
0.2768505534300876 0.2795281102215315 111
0.2803014271771304 0.27641075547592225 111
0.27985212828454703 0.2831095647582054 111
0.2783086570975783 0.2749898529836958 111
0.2843677378776783 0.28704045690902236 111
0.28286992517949805 0.2878414793856851 111
0.27997584993560193 0.27499623867181494 111
0.2866614707601499 0.27784868665493584 111
0.28692593428261537 0.3215262543059849 111
0.285613510063376 0.2844707015623768 111
0.2793469007982235 0.2689884244865876 111
0.2821103439167014 0.262601553004005 111
0.28508445609140226 0.286579174034909 111
0.28352587380426514 0.28833835502230626 111
0.2907490643537581 0.2968359476462175 111
0.28420064654021115 0.29350041687113254 111
0.2835815242845923 0.2881957348331301 111
0.28980706952459956 0.2909869883281759 111
0.28302262905498254 0.2789315413656542 111
0.28841396553623494 0.30011153525154055 111
0.29025031597820955 0.29607671594771234 111
0.2852264073496097 0.3143428119086171 111
0.2838316675211668 0.2992554322460153 111
0.28622816529129164 0.27818335340612627 111
0.29290445581927166 0.3032609336626442 111
0.2860955334076359 0.29611052756406353 111
0.28637152080322364 0.28043085296895714 111
0.28940793624130534 0.2967291096386872 111
0.28780512166836153 0.2742154702511966 111
0.28475486224932645 0.29424309957601436 111
0.2889254240693337 0.2925513719809495 111
0.2862867931739793 0.29187226491915924 111
0.28976413741889184 0.30301354316590595 111
0.28179925256316374 0.26976996037630946 111
0.2923147941615629 0.30237468607013557 111
0.29031624829794345 0.2917721343561953 111
0.29779201169085384 0.29838221480127847 111
0.2879419252036145 0.2748724396730351 111
0.29176299504257897 0.30058459162987333 111
0.2882497809980364 0.29039986506967336 111
0.2915513609885234 0.3237898140406892 111
0.29685061402169644 0.31690642308767225 111
0.29327090976039694 0.3098299179500933 111
0.2928802569619786 0.3028452875848754 111
0.291572183756466 0.29169481524987423 111
0.2924897254770134 0.2863842168481031 111
0.2923948705134507 0.28995348058351905 111
0.29052252975172593 0.2824677278883413 111
0.29086126487021463 0.30429183456780484 111
0.29175340852732534 0.2804244967050839 111
0.2918799042165611 0.27331511943582737 111
0.2868316447958421 0.29344898320804286 111
0.28841597004934244 0.2626255779150564 111
0.28680622150667906 0.2744567211796056 111
0.2870190890797723 0.2892704152247139 111
0.29142910298728547 0.2842793665740675 111
0.2947282650565135 0.28202861621285935 111
0.2929564749505033 0.28173311241320137 111
0.2943852468094216 0.2919181056690652 111
0.2936620191384145 0.2624914860502989 111
0.2896156969654072 0.2845294414987268 111
0.29326076841182874 0.2935777066759533 111
