training...
0.09349993278453933 0.04795520499684978 111
0.11580892726735148 0.05338771019651442 111
0.1315083741404709 0.07656603123277161 111
0.1591431024770957 0.1126471311893633 111
0.1868755255906127 0.15227517101517532 111
0.19360783922713642 0.1615042332161455 111
0.19765629665040613 0.16408114679539806 111
0.21400063556793178 0.18322403809772497 111
0.22594730298542257 0.2154056918256748 111
0.2327481495679002 0.22552342032954104 111
0.22797955844094867 0.22667657504759967 111
0.23526805268014256 0.21660124014887325 111
0.23492545152276922 0.2280857817985703 111
0.23913001793690847 0.21152851452799842 111
0.24293982027972338 0.24375024526470684 111
0.24143172228203935 0.21781037895432306 111
0.24893483408693562 0.23743450694979806 111
0.24401580662866806 0.23077690077040225 111
0.2521412201245208 0.2457077942905274 111
0.25641140406075513 0.2524550041857263 111
0.2522451575928913 0.2605864303001999 111
0.25803359235662565 0.25249386226156656 111
0.25482087808729553 0.23943462585710656 111
0.2646573290649298 0.26586343791912126 111
0.25960019361207354 0.25464479844428384 111
0.26354860572488914 0.26405035953070066 111
0.2635561330909843 0.25647752354015835 111
0.25901800160356003 0.2584197446258428 111
0.2686093405227009 0.27524273200787536 111
0.2645755004322597 0.26167934840706064 111
0.2662034351452788 0.24253763885627602 111
0.27047124850225013 0.27248303382749817 111
0.2655569295039705 0.2577997224294219 111
0.2681783181618765 0.266773252901339 111
0.27491086876314835 0.28080894996871986 111
0.2775430107142914 0.279808561586388 111
0.26865712012409865 0.24591576984308974 111
0.276098120584109 0.270194323783827 111
0.27162944071413664 0.2544635423097959 111
0.27293131601410825 0.26072310827441875 111
0.2751939220004737 0.27343381705395925 111
0.2759338290613195 0.2871470751930633 111
0.2771299021504651 0.26956331919818644 111
0.2744198848163594 0.2610199338274212 111
0.26990626496460324 0.25802495942255654 111
0.2825236662919401 0.2759336060830492 111
0.2791923745609811 0.2737074534130019 111
0.27777693566057693 0.2741613047025936 111
0.27664149531151816 0.2741801691520303 111
0.28286410982303617 0.26432275028695407 111
0.275265923398897 0.2527349850922398 111
0.2855151869063218 0.28080339082873507 111
0.28231864752428126 0.26592946931558437 111
0.2775125245343319 0.2625656269749447 111
0.28044815533396944 0.29345780622874523 111
0.2841354976118456 0.29043507630844945 111
0.2757043986831361 0.25251910118460413 111
0.2846191836143449 0.28829894378594134 111
0.2851685945515435 0.2815166120673149 111
0.2829657221641755 0.2792902717111476 111
0.2771597572326537 0.2543105940784499 111
0.27842984346938826 0.2680771864444481 111
0.28583102967702917 0.28901720489312044 111
0.28089671411298844 0.2915333180855986 111
0.28943672372493867 0.28900536710847236 111
0.2851205218462379 0.27809609623014026 111
0.28485811688643287 0.2940430233002146 111
0.27840462043591124 0.280093856061528 111
0.2858317023825349 0.29369755203886916 111
0.29245141866739355 0.2838949086152201 111
0.2886632031158279 0.27124270217124485 111
0.28162936414683026 0.2787001437476701 111
0.28689768281757155 0.2701997884848768 111
0.28440307390099034 0.2866502258663672 111
0.286256538841358 0.30640437713497115 111
0.28536123848409156 0.2756745441169805 111
0.279884603842457 0.28762969604862343 111
0.2871502152551844 0.2895611223873874 111
0.2865337903866439 0.29305313225976737 111
0.2883996768145685 0.2925085513476342 111
0.2893238013881105 0.2940404880996743 111
0.28592316370488513 0.3033871706617976 111
0.28913758319097743 0.2827712458497315 111
0.2872340025909885 0.2702974651504026 111
0.2885167729140313 0.2710446936003605 111
0.29159211167795757 0.2822253572115781 111
0.28758325907967364 0.28376565730240133 111
0.2864684432594498 0.2776812267334458 111
0.2903795599319972 0.28754589936438557 111
0.28580438197695307 0.2626274797472292 111
0.28662333063596346 0.2788082069922692 111
0.28546107491437595 0.305062360725534 111
0.28810909231362375 0.28927660873729233 111
0.28309267836935914 0.26878035658211497 111
0.2883754733354186 0.2888284367690535 111
0.28729067842815276 0.28064918090702384 111
0.2831114759426162 0.2641521812332478 111
0.2866357967708258 0.28012962670610697 111
0.29347202657659344 0.29121487101231647 111
0.28996564589767204 0.28172279304842057 111
