training...
0.10079984617019094 0.0518555075313057 111
0.16548080979933122 0.10258448261398827 111
0.1743143317792965 0.14491682122512028 111
0.1962351584098936 0.17095574476097133 111
0.21865502940644782 0.20667404962003144 111
0.2138857041124768 0.1792913900190631 111
0.2145164808027023 0.19892812758108347 111
0.22611062990737466 0.20567594013685597 111
0.23575832263543448 0.21041704212302118 111
0.24089719856907912 0.20631899335438894 111
0.24207730269475994 0.2152673663408014 111
0.2453695350549922 0.21246831883896736 111
0.2442503043202598 0.2258175152314962 111
0.24817571344796793 0.23742961318615013 111
0.25103932257755496 0.24663460929458017 111
0.24654559894533584 0.22984477677727175 111
0.25230289969239617 0.25070890695583 111
0.25396091048525754 0.24680144265304463 111
0.25302437483803747 0.25166703395213214 111
0.25955542631852563 0.25410753310193973 111
0.2587064857061589 0.26241315444586 111
0.2587546376756211 0.2681818589517096 111
0.2576319718853097 0.2354309538545452 111
0.26327747150063896 0.2517347895695565 111
0.2621769040922029 0.2523391711414015 111
0.26389292804134423 0.250961496686655 111
0.2658346953555762 0.2583291648061523 111
0.26494004198144666 0.26035994501402154 111
0.26737597331621005 0.25335755598607435 111
0.26482345561553605 0.2419552957549432 111
0.2685986544944535 0.2506219786848394 111
0.2694261054098377 0.2856039984046895 111
0.26790607787240056 0.26585488341921176 111
0.2728913032778238 0.2719451161624431 111
0.2782367166600471 0.2901743930440423 111
0.2761689484291879 0.2716139200994858 111
0.2740466451347184 0.2729935979471183 111
0.2748859275551655 0.2825962720113819 111
0.2747180751394437 0.26875550074397137 111
0.27301027019014207 0.26732034718769987 111
0.2721236549315009 0.2518905644841827 111
0.2720942830504994 0.2685045784267258 111
0.27220485128982985 0.2770345391766084 111
0.2743741229234521 0.26882573380309616 111
0.2749504761602873 0.2671697689958504 111
0.2745566120171237 0.2677141387715587 111
0.2787935829401946 0.27968307509865326 111
0.27969663605158945 0.27418223701752303 111
0.27019772679152915 0.26688215285570377 111
0.2784186419367537 0.2686189769800699 111
0.27210253578074656 0.23616187723265256 111
0.28127838035378544 0.28268618892072434 111
0.27888504116889723 0.2652166378161296 111
0.27692077219424627 0.255152846595076 111
0.27770287094694585 0.2865817382641615 111
0.28118223214619786 0.27581247788243074 111
0.27668146613874384 0.27029384842568993 111
0.2867914891513486 0.27457322745653406 111
0.27503206240166655 0.26228569544986124 111
0.2841661520953554 0.2802843174453772 111
0.2798284025662052 0.27503056519886776 111
0.2792823565960123 0.2596248982451502 111
0.2807718758320067 0.280262016332002 111
0.280057557117026 0.27200548225889243 111
0.2817873624147677 0.26526262569443576 111
0.2859369046025864 0.27870608087879384 111
0.2822186307529123 0.27496223899013444 111
0.28342510512076885 0.273412190277682 111
0.2830835825197849 0.2906051406510527 111
0.282792175285868 0.245620468058845 111
0.2832487121035155 0.2558357179905691 111
0.27770647901045925 0.27307360879976883 111
0.2823001328195506 0.2777051649631938 111
0.2842426585876809 0.25774743465520267 111
0.2845331818277812 0.2613755107254975 111
0.27936789751907454 0.27108039665345424 111
0.2816223679340666 0.27372101585699804 111
0.2836907623820362 0.2852044464427776 111
0.2847280163349542 0.260154235082324 111
0.28146154983309246 0.2744617895816303 111
0.28609199924515905 0.27850780050061896 111
0.28040822688271827 0.26962862926768133 111
0.28591711089547756 0.256319928794328 111
0.28464360177229087 0.2655816117219337 111
0.2798872064082371 0.26258164427448843 111
0.28085114146336687 0.2799748700711631 111
0.28082585936673 0.2883052065951641 111
0.28370613704823266 0.2732848822903651 111
0.28044635956117353 0.2525212627684935 111
0.27460187880913656 0.2776937556734154 111
0.28489105363359674 0.2742064824411758 111
0.28689106056553765 0.2599247120487222 111
0.27969704939279205 0.2788646387202883 111
0.2874159424421019 0.2582218492386326 111
0.2847069880997297 0.28448502668113224 111
0.2831634268164381 0.25469320766289705 111
0.2786168772444494 0.2590854756851794 111
0.2847996573803115 0.26371595440678486 111
0.2877220275675358 0.29624006937698205 111
0.2833524043508862 0.2737954226159205 111
