training...
0.05503524453120754 0.01743058077915825 111
0.0859366256877413 0.03571128959616042 111
0.10566874539140683 0.05986480536727432 111
0.13379011894980222 0.09397516545103235 111
0.1424412098350541 0.10444222149961242 111
0.1623923325925559 0.13811861170325865 111
0.1533774638762918 0.12462635939724678 111
0.17486193148394913 0.14963454838171275 111
0.18157424571202005 0.16774365859326473 111
0.18491797194835471 0.16417005355621694 111
0.19549310989636615 0.18275773918736254 111
0.19240682505383422 0.17146900807245585 111
0.1971559974750346 0.19311746791000578 111
0.1967751822277227 0.19417710526602402 111
0.19948129208057222 0.18982173925920384 111
0.19879372054946276 0.1809132004266621 111
0.20577492225661637 0.18882271328615202 111
0.2016747522166035 0.19205182159070094 111
0.20525418975777465 0.19724402572604624 111
0.2179358449969419 0.20877085635252002 111
0.21405331060471244 0.20343097168027183 111
0.21645318158225213 0.21704033141468682 111
0.21617513393708768 0.20318553920211804 111
0.22491670011463682 0.21014114356204666 111
0.2227852610204777 0.21119224923801289 111
0.22103829654355356 0.20640620968047232 111
0.21881663887141292 0.20699009007476082 111
0.22674365079629952 0.2213639655177522 111
0.22897860199083736 0.22638978643851612 111
0.21816921478227697 0.2069185979142726 111
0.2295038168366623 0.21022700649713266 111
0.23256733506078192 0.22237916929146126 111
0.22721809129989365 0.20749469560401845 111
0.2272070252028943 0.20831162985508997 111
0.23790104325071224 0.2421788139749762 111
0.23796598262697152 0.238826521682124 111
0.2378855123742134 0.2406774322193904 111
0.23476560686253756 0.23493843161365602 111
0.2337799193673645 0.22537587389653113 111
0.23832147619652294 0.226294630631455 111
0.23919191146265417 0.22241144673841912 111
0.2395744091087314 0.24183224933598751 111
0.236617503040595 0.20793025679116195 111
0.2443485566499221 0.22077460027337853 111
0.24724711891612206 0.24301495565348177 111
0.24830885940116315 0.24604530985196815 111
0.24852462389621613 0.24308769947485623 111
0.24572647270893858 0.257343077666842 111
0.24155846435119868 0.22836854491949699 111
0.24709023097942598 0.22729029309221183 111
0.24242802466701402 0.218893014270794 111
0.2522025708524652 0.25402652098458633 111
0.24187997037174558 0.24009931110190322 111
0.2482134314598751 0.2486872931844267 111
0.24561847452683447 0.24367825904626386 111
0.24332090416603686 0.2419471822329178 111
0.2477377620715525 0.23121726452734595 111
0.25320661721694854 0.24772594870275794 111
0.2488097123775477 0.2368586469731876 111
0.24735215319564946 0.22903377202955122 111
0.24985790875366665 0.2419919156628614 111
0.24589169305842656 0.22067437759816977 111
0.2559656239678797 0.24901759434714044 111
0.2510820736573253 0.24132357293417994 111
0.25434836868326194 0.24988025977445835 111
0.25213226038017306 0.2369041180285113 111
0.2557626744636506 0.2559148056627645 111
0.2492483921197986 0.23853614166187834 111
0.25307168520850426 0.25434262574826916 111
0.2574204804157395 0.25094227900376986 111
0.25780980827442695 0.25467046914208247 111
0.25274327239652183 0.2306225770576776 111
0.2549098856185125 0.25127805822828875 111
0.25458431482066907 0.2588691079490794 111
0.2542873790761208 0.2566938714209236 111
0.2554476506090882 0.23026895763136665 111
0.2583266755674853 0.26586423763936823 111
0.24943838050297085 0.22965471535674184 111
0.25881607770194154 0.2586780037756739 111
0.2598524077340339 0.24570994123755363 111
0.25807341286461566 0.2441406627038066 111
0.2519473387796113 0.2354877056980378 111
0.2626875743112789 0.2642990214260919 111
0.2600023088343149 0.25447415389675687 111
0.2623662715243875 0.2493752359013951 111
0.25867447974163726 0.23671643410111168 111
0.259694284886298 0.2501660869034285 111
0.2615668414422993 0.2556026206525205 111
0.25675762517907585 0.24383366107992488 111
0.2665537518625195 0.2670170951409674 111
0.26504349568445823 0.26341649980601595 111
0.26196095082306026 0.267117041559202 111
0.2595056803022254 0.24021495926751382 111
0.2609752856966279 0.2547363774751613 111
0.26207387185534914 0.24446403995850682 111
0.26611303900512895 0.26628983050311406 111
0.25987836700370776 0.26110817537625564 111
0.26118517792535606 0.2414366609708138 111
0.2645879290553512 0.26975231765762175 111
0.2610380931311909 0.24837963177935787 111
0.2639312053114691 0.2572893521167221 111
0.2686289563659835 0.2616143690541902 111
0.26034402292944614 0.257073571828492 111
0.26746354875605 0.26634341573567133 111
0.2584187220552254 0.2537211846677226 111
0.26482757088169395 0.26645148136676 111
0.26571484560548575 0.2598904868714217 111
0.2618803791912675 0.2514340177999155 111
0.26799029569499083 0.25973822650379297 111
0.2676340424889108 0.2648254664745931 111
0.2691286247019896 0.2705823716891021 111
0.2698857619220951 0.2675263895572801 111
0.2665290093460921 0.26062709754736213 111
0.25926897952634714 0.24998464125047695 111
0.2648500572593416 0.2704735467357444 111
0.26638125250902095 0.25923596180784036 111
0.26730670302084447 0.26931874488754654 111
0.26973782477109987 0.2695948940320421 111
0.26403206944274976 0.26106290085686157 111
0.2661594772418276 0.2506305150890356 111
0.2634099672888111 0.2607011547310797 111
0.2644739951682343 0.26132464000889194 111
0.2663695771421858 0.2799249158999349 111
0.271327263099799 0.2745687586325584 111
0.26040183941624784 0.23881105272361358 111
0.2645297287199363 0.24756102574310307 111
0.26192184631924004 0.24995598035755953 111
0.26475758012135336 0.26899777403896374 111
0.2693964629937347 0.2710504648632921 111
0.26615989995679035 0.26072514419161874 111
0.2657376104931236 0.26471676023904445 111
0.2675444954509861 0.2673427786356531 111
0.2638067595375803 0.25179890218516915 111
0.26919726200548444 0.28137004428010026 111
0.2678522066128728 0.2719033339138553 111
0.2705972473397064 0.2648394724883998 111
0.2641715069613782 0.2484692158423054 111
0.2718670280071849 0.26669462329567634 111
0.2742109811738083 0.2848204845697954 111
0.2713695901403387 0.25666901290465094 111
0.269065512427715 0.2748027984056598 111
0.2736380368250455 0.25670572682666803 111
0.26886267488431304 0.2541624087872692 111
0.26951802210211506 0.26777819525919294 111
0.2673867346486483 0.25673603672721756 111
0.2772177702818726 0.2668716482042798 111
0.27001908596196045 0.26175572623789606 111
0.2686162832422444 0.25534989576396866 111
0.27172082924572705 0.26073590821921905 111
0.26774799519035153 0.2628898193429109 111
0.27518589130507 0.2742181420193274 111
0.2687002988906761 0.26774162037618504 111
0.271478013469101 0.2744673581086581 111
0.27482764901736617 0.27915697759095065 111
0.2634815460687663 0.2606762340974112 111
0.272671345276809 0.26967956455602266 111
0.26927232378885324 0.2798586323271284 111
0.2645624988761754 0.2455487309269719 111
0.2727839013798825 0.2873709491682603 111
0.270537486050337 0.26700652274158837 111
0.26900817210921874 0.2569370735875138 111
0.27130836662375796 0.26881563776109074 111
0.26813167269816496 0.2575882220215512 111
0.2772911205809035 0.2732724138325768 111
0.26657162415143437 0.25723190567965587 111
0.2701017971215204 0.25832999507613114 111
0.2664749090777058 0.264416005590945 111
0.27047793725630737 0.2578616271820645 111
0.2729714438051729 0.26562811679786225 111
0.2745286851210028 0.2646971462392772 111
0.27155099624328427 0.27090662547053046 111
0.27634403995522816 0.28554682904654616 111
0.2685095547045439 0.267181709266287 111
0.2742397103229911 0.26551278627198144 111
0.2711359598838822 0.2659236688712949 111
0.26841672199425476 0.2615362252501322 111
0.27376560304840936 0.29123067409539666 111
0.2733007070202878 0.26757526814739196 111
0.27664220940876316 0.2644556585407874 111
0.27010930372278075 0.26675487434006445 111
0.2719270549566606 0.2652081190336658 111
0.2745839510749978 0.252387504669229 111
0.2805565372368211 0.27368786730418226 111
0.2743605929161331 0.26329942932904665 111
0.2732909388603651 0.2725173806548494 111
0.2807907667348714 0.27373506537330283 111
0.2773850603015798 0.2799048447887989 111
0.2718200030823115 0.25705048727882973 111
0.27196012239954004 0.27798509312338693 111
0.27696973894726595 0.27372231084248977 111
0.2695331898337917 0.2511410487816439 111
0.2755095734276977 0.26889856917239646 111
0.2780611545707901 0.26294838125880454 111
0.27201922951854635 0.2641961132681022 111
0.27264353227710536 0.27456148714625667 111
0.27276429702992566 0.2717097047031109 111
0.27423996941550843 0.2849396715020962 111
0.27756336866563225 0.26983418698567374 111
0.2765578768775464 0.2593770308730654 111
0.28073076152511145 0.2751938800492099 111
