training...
0.2861093079835081 0.21170017700266855 99
0.29892604390052396 0.23547372680448833 99
0.329682500658371 0.3194002336259927 99
0.3387399713598708 0.2775859393217813 99
0.3552726128471671 0.30922028734815454 99
0.3699855607241031 0.3390622974617476 99
0.3702092618608939 0.2978193287896425 99
0.38360472510510274 0.3676040270631916 99
0.38170989397044675 0.3472553583852339 99
0.3843908879188181 0.321056383306429 99
0.39816966733642106 0.33871189041250643 99
0.3994976164936578 0.34077343711989566 99
0.40086130776987294 0.3461701665343076 99
0.40803762772996205 0.34350422536890773 99
0.41340933805080776 0.3811530245097935 99
0.41203998674859854 0.3417173211196784 99
0.4101974380860111 0.34656889263868895 99
0.4145883780860991 0.35789246201905534 99
0.4111186331952671 0.3383197014988793 99
0.4227473757829324 0.36730827816270406 99
0.41351019654961224 0.33544282710268153 99
0.41859994828837876 0.3619594910877552 99
0.41788602966668487 0.3694844332736382 99
0.41981856788664007 0.3599301988724386 99
0.42611525988805443 0.3633446521964226 99
0.42434486384740683 0.34324277134000286 99
0.4220097394580978 0.3360408280982932 99
0.4277503416760878 0.35801552432925404 99
0.4212211035136571 0.36785310539731386 99
0.42892163937686517 0.37879875133772006 99
0.43436453726709884 0.39296553699778225 99
0.42576154190345794 0.37061381199629306 99
0.42653535487889244 0.36486252781926376 99
0.42852263485070946 0.36465989463234855 99
0.42680748656510703 0.36893606320630906 99
0.42822255366712314 0.3704164513572985 99
0.43804068789948114 0.3785613077687528 99
0.4317782875180995 0.3929250629189145 99
0.44275193465378837 0.3651410112194065 99
0.4347880429935662 0.3633221398801072 99
