training...
0.17787870785453577 0.13650899486563917 111
0.2176213127893397 0.18535212136102833 111
0.24354057733635623 0.22301809125836314 111
0.2592026430505072 0.23697431730772622 111
0.26411023659450333 0.25034970583832544 111
0.2757736468995103 0.24301861502733665 111
0.2702473058432914 0.25871907295667673 111
0.287243725441524 0.27832570877957336 111
0.27803775845082757 0.26520985487633714 111
0.28649152431431474 0.29387352137452477 111
0.2854347552320219 0.29015225671999134 111
0.28398422765692344 0.2636383561169333 111
0.2982022339166722 0.28342322416447324 111
0.2873291533503736 0.25536255361756616 111
0.30172755797172374 0.306589181273395 111
0.29086485607829554 0.28302900304957024 111
0.293219484404058 0.28316230313748814 111
0.3003268517842065 0.304685272115877 111
0.29905148954970423 0.29454619768516793 111
0.2987241979799625 0.292014664404117 111
