training...
0.2336273710152814 0.15773952598307134 97
0.2548896952020721 0.1972563504661945 97
0.271807392893641 0.22890072099252579 97
0.2898697618720806 0.26285415234987974 97
0.31374119253709093 0.28041402521597675 97
0.3092958551655441 0.2773768054477171 97
0.33478741756443936 0.31908020078212335 97
0.3251071434976639 0.3053944368834175 97
0.3526901029719867 0.3523834587352591 97
0.35768575286699944 0.33623275459976193 97
0.3562828691617721 0.3196705257886832 97
0.3642121145156775 0.3448136203626621 97
0.3644088078999345 0.3298953576702354 97
0.3668166908600519 0.32542676142826915 97
0.3703634587676528 0.346104696560618 97
0.3753275808722615 0.3480880446254201 97
0.37575780550339744 0.3282193957305823 97
0.37063812513041966 0.3285342215982421 97
0.37278510137713416 0.31357843436087096 97
0.3809364287415099 0.3273198003155653 97
0.3799005359762393 0.3339887638452182 97
0.3889269394272043 0.35476342251123694 97
0.3921955861041891 0.36691803204591195 97
0.38365602311559965 0.37076296146795945 97
0.3894925394378899 0.3678866059860384 97
0.3863480443675013 0.34881842517186623 97
0.38107083563148053 0.3457274449853899 97
0.3886525304330665 0.35396224634207096 97
0.38306770049603817 0.34232452124944973 97
0.3793120443301392 0.3203116422557568 97
0.3951078572477451 0.36687240061985754 97
0.37858885450960345 0.3564031922226557 97
0.37507650664095615 0.3392047565866826 97
0.379098590358537 0.33463851130590416 97
0.38221585248090123 0.33439818006485533 97
0.36979692555761495 0.311708983549935 97
0.38966777263237695 0.3776531688039684 97
0.38740690116619264 0.31284765431158723 97
0.37687857711757544 0.31112083681428937 97
0.37737760639879847 0.3185358684522433 97
