training...
0.2948465683908037 0.22852197933780735 99
0.31334917285856295 0.25287096510415025 99
0.3203647980157605 0.2558561620437505 99
0.3352166781255408 0.28832038266636467 99
0.35661346657446075 0.31731074312467 99
0.363878143599096 0.3071918825570993 99
0.37508298158254527 0.35222056599676616 99
0.38525432265087567 0.3327304532970881 99
0.38453701830802156 0.348838260231988 99
0.39551713230441804 0.32631771501100726 99
0.40555656279027913 0.3473540709415135 99
0.39959174797081304 0.34831791899653053 99
0.4058729408711065 0.3437935262758033 99
0.4027325172839915 0.3491010861618401 99
0.41587704689982724 0.37288462815030243 99
0.41710443971253336 0.3511771176530268 99
0.4160675544063466 0.32963540217971454 99
0.4199250339640865 0.4112739645800973 99
0.4224367301400268 0.40250472040993923 99
0.4280963457096026 0.3855585893996208 99
0.4239250166030127 0.39664064259795423 99
0.4300583565842331 0.37315515182504805 99
0.43000179345000866 0.38959225898946176 99
0.4278416257748445 0.3818839634270548 99
0.4171343217608871 0.3599542026728771 99
0.4385237844811848 0.3830016046586094 99
0.44568861003934657 0.41861862439241954 99
0.442375930537318 0.3945670798153739 99
0.44328941128940375 0.3996162902938303 99
0.44226622270056354 0.3871316569853233 99
0.4459209088848597 0.42714611576847156 99
0.440269997749125 0.3978059431272038 99
0.4321884946064039 0.4050139629760281 99
0.43633506116275916 0.4060781476056786 99
0.4493240557233057 0.4178427602698752 99
0.4400481939257708 0.3842419674820275 99
0.42754400065002013 0.37920308572785594 99
0.45557273744902943 0.42035443984565923 99
0.448657783131222 0.421843003861413 99
0.45595166779437923 0.42400793728579655 99
