training...
0.29311546963937185 0.20274710359856477 99
0.31556414495335366 0.2513791409876764 99
0.3268294973187549 0.2859530597540087 99
0.3380541595163085 0.2759664153150836 99
0.3570707658688404 0.2853366139232701 99
0.373211459267698 0.3439041875093602 99
0.37922947298226245 0.3213161435242597 99
0.3872886337527503 0.3562664863228212 99
0.3855996887821206 0.3149085424650113 99
0.39289598922103813 0.33979751935039715 99
0.3926990488233138 0.3458071929875454 99
0.39383810537145936 0.37439806871019193 99
0.40194344363155154 0.3409620785433202 99
0.40724820217289964 0.38780183637259186 99
0.41460552445630383 0.36464971552110276 99
0.41151746537405065 0.3654091720148473 99
0.4090002243807699 0.3294426008350372 99
0.41759339615408336 0.36098053398202495 99
0.41193826402891764 0.3683855547130171 99
0.41707237845193634 0.40069206442807653 99
0.42605193336680935 0.39469686730473796 99
0.4147916060148093 0.3602234232141987 99
0.41750937751966016 0.3709383780281917 99
0.42505560759217764 0.366950393562129 99
0.4316804199716308 0.3784609492079564 99
0.4329217579744342 0.3867197306392217 99
0.4226757133977584 0.35769517872509105 99
0.4305160115873082 0.40866237687047446 99
0.44371532795351937 0.4025074282580748 99
0.42763455182401083 0.3322450318853955 99
0.43335058250093156 0.37867252122376865 99
0.4390248732599644 0.40114585135371306 99
0.4299141624459987 0.3718305694065473 99
0.43066408061772743 0.3730929618370028 99
0.43591312037429797 0.39745690688975266 99
0.4324559432261386 0.34406985794689454 99
0.4297225874807476 0.37152999890848143 99
0.43892165202412387 0.3939947461284499 99
0.4336152127486865 0.3539665023507049 99
0.4475036094476565 0.40870555223313343 99
