training...
0.318070683294077 0.2597889179508783 99
0.32201724656295 0.26121232646403536 99
0.3344115686384263 0.2985422978771948 99
0.3307381717686673 0.2645748451289787 99
0.34459444865499994 0.3116467412534113 99
0.35764691318425945 0.29596608667152724 99
0.3737101831424173 0.30815973034967076 99
0.3894842651330236 0.3432963366123812 99
0.38294584204231774 0.34130278417113447 99
0.39095029675647164 0.3341690756476703 99
0.39359921885100574 0.3390827915735837 99
0.40559654628279174 0.3734814397880761 99
0.40495948285776084 0.3664490640797631 99
0.39870452712785864 0.362625464645317 99
0.41079304641314124 0.3886780752159461 99
0.4015951818336972 0.3531929851250773 99
0.4173792147060314 0.3699671333175846 99
0.4062309001331653 0.3604595502747595 99
0.4154329150788618 0.39802994766226335 99
0.4097272798009564 0.3771013941399759 99
0.41812304492325336 0.36402401220348835 99
0.42727939425119493 0.3906668923303096 99
0.41674161922811187 0.34438562108510024 99
0.4270811905223993 0.3739483945730876 99
0.4194505267543276 0.35645769003682143 99
0.425518091715542 0.3458779275871551 99
0.43374530904763403 0.37410072403572686 99
0.413167821142362 0.3641400245665592 99
0.4268589329010064 0.3598371023736018 99
0.4281984130638608 0.3741914868440857 99
0.43445137774917086 0.37919546071641674 99
0.43772057272779386 0.4062016705229809 99
0.4342796972799068 0.3826273590056267 99
0.4269642247327759 0.35683716963340273 99
0.4347384506650263 0.37467976919988977 99
0.4261271295531417 0.3734865136471437 99
0.4312197707257282 0.38930055365779387 99
0.41882751176463345 0.37037859510970783 99
0.43802144282929084 0.3745649302884171 99
0.4335909771778089 0.3654293271639847 99
