training...
0.07750550756641701 0.025811357354766758 111
0.12480587427195312 0.05703856567282041 111
0.15096823731444897 0.11235330754805249 111
0.1779485986228428 0.1397055631196161 111
0.20334459245456166 0.1755741688442157 111
0.20750883742746035 0.18014143616971007 111
0.20731426777792508 0.17639650232434062 111
0.21959274967333942 0.20633536746096368 111
0.22804136982559758 0.2177523942414501 111
0.23308338378977694 0.22555295218233182 111
0.23285597202470357 0.2020935294987495 111
0.23513986117392646 0.21311868398101358 111
0.24286148642724958 0.23312932669424266 111
0.2508224241927427 0.2359369721079245 111
0.2506374613747862 0.24704871830472055 111
0.24602136207892572 0.2326376409841996 111
0.2532403806327485 0.25408222322192847 111
0.25425569703271117 0.2491209088040157 111
0.25295443623842184 0.23777463221506775 111
0.26016509984741604 0.24691975767530697 111
0.2613353746546092 0.25025652831382955 111
0.2590254587130824 0.26609951743060484 111
0.26229774363866065 0.2427775437594166 111
0.2652925795704748 0.2761278379489455 111
0.2689791788037677 0.2758927950192603 111
0.2642340031070967 0.25097641161664 111
0.2695399468479763 0.2855261287710994 111
0.27259252456080874 0.28826855685844294 111
0.2734915971309036 0.2786943633081367 111
0.2718212131376152 0.25434751578455905 111
0.2729610093124809 0.27681746343705205 111
0.2772247380446511 0.2763811079518179 111
0.2723267958018607 0.2612123719181702 111
0.27702398532888334 0.27300579294998756 111
0.27760517161335724 0.2703982436350003 111
0.27528604523450295 0.2567720187827054 111
0.2727987203764333 0.2721712501353953 111
0.2780669335974845 0.2769974167894153 111
0.2783081141625161 0.27750892623551177 111
0.276349085254639 0.2804549317844111 111
0.27532449895414574 0.26337328332252447 111
0.2770874238005035 0.3012378015683411 111
0.2816509418785949 0.2668155513625481 111
0.2807913911643547 0.27469827413758263 111
0.281548434129733 0.2646390517706921 111
0.28395143727407235 0.2958793338506138 111
0.2856981582491106 0.30336509726425737 111
0.2814634663994543 0.2750100059159565 111
0.28164161631758705 0.2927485450844184 111
0.2874392991904848 0.2877152480109297 111
0.2826925469926908 0.2947428884112702 111
0.2879896176409416 0.2899593209418993 111
0.287867836535999 0.2958528360446626 111
0.28444932121191574 0.29403691878841715 111
0.2846139840251878 0.2869915696522686 111
0.28287525272284686 0.30209988115764547 111
0.28480308905051444 0.2725201048370577 111
0.2851375194469902 0.298605424437669 111
0.2863618621286366 0.3019787065182068 111
0.2819770882647821 0.29929361675190264 111
0.28714485608887164 0.28144000000086716 111
0.2849664411583 0.279996467272726 111
0.2893014432242251 0.28477998349813627 111
0.28310622931901086 0.29810718779520073 111
0.29105695641696677 0.31386083301585266 111
0.2888466483390657 0.3081372872164086 111
0.28929013919479574 0.3036240707838064 111
0.29209187186937674 0.2960932290758508 111
0.28629511541613756 0.29691468676456095 111
0.2879823624704945 0.2982378384780986 111
0.2915900356625844 0.3017803064689809 111
0.2864165267228915 0.30682317610520343 111
0.2933412263272607 0.2878558481595008 111
0.2865908617859383 0.29849224006408137 111
0.29201104318755117 0.3048676200709818 111
0.2884991146264618 0.29741648348582467 111
0.28693980384789775 0.30172802380243946 111
0.2898084327900903 0.30410001735324416 111
0.29161227215022034 0.3158260170889094 111
0.29005225695363923 0.3128642445508049 111
0.29138075331385643 0.3106314254455492 111
0.2948641578337778 0.2908453990901742 111
0.2883312789732541 0.2973403725031855 111
0.2938857640326539 0.31945990685533854 111
0.29031137871662 0.3071648374569413 111
0.28691635788485303 0.294674412534149 111
0.2855540293923504 0.30297543570413776 111
0.29674043709188536 0.3259913799448875 111
0.28385004899979493 0.2931434764658795 111
0.28838371718548683 0.29753602295533793 111
0.2918269376601181 0.29770763871034017 111
0.29173476936507603 0.3041464822904326 111
0.2870497315786581 0.2838427245096166 111
0.2911428814082318 0.29405592107268647 111
0.29439673004635075 0.29514942160529356 111
0.29623713819721065 0.29527038221690144 111
0.2952782284479077 0.3403049745508716 111
0.29265177557483035 0.29382729396152124 111
0.2977590513147693 0.31294562675435145 111
0.2905713907669619 0.3028484473766435 111
