training...
0.230184104741581 0.11200415306030742 96
0.2421380056862146 0.13100127948203938 96
0.2797761488521992 0.20519711467979385 96
0.30874513179681573 0.22176723563091646 96
0.3052164474695593 0.22697092899378085 96
0.33150610617568765 0.2482206140760796 96
0.3460456875959223 0.2926423616140742 96
0.3509996162540607 0.3009936284179071 96
0.3663871172800605 0.33689355503529683 96
0.36731388872849524 0.35136986561461103 96
0.36926931533931423 0.3010094284643545 96
0.3831547437679716 0.3280752020135961 96
0.4005270493527808 0.38381136152321094 96
0.3930827117766302 0.38320056646367673 96
0.37940829126789843 0.3228797249725983 96
0.4015425005045832 0.364177701799555 96
0.39590027615225426 0.3864245927552562 96
0.4047841014748495 0.3716060096680216 96
0.4072594169427992 0.3785035219478263 96
0.40189105328777847 0.3800253992466507 96
0.4049450341582223 0.37241639902664636 96
0.4033806000520064 0.3609675712896595 96
0.40045598405755706 0.3673385551190559 96
0.41269886983231857 0.3772486050035391 96
0.4123266473957941 0.4038848638582221 96
0.4157233382291013 0.38576427110675393 96
0.42571748841625623 0.3859567138237786 96
0.41875330356487006 0.3910326584643776 96
0.41065889082325063 0.36055512012307667 96
0.4101323533235393 0.37698945279229823 96
0.4168005983478697 0.3655811448332742 96
0.420242806248275 0.37195862478591235 96
0.4191880252652016 0.38167911629381546 96
0.43045759692782154 0.4021991544863682 96
0.4039201553393776 0.3568365061665457 96
0.42534798501423615 0.400723019362347 96
0.4269471267889484 0.3698171103189649 96
0.4214533276422441 0.4049749073030603 96
0.4189027999205261 0.36142612960829007 96
0.4249318850278714 0.40309602549474133 96
