training...
0.08592840247717225 0.03675797670535628 111
0.12475125229026492 0.06759971939232336 111
0.15746338597392218 0.10128871932965137 111
0.183593660340441 0.1533748167243605 111
0.20739233212204364 0.17781602362731574 111
0.21349278331585086 0.18514007140081606 111
0.2176838810659288 0.19386836017196224 111
0.2262427676435282 0.20433316792344844 111
0.22962245689611946 0.20695126119716498 111
0.23412769804434272 0.21519958871172992 111
0.23893238973506561 0.2161164696602694 111
0.24222027175169372 0.2477629564140831 111
0.2423076342403769 0.21775521346412882 111
0.23951709464204354 0.2433513485554265 111
0.24771131054052284 0.23654396822893994 111
0.24836040594839623 0.2629526564888043 111
0.25205825919029645 0.24411139628493378 111
0.2498412661323948 0.23900397426970152 111
0.25737210784592335 0.2300613893475394 111
0.2629659784452154 0.2550262896575295 111
0.25750965169004486 0.23929109939210239 111
0.25964738913037116 0.23968330328776163 111
0.2656981471284409 0.24886463523803953 111
0.26371453322878047 0.26434959066647296 111
0.2635272741977987 0.2576080072475168 111
0.2650233897164589 0.2677324340338458 111
0.2648119673645551 0.2463437280429229 111
0.2699479851911895 0.26722528158017556 111
0.26797741716528733 0.2738815611517245 111
0.2646831400956387 0.24687909150687423 111
0.2695379066836344 0.2627396120417906 111
0.27265684010846863 0.25046576545283716 111
0.2697232210577275 0.2530864684646919 111
0.2696922014893328 0.2692853590457045 111
0.27319018516346066 0.28442971333389117 111
0.2738351701195264 0.2574637484755118 111
0.2709953568309067 0.2598115254716425 111
0.2723275539646498 0.27818763922297374 111
0.2770488715659826 0.26212404107475473 111
0.27889154572609814 0.28366836220357794 111
0.2732363689207784 0.2596904605865485 111
0.2750285772078209 0.2880003995588354 111
0.27460975450085034 0.28733546635655843 111
0.27715650725806995 0.28376462390674256 111
0.2724374857112237 0.2613343074729023 111
0.28067701515161936 0.2604967248822917 111
0.2806061552149369 0.2616815414231436 111
0.2800807571910116 0.29576384417568125 111
0.27300925508842877 0.2497232461162184 111
0.28123969036133867 0.27628378032985557 111
0.2757444049158799 0.2810162883316926 111
0.28544141674005913 0.29128527065477416 111
0.2783090348096868 0.27998814979346687 111
0.28050987048312703 0.2946851397349467 111
0.2791581689433366 0.28260678941611145 111
0.28614310432916273 0.2953831306865304 111
0.27825909519409264 0.24965695718394365 111
0.2828908289189356 0.2860990279508261 111
0.28141458673451397 0.27554413920711446 111
0.2811360690330519 0.2936376620746112 111
0.28121713923091857 0.27176859075849913 111
0.2852272383991228 0.3028742616362241 111
0.2792515250739564 0.272572218671854 111
0.2812690129897749 0.2846186240498344 111
0.2856314708459926 0.2807165339983328 111
0.28241076049991465 0.2859107221037453 111
0.286796243879564 0.27715080873468073 111
0.27864204320749625 0.27784970196115044 111
0.281052267665508 0.2817278168058165 111
0.28498221200001755 0.294334680920776 111
0.28471425160791014 0.27679706918051755 111
0.27993159898300035 0.27358938937457633 111
0.2859833738293024 0.27127827255455506 111
0.2827169482757969 0.27571886937314316 111
0.28388144692040146 0.2669011873588678 111
0.2787003060167411 0.29235892809603414 111
0.28203778264239343 0.27593355552935533 111
0.2836667788100264 0.27048896393299743 111
0.28733229945954686 0.2890639616067577 111
0.2803500659364357 0.2486819022350657 111
0.28385627129064045 0.2889704103332726 111
0.28159542790010705 0.2694201558038613 111
0.2805571450782172 0.26948395482654197 111
0.28627148747122066 0.2857906015436176 111
0.2891149288376722 0.28831050826799187 111
0.28590355442834514 0.2729784610725861 111
0.2801203358716936 0.26720121966848515 111
0.276868332541308 0.2488191651466443 111
0.28436406772144657 0.2715552909300206 111
0.28336066567150375 0.26844847557591645 111
0.2843191107160986 0.2781074067926993 111
0.28055676553868436 0.26251222934906765 111
0.28178478714044386 0.2728520591664201 111
0.2821601726879277 0.27675191465820453 111
0.28496176183240435 0.2656978152643276 111
0.28866513307472774 0.2622884452104092 111
0.28293255265163036 0.2438675676507611 111
0.2853526441324554 0.2661492943531849 111
0.2869151031096713 0.2814364477267795 111
0.2915237855837454 0.29276329462162515 111
