training...
0.2769726445855621 0.20680552846520364 96
0.29308025743764526 0.2278345578139021 96
0.3096491912487198 0.253342619944369 96
0.32982103504126936 0.2676549417671075 96
0.34621139745662516 0.29798902677274297 96
0.35485173707354245 0.3169365579617568 96
0.36617270350480374 0.3166968734710156 96
0.36609102579650504 0.34305302364830303 96
0.3691353442554433 0.32630676498158784 96
0.3777851985268308 0.31770731727171153 96
0.38168392274552326 0.3197838650678555 96
0.3852617479050522 0.3294311936666516 96
0.3748573677747134 0.3201636862656566 96
0.38821005326767805 0.3477412842778651 96
0.38318883189350156 0.3337987058167421 96
0.4012185710946045 0.3362867761223312 96
0.38434696345222913 0.32734118019612324 96
0.3964822919422811 0.3785538227346277 96
0.38615590679206147 0.3343567565306156 96
0.3948703551720998 0.3661215330190287 96
0.39702239528962613 0.37344815412605004 96
0.39620369294573443 0.39049511768030953 96
0.3906532995605592 0.33060860651804036 96
0.38408127781162155 0.35530526510320604 96
0.3858925239949049 0.3086979902977537 96
0.3959446418037458 0.34385937580789494 96
0.3970229907146867 0.38702015219933494 96
0.39260890600072385 0.3309123877868416 96
0.39697940645383206 0.3533604039694942 96
0.3951626020468864 0.35062244158584654 96
0.4011559891076433 0.34586190254093024 96
0.3973087459650466 0.3519679011969352 96
0.4006850480863025 0.3357820646180011 96
0.4063803919125308 0.39283475290122927 96
0.3963110134666586 0.3698906040544666 96
0.3987119953928124 0.3569908699104427 96
0.40326668495198237 0.3891834770227002 96
0.39060401450214605 0.35707068006212095 96
0.3915035215746599 0.356661389266739 96
0.4105419435371029 0.40081644517930093 96
