training...
0.16949159487797302 0.1310028292190208 111
0.22591489749624907 0.19437928006427618 111
0.25195200081077074 0.23452125837277565 111
0.26926666529770954 0.2750003860971666 111
0.27723171382181183 0.25369984285082936 111
0.27943870217988814 0.25984657574916936 111
0.28088125471515274 0.26503544232053206 111
0.29011653756910005 0.2822727213886975 111
0.2732273696432483 0.2615669545016921 111
0.29590800160049013 0.2943878375018782 111
0.2962546461574173 0.3112640424474921 111
0.2913385869835314 0.2725407349270725 111
0.2951708486244133 0.291130717185756 111
0.29630132886508104 0.2872114271784846 111
0.30022307126755476 0.29617475793638703 111
0.29590609338693563 0.29437176814074484 111
0.2913933376210058 0.2773487783909692 111
0.30917468812268234 0.299275856738526 111
0.3067267552656284 0.3144087249738974 111
0.2987300509676453 0.31447712573146763 111
