training...
0.2827836175039962 0.1757298122449183 96
0.2909391932674545 0.19638057850248747 96
0.3143255305918228 0.26616952474071365 96
0.3329496366636487 0.24164611758563215 96
0.34537533160880934 0.3053272669568696 96
0.36468686412406887 0.30445566611134744 96
0.370162912021442 0.29655118579825057 96
0.37689560384213255 0.2915346579887838 96
0.37667232265906697 0.3108044116200518 96
0.3942341893240671 0.341504580946132 96
0.38831013937284986 0.3385223835678585 96
0.40198623456412114 0.3589964718535867 96
0.4094642281605981 0.35279637550817344 96
0.39104608324782975 0.36728252601388756 96
0.39124306415359084 0.38108752629536 96
0.41065416574310004 0.38481649936163376 96
0.3964839105963709 0.39535278620945685 96
0.4007462037478788 0.3764883704277431 96
0.40053624190926157 0.37039958274124507 96
0.4010568412403548 0.4118203938078589 96
0.39798078675085463 0.3692439465658325 96
0.4035890796499573 0.4282505823895264 96
0.39820912533046093 0.3878885184846024 96
0.3975903079201381 0.37850357570156856 96
0.39104218181006756 0.3840731749564584 96
0.39651741714058303 0.4031624110454698 96
0.39284531834286324 0.3721522197183771 96
0.39593283561121195 0.40179142362447096 96
0.40044964852933856 0.37830641494700173 96
0.3962688895135309 0.37809224330015523 96
0.3908652093723511 0.40215026933136466 96
0.4003761709166353 0.36785468037802627 96
0.39778876543302744 0.3943886843193255 96
0.4050287499538618 0.3939926206465391 96
0.39101015080909285 0.37927177401106743 96
0.39428800258391766 0.40801113729968463 96
0.39305453392560574 0.3793694661843694 96
0.3974830795642108 0.4043485910169061 96
0.3997942755078269 0.38478866755322083 96
0.38863756046668224 0.3782016361055403 96
