training...
0.07586963418871691 0.026798585945563533 111
0.08096326582617952 0.02926229060572608 111
0.10084258295500984 0.04948695004514369 111
0.09019280119908786 0.030710703917176178 111
0.10127714244703165 0.04527443627669163 111
0.11316859677476712 0.05672272560398182 111
0.14432568187516595 0.08935941466968138 111
0.15788943442660902 0.10605942047699433 111
0.1904337063020999 0.15582127551988934 111
0.20442211431448173 0.18155629487237115 111
0.21320632330944897 0.1824772869056306 111
0.21267819697642615 0.18332690217403583 111
0.21041485047764516 0.18366168567348579 111
0.22271636730963076 0.18405611277088113 111
0.22448210528339818 0.20981354844051117 111
0.2215959494512692 0.20888837399620097 111
0.22866304558426878 0.2116498260265231 111
0.2315266452692972 0.20846003958696718 111
0.2337954565237763 0.2060989429270387 111
0.23623383601021164 0.22017467974740726 111
0.23370558200165592 0.21092162617228657 111
0.2409054297446043 0.22750332294916822 111
0.24329830325585997 0.21748471183369109 111
0.2393383225535679 0.21963304676405004 111
0.24090349349212828 0.2178335447671273 111
0.23955463948807607 0.22791095590583293 111
0.24958446360925135 0.2219502770314805 111
0.25349758297740377 0.25771888621852823 111
0.2505184382375937 0.2410927069251339 111
0.24936683260430317 0.22791450231404944 111
0.2539529003597424 0.24031217404214755 111
0.2638682943154824 0.2580488796817701 111
0.2523100362707154 0.249851294273269 111
0.2567204876974274 0.23850331747004153 111
0.26021444278882255 0.26539303827847566 111
0.26073193648503623 0.25362878031105485 111
0.25821379186680404 0.26427940686350476 111
0.26303166097133274 0.23991783438976444 111
0.2640120829473633 0.2622605725940627 111
0.26351456475565505 0.25630881264674005 111
0.26134601524534845 0.2376333518906397 111
0.2586924070062593 0.2561820760090866 111
0.26686785984251554 0.2589032800147941 111
0.26137352357340143 0.24642421084580055 111
0.2611422189151283 0.2313423269399312 111
0.2704579123085251 0.23811135907781084 111
0.2702452769750343 0.23968647456812545 111
0.2665899298584132 0.24614880814646256 111
0.27126155996839846 0.24098429136392707 111
0.2706096970736068 0.2792340301752277 111
0.2707305900668746 0.2505152780215747 111
0.2735344863065686 0.24433985217794843 111
0.27528460898123885 0.26451688749431734 111
0.27893739261049266 0.27702808761081915 111
0.2681774329290083 0.24986306682727594 111
0.27276110680628474 0.25822734659756 111
0.27343872043362866 0.24626207498213268 111
0.2698967670210504 0.2536134058672518 111
0.27470962299388824 0.2495280342486243 111
0.27460017933367437 0.2620963840941695 111
0.2752256466618972 0.24638368932089016 111
0.2629753778575892 0.2450241500346717 111
0.27387577798175733 0.2591578930364145 111
0.2722514452754651 0.26408426507111094 111
0.27417861245526043 0.26712943574600995 111
0.27452374428322646 0.2707698613505222 111
0.2728408493643051 0.2623282394726014 111
0.2750916955775102 0.246523209205723 111
0.2780900889635175 0.24825716149696306 111
0.27326695873557466 0.2495755851439318 111
0.2702835966173717 0.23463193302664395 111
0.2747453759735536 0.26104411750170325 111
0.2759660191143271 0.25008046949405993 111
0.2750598664465509 0.26138274399810424 111
0.2742586744946174 0.2600432614399085 111
0.2736690141563964 0.2415213161782312 111
0.2773495443316505 0.2627543132342244 111
0.27792650977996547 0.26205476996250243 111
0.27777544821959876 0.2654577105758492 111
0.2785159808408454 0.24517999914571842 111
0.2751467695752339 0.2643703367887669 111
0.2761630875961972 0.26673557979572077 111
0.27558613530967757 0.24518648833693812 111
0.2776138054508673 0.26403536557452095 111
0.27839301389813026 0.25436274604846204 111
0.271917092259325 0.2364352629007571 111
0.27709767833288473 0.22878903283845403 111
0.278612356555135 0.2553306009841983 111
0.27758986725893453 0.2525540342223994 111
0.2713506276644428 0.2196367495832195 111
0.2735243577634258 0.261498748039486 111
0.2783071533659956 0.24620444660697433 111
0.275665003260508 0.25655603084265277 111
0.27792657298172546 0.2685468349641009 111
0.2772478904536867 0.25751956646120183 111
0.28223797312397053 0.25132330930970637 111
0.28552208226844106 0.26190510856086424 111
0.28703909546156087 0.26706903094195666 111
0.2788446740160271 0.25954672380406907 111
0.27778202790128903 0.2557960172819694 111
