training...
0.30390005755431065 0.2528530128032794 99
0.3281245802114047 0.273647373439272 99
0.32529191869884055 0.2616305196059531 99
0.3272764876704386 0.25196417231150614 99
0.34960874980632256 0.2912440539545368 99
0.3637429508856293 0.31577629133379864 99
0.3921339706709265 0.34468394091263105 99
0.3915136051488024 0.35236100820974015 99
0.39540013546828495 0.34189287732158835 99
0.3928031375496319 0.368771066387453 99
0.4066968599615745 0.3582381730134565 99
0.4035725078575502 0.37295149030711106 99
0.41061945627365143 0.370128203343895 99
0.40818174069683827 0.37915054168492657 99
0.4114701294574906 0.37463768991864527 99
0.40952044350856964 0.3804836617551848 99
0.4263256610728972 0.41200228050301296 99
0.4197932779253542 0.3904646398610029 99
0.4268790780844744 0.37089413866545484 99
0.42140143014646986 0.3778562608095586 99
0.4126919779978383 0.3688694061261621 99
0.42231406113969533 0.4020777892411346 99
0.424826585874 0.38996154975734576 99
0.420720901223231 0.40934293141165556 99
0.4155417505377174 0.3617797680202681 99
0.41907309873022136 0.382099125880094 99
0.4146522455835369 0.39785129526650664 99
0.42115444868969104 0.3883996577148609 99
0.42027498157111104 0.3923615861390129 99
0.4279195061546688 0.402740377208097 99
0.4135730084293885 0.39359062672181566 99
0.42674672337066666 0.38631180304028084 99
0.41187951135361645 0.3365250848066055 99
0.4163933209111568 0.37901586304103874 99
0.42850655957713596 0.42653618536207216 99
0.4146210666988786 0.3866301938862744 99
0.43553792125298557 0.40311011296285926 99
0.4221122674698455 0.38268674727949253 99
0.43314471304703367 0.4239362357390156 99
0.4198535833066336 0.36240355849146705 99
