training...
0.29407235030035844 0.21511224723135863 99
0.306622078209026 0.24081427058967997 99
0.33026100954182913 0.282530057067351 99
0.337585124692565 0.2772387041614175 99
0.3528544897090646 0.28577852041535196 99
0.35710603978538163 0.34890420763009133 99
0.3687432790291533 0.32463803811000297 99
0.38472572473471756 0.34116610480571063 99
0.3826652191216624 0.336435324801928 99
0.39071626016774524 0.3350380916645075 99
0.394858593010331 0.3396512092179598 99
0.39376090650476125 0.34236196113291295 99
0.39058550899029565 0.34842803908005054 99
0.4009469564414626 0.36704280695111985 99
0.4069881450975095 0.3575268243056315 99
0.40793645692021635 0.3471000835425335 99
0.41498849945444144 0.3708719716281031 99
0.4168386392397283 0.3594708759312689 99
0.41315523724051917 0.37401051826130655 99
0.41605669932707356 0.37712962796067107 99
0.41719174336212317 0.3681168269123784 99
0.4205037720679878 0.352682107972429 99
0.42173583312676755 0.37505655395996434 99
0.42536382121000393 0.38440440421450156 99
0.42300585362913423 0.3922830792146617 99
0.4353493291998198 0.39218927650409013 99
0.42821465675744225 0.38400619147281667 99
0.4215304169766355 0.3858002866007547 99
0.42619929787772604 0.3786391043767648 99
0.44046464544294717 0.38815582475479943 99
0.4342407390790404 0.4010382702293267 99
0.4329873953968844 0.4148315482778733 99
0.41744547006617505 0.3451126192147372 99
0.4276514832900782 0.37516721195161856 99
0.43668152789732473 0.3866451985869531 99
0.43352767548219767 0.37757677698209596 99
0.44226550804352105 0.3706378765254747 99
0.4381650318895342 0.39389655112547517 99
0.43191749634273163 0.37608775178092635 99
0.43623720715217335 0.38042275604002956 99
