training...
0.09465717613553551 0.035289670695966655 111
0.11862404436866293 0.06426919017529142 111
0.15260607926909975 0.10339428230524313 111
0.16864029255134821 0.11600774149709997 111
0.1930414154966008 0.16313352610143933 111
0.19747342688904423 0.1660985670228253 111
0.1982400554724614 0.1574241438824391 111
0.21624009384422907 0.1973807797752609 111
0.21916722298729618 0.1891910713422119 111
0.22584317673283455 0.20381322212001515 111
0.22632079598257435 0.22902134568740054 111
0.23655721730038928 0.22181712689947106 111
0.23775674859590923 0.2058751010775953 111
0.24705688038260498 0.2513811489548642 111
0.24943154835378403 0.23675118159389094 111
0.24650281068234636 0.22874909062527865 111
0.24996408223155608 0.2350997390092994 111
0.24553080521846715 0.22650348298421716 111
0.25284677635888025 0.23108544190254823 111
0.2487516180491758 0.2270371672500985 111
0.2577699376991265 0.2480755331614559 111
0.25683722429590605 0.25264528936772707 111
0.25156104432132154 0.24520809587207965 111
0.2617978965300018 0.2676307801569852 111
0.2576402775449456 0.2488221391150976 111
0.25668242739865715 0.23694502690690958 111
0.26026803750692945 0.2543250779657742 111
0.2648447033748338 0.27236154227005016 111
0.26675812147935135 0.26455272093200344 111
0.2653032973678551 0.2602782639738339 111
0.2670142029716234 0.2611687004073512 111
0.2682520314735395 0.25972167615344444 111
0.26455500649924624 0.2690941931462046 111
0.26807387661949084 0.2696754565707368 111
0.27734095462783154 0.2540734634615328 111
0.27094089041244857 0.2510111045994895 111
0.27192336303563497 0.2568509153979373 111
0.27516976927484493 0.2788165062093628 111
0.2748027222010967 0.2531821192606481 111
0.27547845891468586 0.28493857700723346 111
0.2738306817718458 0.26577594276432415 111
0.27872047421141266 0.2742268058255015 111
0.278471751345891 0.27179415924221745 111
0.27658191128525633 0.25449947336749185 111
0.2671245168330947 0.26721652114244376 111
0.283221637866511 0.2809814266334752 111
0.2822508046635108 0.27875012385385034 111
0.2786307528234841 0.29067678991035634 111
0.28325365302365896 0.27621345958876203 111
0.285583920155202 0.2960376231400545 111
0.28011800769240797 0.2827614781451035 111
0.2801047631355168 0.27767701400106093 111
0.28531770817865226 0.2997027788152363 111
0.27900675021023336 0.2835402155664618 111
0.2786115766666837 0.281113009331968 111
0.2817828855718817 0.28710416440972886 111
0.28445519403863034 0.2642094100882256 111
0.2873842170375107 0.2955199645250167 111
0.2843638361942224 0.2706330340684234 111
0.28793364601685595 0.2959524922581196 111
0.2880298918636314 0.29134711548854636 111
0.27998620844553845 0.27332645631057745 111
0.2865807685441489 0.28680232963467606 111
0.2829795412161862 0.2744994240728764 111
0.28672010713042906 0.3022018245733596 111
0.2929988052986066 0.3143304176305749 111
0.28445035891619275 0.28199083129790464 111
0.2858128633765902 0.29215045206600493 111
0.2927405878246 0.2957965983398893 111
0.2910196799744764 0.29344260010017303 111
0.293330575011579 0.2859722339646834 111
0.2870504973780023 0.2981017935698515 111
0.29154018805025417 0.2896139306116443 111
0.29011816363743 0.2885928343745719 111
0.2953695083910301 0.3082918555407037 111
0.29709485897111376 0.30471681521451854 111
0.291497460145639 0.305209842953992 111
0.28727757328351516 0.2667682453010734 111
0.2963921781447587 0.30227508635487066 111
0.29182539698509824 0.30977403942380133 111
0.2935359066170429 0.2972942053634734 111
0.2926660548420492 0.2919657822138171 111
0.2955825579856574 0.3054132563203653 111
0.29650059661447314 0.2852839571904358 111
0.2954758340188611 0.3191248816504289 111
0.2908360996141015 0.28303583845002206 111
0.295327626749854 0.29433913287565255 111
0.2907013270379492 0.29652109098374585 111
0.2928819233530388 0.2970127898521681 111
0.29553480465907916 0.2998990314414958 111
0.2938365075745182 0.30183914664477857 111
0.30384409920073385 0.3223522656223634 111
0.2951166544077014 0.27615285256687977 111
0.2983592314294523 0.29430507617388635 111
0.2970528883106082 0.29325050832147354 111
0.2960770729249827 0.3279469927618326 111
0.29601151364042533 0.2881964744982944 111
0.29424395067620845 0.28830190722176435 111
0.2956968722691106 0.2759702536135687 111
0.29498089232919333 0.3024213347575346 111
