training...
0.29300769580637226 0.2553288243163753 99
0.33759882313103073 0.28075663510577037 99
0.35789245160844835 0.31518148037538424 99
0.3605184395584496 0.28798661644560053 99
0.37140589633770926 0.3052091713172578 99
0.37743045013092746 0.3201323806576388 99
0.3872254410575852 0.32218572394453626 99
0.39166796060511627 0.3314999194960873 99
0.39620719720388703 0.32016396267247227 99
0.3968243502015133 0.33343461521172707 99
0.401679299372484 0.33388372733719024 99
0.3919871487482717 0.3215880492657027 99
0.3998550570848221 0.3392994669956831 99
0.40193174855896796 0.34082812387026856 99
0.400798772477149 0.3096031211639682 99
0.39804291437502837 0.32606310025942176 99
0.41396358774816383 0.3515744516335871 99
0.401934601175642 0.3168172909226906 99
0.40629191897173644 0.3337661854750116 99
0.4029161581287355 0.3523565620574605 99
0.412777914102028 0.35851767554592634 99
0.41770487502801174 0.34070586980167017 99
0.4204793842476587 0.32298996455506 99
0.41402119272800086 0.3183624553217412 99
0.41361937775229046 0.3700700974521928 99
0.41697044921858345 0.33136100802059654 99
0.41304513752392863 0.35139620287968293 99
0.4224391146387104 0.3701238165076984 99
0.42628881610626057 0.36407531782841546 99
0.4219724665712852 0.3680430571083182 99
0.4251418910391906 0.3681744332207568 99
0.4141348548527212 0.3678368135045362 99
0.40826485705070237 0.3361029278955215 99
0.4259290010584687 0.3764377676879001 99
0.4154389521398982 0.3639769045152073 99
0.40520766332488767 0.3417449307469124 99
0.4210088585516771 0.39982636319082376 99
0.4191233274727778 0.37065716230189283 99
0.4157597725903285 0.3542298836586519 99
0.42250688247929197 0.3644894706517094 99
