training...
0.2185865701751314 0.11436754423667482 96
0.2469939773581666 0.14606397865978007 96
0.2739425129108286 0.17469848601257743 96
0.30098491729012516 0.20716466492758556 96
0.3051627724039221 0.21566952286357066 96
0.3314665772863507 0.24182151893638565 96
0.3383470766670795 0.22742310649483496 96
0.3467891018645856 0.25354362252935414 96
0.3551517297737721 0.27518407939849454 96
0.3683351389092124 0.32433004143152233 96
0.3685202706744713 0.3223525456924149 96
0.3822605905473928 0.3337779414767972 96
0.3861493586948234 0.3627461963533864 96
0.39200564432080925 0.3893618793640933 96
0.39471132601491754 0.40755844460255697 96
0.3959780513123928 0.3980945559857854 96
0.3953873593331754 0.38104877032185513 96
0.4082706492335679 0.4357602397193656 96
0.4099635535892389 0.3928942621828624 96
0.4169520328133496 0.4373774254697359 96
0.40781795262136367 0.4284103025924302 96
0.41200521440998544 0.41081110439475244 96
0.42227739751382326 0.4400452552215911 96
0.40534938897543293 0.3865917923665193 96
0.41238489216144397 0.38500671387789936 96
0.4122868809488985 0.39651715238543495 96
0.4027203004480624 0.38433287600183447 96
0.41421186312827896 0.41780257982663854 96
0.40765732699048535 0.4188999361607133 96
0.4120281573752189 0.38995144271442805 96
0.4137240249158772 0.375304863419889 96
0.4172614818679749 0.39304677867896703 96
0.41098682214198784 0.3950455591053996 96
0.4191947233804137 0.3993719568818852 96
0.4071726394149095 0.36690089149521765 96
0.41619644324214117 0.41383366678222905 96
0.4218513522700141 0.39894849876366595 96
0.4209128336843479 0.419970975144663 96
0.423493379560814 0.4374473268754408 96
0.40947628686849874 0.4010887200724504 96
