training...
0.26319722854722094 0.19899800523104316 99
0.2884830247826809 0.22212906577891856 99
0.2941076264150941 0.20765716338025494 99
0.29467324634102593 0.21772707820035853 99
0.31840353835091095 0.26662118633940096 99
0.3171936035338521 0.27101995008181806 99
0.31581704876532996 0.22702741979173738 99
0.3318546794651022 0.28626254687005565 99
0.34723047659673684 0.31640758771657695 99
0.3452906926681316 0.281452888539295 99
0.36658764748685363 0.3295226943463416 99
0.3619995260912478 0.334503739956266 99
0.3706743617440006 0.3269025860550833 99
0.37699921439647294 0.32779376547081035 99
0.3823364168793272 0.3388510188531208 99
0.3802136789060421 0.37088965126588713 99
0.38609123007010987 0.3269364005765639 99
0.3765938165417851 0.3081981102042287 99
0.3885851929566724 0.3466178506326222 99
0.4028530738910901 0.3928734662977496 99
0.39584292675769256 0.3953402784109568 99
0.4038495013488144 0.38845174636167634 99
0.39616366063237135 0.37940612809885343 99
0.39963395650358013 0.3694605821927116 99
0.3882438371771503 0.3617704732329116 99
0.4171235773239301 0.39753570625800144 99
0.4033101842952176 0.3699681881518857 99
0.4044550691344799 0.36683430921624516 99
0.4172934014682594 0.3611229402492053 99
0.40870710726682075 0.3647606559386629 99
0.41658033968028957 0.3937181510674515 99
0.41341527565098474 0.33371033536022726 99
0.40198287387712095 0.3753648275981174 99
0.40663887193916637 0.3582593463181115 99
0.40978244681686127 0.3482176699831328 99
0.39505173446455877 0.3095350138932979 99
0.41397026273233933 0.4236562900194047 99
0.4185556754323904 0.3808300900931245 99
0.40872792805571273 0.36453824343490265 99
0.41140502052937444 0.36563924809789133 99
