training...
0.30719438026788115 0.24264382986535118 99
0.3425515771647876 0.29315603992603384 99
0.371147844915556 0.3600489689095832 99
0.3730077828257302 0.32972638982140784 99
0.3725280773764875 0.32595561211312196 99
0.3870820328291825 0.3617541577397094 99
0.39828962378738103 0.36497243205710295 99
0.3984139509927066 0.3617882657161774 99
0.40647057291807803 0.3817480261294755 99
0.4129799129134533 0.3339237487416716 99
0.42070272223884203 0.4042250919399195 99
0.41140616000848446 0.3795954442040283 99
0.42118265899438156 0.37117899044375857 99
0.4244435278301019 0.3547491706951021 99
0.4262085391630537 0.4028231161740912 99
0.4345024660391171 0.40953785958614586 99
0.4327519366512015 0.4114404214994742 99
0.4292042683929127 0.4174765503831262 99
0.4251107891144838 0.3950560588120168 99
0.43255551199612535 0.39643872095830407 99
0.43532962395113417 0.4017415246096056 99
0.42982255044511825 0.41197774976736 99
0.439824128584569 0.4128460235342992 99
0.44422463148306796 0.4277668882609451 99
0.4408843662501539 0.40114447846090795 99
0.4395695260946576 0.3915101862674758 99
0.4370434180876092 0.41112165846996945 99
0.4410254483421457 0.41489213313578954 99
0.4325836200222291 0.39940760223246136 99
0.4414287978172949 0.3865335758491961 99
0.43691202369590587 0.40587647974259705 99
0.4370205842164889 0.4044567746465701 99
0.4507773190971972 0.392352705010858 99
0.44947153339896617 0.4337372190541279 99
0.4485809017235135 0.41592706523424955 99
0.44123373253334663 0.4089669061578099 99
0.4401114267006919 0.3793945179926075 99
0.43259725946859096 0.37235712481531863 99
0.4391111471159771 0.40212618057876126 99
0.43812841493364024 0.39888080097962414 99
