training...
0.23847542414882406 0.17382396982747297 97
0.2542281706450507 0.1695280804436203 97
0.29004556310661844 0.24126927987391256 97
0.3074038952929334 0.23715781270874342 97
0.32294129185921344 0.2621804419941791 97
0.33583064847322697 0.29364240746942705 97
0.3401104085456498 0.3030534835053065 97
0.3464859774319732 0.31243031590011233 97
0.36701079075507903 0.3592538782096763 97
0.3666270457888591 0.3577890473229155 97
0.36083756249528876 0.32854515449226324 97
0.3753725251690519 0.3392359337314379 97
0.37834762917677595 0.32277117762189234 97
0.380983562989525 0.299964222732881 97
0.39208503410110107 0.35907363383103946 97
0.38827562799527493 0.34332810384800483 97
0.39518329441948385 0.36687710887296054 97
0.3821574785113159 0.33926320833206103 97
0.37500739214478 0.3277075321826891 97
0.3944167241429451 0.3357239639686429 97
0.3882753650841204 0.37621431383631865 97
0.39734619921544145 0.36762681093608357 97
0.39652401917197155 0.3566245564652078 97
0.3948846977238908 0.3353696508628444 97
0.3998272089065279 0.31410350944933785 97
0.37515656979447926 0.30596649115575125 97
0.38909442828889007 0.3320363297713932 97
0.39358396022768216 0.3523255182858368 97
0.38491345969360446 0.3168391418366021 97
0.3996065446811094 0.34422390318100105 97
0.398173536315164 0.3535581089732978 97
0.3973186679078032 0.36559221540036313 97
0.3963566978564365 0.3787293774415376 97
0.3860139371571363 0.3356821503981174 97
0.37855357663088973 0.3265019880591501 97
0.3940439350270153 0.3564141456602956 97
0.39444057798847537 0.3621232825796039 97
0.3996331905788159 0.361174765787095 97
0.3981528743051972 0.3613530059178747 97
0.40938508803130524 0.4009522770955037 97
