training...
0.32527202404076744 0.27363026779829147 100
0.37693281753016217 0.3430419907362658 100
0.3949477251418862 0.3947970111319898 100
0.4093056910685381 0.40948082687518694 100
0.4176496244332401 0.41192089611172844 100
0.42971718009077187 0.42545696571626057 100
0.4357025225701765 0.46838696689677284 100
0.4351277226212414 0.44705383396868115 100
0.4432580935813476 0.4526360939941312 100
0.4443531129736129 0.44391978185273895 100
0.45276516460176736 0.44771224783204655 100
0.4496562937368633 0.4723956905789112 100
0.44922128255691546 0.4568177942432773 100
0.4636653306122527 0.4738813094045454 100
0.4579079635763222 0.4477589169513644 100
0.45643478096604867 0.45614518008832067 100
0.4572410002218276 0.4504694707295197 100
0.46164303525174183 0.44225866848682205 100
0.4602544287466537 0.469111725546948 100
0.46295174811333195 0.4796342660165963 100
