training...
0.1679009611893032 0.12544498995348782 111
0.22487349443209292 0.1954172839583927 111
0.25634236915996655 0.23395496045820588 111
0.26577986596014747 0.24590976955168684 111
0.27554304442221705 0.25400048330416103 111
0.2784661679832866 0.2685749545852058 111
0.27833461152067884 0.28463221752351386 111
0.2827763050730478 0.2519943563269646 111
0.27441907938831916 0.27020492601247276 111
0.2901455978259767 0.2863761151480609 111
0.29054301572254554 0.31373114771946 111
0.2911491677366134 0.27518488878623915 111
0.29694883047255105 0.2966903934373733 111
0.29120029588371593 0.2917227653724452 111
0.2985202925995778 0.29181635155300006 111
0.28898729014018676 0.2585373378091209 111
0.29244966370513603 0.2650659466304259 111
0.3017706269313603 0.30287253436694095 111
0.3028488106135866 0.2965968643748141 111
0.29612651597736955 0.3034273844013476 111
