training...
0.2231993597246235 0.11227919461733837 96
0.23310860127613445 0.12813780840975936 96
0.26481937172952236 0.16176654906756777 96
0.2972268764867491 0.2208636177159481 96
0.3028764948257503 0.22609257684678985 96
0.32005049272874403 0.23985016854896635 96
0.33615265325322524 0.2657773604702161 96
0.3525471503336058 0.29379764981038003 96
0.3669953986457892 0.29780721639329044 96
0.3695455340988456 0.32444057674735216 96
0.3806687431374441 0.3049843123331063 96
0.38024991778162276 0.34699962370049314 96
0.3949861766688921 0.34835685830657337 96
0.4019514078191852 0.33837243153931357 96
0.3831471481645125 0.326711943692356 96
0.3935215571060426 0.35545394318940227 96
0.3905309757799083 0.36495877662606513 96
0.39958954961449766 0.3679391300326448 96
0.3970233105472958 0.34086022368892455 96
0.3844912265852904 0.3334887315626843 96
0.3984003528600897 0.3409276873213661 96
0.4003460739253059 0.3924866416833873 96
0.4093146304164841 0.4160256891112427 96
0.4088177795224032 0.3761833126667806 96
0.3942987990812581 0.353517374243633 96
0.40087177432975474 0.3511532053169575 96
0.3982667752199541 0.36175987386612396 96
0.40876358195378487 0.38896977111047915 96
0.40577268218707946 0.39306780833468724 96
0.4005226077934682 0.38183993228277824 96
0.40646719553880284 0.3980619881140397 96
0.40635155476714185 0.35267462424032 96
0.4070050858629517 0.3519465811036148 96
0.4093849895496409 0.4056807185043462 96
0.4261022362187397 0.43444896866610305 96
0.4098092660866363 0.3902278624823705 96
0.4130955729123744 0.36771585180163485 96
0.4012257244491913 0.37996338087205384 96
0.4038079420425797 0.37743900149440257 96
