training...
0.294680284262663 0.24424259093013878 99
0.3374360432111404 0.3004507579293829 99
0.355834908771709 0.3213357142765736 99
0.3676020144046314 0.3457413725926278 99
0.3740236066959199 0.33840273457067627 99
0.396010481812145 0.35058049258435475 99
0.3987669077809548 0.35703170284895736 99
0.39954761825134644 0.3354720621365225 99
0.4012195017540015 0.3317696891373852 99
0.4202340021230274 0.35603267263010946 99
0.41875830382479234 0.3745653716577194 99
0.41525988051038776 0.3943503644499271 99
0.4241027607820491 0.40666517157196924 99
0.427652595660083 0.385109190776847 99
0.42264406686405864 0.3982401323669381 99
0.4354094359622946 0.44738334404502156 99
0.43275430693735295 0.45347948161437934 99
0.42681318655465295 0.37093405600906554 99
0.42483259926284284 0.3976696940901778 99
0.4312462781035014 0.3936798212853489 99
0.4330775297946265 0.38619524029678337 99
0.4370573079052288 0.38926779694316577 99
0.43784732932380427 0.397232254003455 99
0.42972604146421217 0.3948382189007435 99
0.43287100023785624 0.36328195954972436 99
0.4390149412154465 0.4191373277758318 99
0.44169975933173816 0.37087144185409204 99
0.4323822777344799 0.3800216921677444 99
0.4303077791681555 0.37574255850894933 99
0.43698122229455943 0.3828253659624235 99
0.43993225028870014 0.3905722551501204 99
0.43641856229389087 0.3465387397615905 99
0.433737789223384 0.3685766731164352 99
0.43373661636766825 0.37693391002883786 99
0.4400148499893751 0.3748782411328969 99
0.441654232340362 0.36787000562193733 99
0.4460397469266342 0.38767814575387594 99
0.4395892410550932 0.3812870792506704 99
0.42514308370886994 0.39635955303444487 99
0.4392124108456096 0.3966461147883515 99
