training...
0.3000503245137765 0.232065501090025 99
0.33559888405109983 0.29528860710239985 99
0.353616866210928 0.3176090759976892 99
0.3741959214571973 0.34309330212647104 99
0.37381629204124633 0.3115160747223951 99
0.38644446379768865 0.33080784583837836 99
0.3976813836217957 0.3223297802453629 99
0.40123578010496025 0.3657929065770205 99
0.41084946728431776 0.4046197642003576 99
0.4237357871970188 0.3667776841729819 99
0.42054952370398513 0.3936736970274103 99
0.431811596037336 0.4154197300685698 99
0.4214517424310338 0.3816513540210754 99
0.4360492209014452 0.4056178564435348 99
0.4241062545097937 0.399281036135504 99
0.43234343646860235 0.3836292012667996 99
0.44063516028888716 0.3966127258582274 99
0.4351061055222302 0.4153626342783718 99
0.4358923970663028 0.40416848162826124 99
0.4365759425982928 0.39723453094382816 99
0.44358746376142005 0.40834428971711134 99
0.44397047736628054 0.41449831903634143 99
0.43566210598697047 0.39485673560050355 99
0.4495351433753753 0.4070241046523748 99
0.43965747767929503 0.3949993733702146 99
0.4472137869119392 0.37768776998893117 99
0.4491086096541901 0.42122118614768034 99
0.44373428412091914 0.4264579727646799 99
0.45445750152590814 0.44529461485293287 99
0.4434504721838083 0.3840636040156126 99
0.44744617182209345 0.38832590278150136 99
0.45227921294455165 0.4058962046482486 99
0.4524007187788392 0.4136774587691212 99
0.44542335854049464 0.4032416411873592 99
0.4530226677601224 0.3939358140392624 99
0.4509847928529119 0.3983534499664064 99
0.4560457124140585 0.43845982903054853 99
0.44442399633948637 0.4171970846472165 99
0.4500024813341084 0.41552536740187157 99
0.4456260002394141 0.40471179246684696 99
