training...
0.06367507377831809 0.01713752954634593 111
0.09092897726365624 0.03249920088382889 111
0.0732065163409581 0.02191267630942442 111
0.08451893700420843 0.034144894121767945 111
0.11182971226424786 0.05338126918401778 111
0.11175616218559083 0.056928385723006014 111
0.14460644584293006 0.07743798961805588 111
0.17715202633301702 0.13181276980507098 111
0.19155896401047476 0.15282258017353237 111
0.19278381506369213 0.13960058648423584 111
0.21025291032854473 0.18585701403896293 111
0.2086685103718057 0.1850061732168282 111
0.2179023939395395 0.19575756747019463 111
0.22287582024242758 0.17485271943787187 111
0.2245014185573513 0.18605388751802618 111
0.22871289621542046 0.2023185049415135 111
0.22798513451751914 0.1980706178723248 111
0.22851627899256893 0.20078784002143468 111
0.2356791764826461 0.1960660415745393 111
0.23453302686790145 0.19370721364439916 111
0.23714001433605494 0.21479189971247656 111
0.2413913592801866 0.208815270032604 111
0.2433644501891606 0.23013568495684603 111
0.2421797262050622 0.2236980503823008 111
0.24444470633471704 0.2384226969217679 111
0.24264693457219677 0.21618251607670028 111
0.2399304817656737 0.21576117986012858 111
0.2511399303694714 0.2238404838610898 111
0.2526481852710944 0.2362720510898346 111
0.2435563528749459 0.21976277125029026 111
0.24955504038260778 0.23742377153269995 111
0.2522472235253767 0.22671353314567913 111
0.2530170187445917 0.2555865621360575 111
0.2580626661328197 0.24771928093155876 111
0.26402147098332546 0.25415560685321426 111
0.2540293883190502 0.24538984083529494 111
0.261916180367595 0.2575903686733188 111
0.26068185837498464 0.24320888575431446 111
0.26427451622858356 0.2579184043479224 111
0.2628704624778342 0.2577635130972172 111
0.25967187336289943 0.24738345654718152 111
0.25839615954915307 0.23526205230758587 111
0.2602730188518897 0.24066172673418873 111
0.2633146093070903 0.27055216493316697 111
0.26613994057382384 0.256733894402672 111
0.265029831242119 0.23897194218029585 111
0.27321945774031947 0.27017425583654614 111
0.2629802451532579 0.2705685713609527 111
0.26733726486420034 0.2589364365499449 111
0.27321950713197685 0.2644115699939135 111
0.2661958973492001 0.26670709040034857 111
0.2718689133773179 0.2654755802819567 111
0.2681516681866621 0.26357418428118284 111
0.261096679548954 0.24803649181374668 111
0.2703586488078743 0.2610041983194745 111
0.27153934605887514 0.2616931428726844 111
0.2670277227700149 0.25741333158340424 111
0.2697089569516899 0.27996079120037937 111
0.271097400382201 0.2618084302028263 111
0.2639747063879456 0.2508243782943239 111
0.26832406233881817 0.2680226279686155 111
0.26310539425455276 0.24319364328890386 111
0.2685844316607642 0.27629023793885793 111
0.263307090651223 0.25971027576088795 111
0.2605789576280089 0.2595414817994941 111
0.2737732232608468 0.27867639594832094 111
0.272567439911367 0.2600278396102476 111
0.26467185729483217 0.25407706237996985 111
0.2674287850153246 0.25277579545545403 111
0.266533700711849 0.23779726003507684 111
0.26894392746043777 0.26759349293333834 111
0.2669714319976638 0.25713718144627495 111
0.2685139597375031 0.254323898612069 111
0.2692464155743946 0.25363080535951804 111
0.2704476120349784 0.2634007271258726 111
0.27013084399508336 0.2764816572851484 111
0.2719441104315003 0.2642930779233475 111
0.2717344462315943 0.27599665695554704 111
0.27565480601057013 0.27489785815568496 111
0.2725648697492371 0.2610540676916656 111
0.2772725041444861 0.2561597305618189 111
0.2708945845591851 0.26099513189655954 111
0.27105440723061663 0.26840166243845687 111
0.27380848067657604 0.2592366551946992 111
0.26982894223695236 0.25259002564919697 111
0.27210221353587316 0.2621094573725995 111
0.2760041530380013 0.2801078649175016 111
0.2699828871923272 0.25984941490307045 111
0.27783852946462545 0.26993251557751363 111
0.2703178816666178 0.28026028884134424 111
0.27668088072811003 0.2742717573713511 111
0.2744986166169009 0.2687936118895233 111
0.26878879289086516 0.268558963564273 111
0.27300985939226247 0.26916203192408533 111
0.27035608615741946 0.25594994789821784 111
0.2715287136800578 0.2600619429708195 111
0.27711494616531174 0.2866987214515293 111
0.27730916126852556 0.26749068056939834 111
0.2739441882778523 0.2620558570968816 111
0.27589429184694697 0.26588676500756436 111
