training...
0.0963815065703639 0.05028804877273177 111
0.15490417778034343 0.11059509587473466 111
0.17933498807589257 0.14569754981915642 111
0.1864233105301959 0.1638566957040993 111
0.20938558363556428 0.180589161850219 111
0.21632455440474332 0.20302822423722308 111
0.21686088323792238 0.1863860904877362 111
0.22455411313155674 0.20565991019175875 111
0.23514093104747819 0.23253429979114318 111
0.23394081244478973 0.21702118632427372 111
0.23199155462210455 0.21891037725688486 111
0.23873582986281722 0.22459520746173683 111
0.2369411544202179 0.220504899362001 111
0.24506398462659784 0.23315968356540454 111
0.24811449393710983 0.23607557972983342 111
0.24340732205946589 0.23913310615614633 111
0.24477337166500554 0.222479423822158 111
0.2477109084438632 0.24267254067141897 111
0.25391497342235375 0.249737485856862 111
0.2540546905222385 0.238268468734962 111
0.2556088180418074 0.24693027614877333 111
0.2594172668103787 0.2459204986882845 111
0.2553195430065522 0.23907767893967102 111
0.2589899736625296 0.24401787591163424 111
0.2638454979567172 0.2497894610390891 111
0.26264006125249273 0.26494880822599115 111
0.2647890732224699 0.22718593819634136 111
0.2683864366591671 0.27050355565546735 111
0.27052887882647036 0.25535399604109343 111
0.2650287926931011 0.2567612931649784 111
0.26457316333064906 0.233794371375067 111
0.27300434903822696 0.28391430562711045 111
0.2743204894509487 0.2648782398364254 111
0.2753903454348217 0.2902904494819801 111
0.269197745007684 0.26066549346766044 111
0.2777664738281261 0.2666054443587755 111
0.27980845750410555 0.2651095303412702 111
0.27672827520308746 0.2659985241918225 111
0.27529997406096074 0.2851294238670265 111
0.2737439257440823 0.2595331359351915 111
0.2755684514999172 0.278221788938773 111
0.27137229557940595 0.2541609714393426 111
0.27366291483076455 0.2579147610871628 111
0.2807714992103082 0.2846225318751286 111
0.2725827294628801 0.25653457807727814 111
0.27593702531792375 0.2792856656440039 111
0.2762787305600239 0.2536019740969168 111
0.27538997465698534 0.2782188664215984 111
0.27316471502676787 0.2680940732690743 111
0.2796486785114617 0.26755301406839344 111
0.2756761051320333 0.2634925072773761 111
0.2746251781780201 0.26513429963982643 111
0.27771434313262194 0.2724665543748916 111
0.27501448224965713 0.25947146458576936 111
0.27570699241307717 0.28926313705297135 111
0.2835175148025059 0.2716513370331997 111
0.2790743784521983 0.2677304052690502 111
0.28253381034601527 0.2691115079526975 111
0.2794625458734408 0.27445222956937704 111
0.27924785325552787 0.2689942514785572 111
0.2816959962390478 0.24969994955602906 111
0.27943223758531505 0.27654414465044835 111
0.2818650065731879 0.27714179297482155 111
0.27810232727806783 0.27306146348426596 111
0.2801943131495339 0.27058664509420144 111
0.2839291316299957 0.27536034498396766 111
0.2785394238637858 0.261370152493238 111
0.2768855070695914 0.26652253418451666 111
0.28324895369497205 0.28558420695012965 111
0.28302379862981736 0.2723355926803959 111
0.27927181279364455 0.2741178243608405 111
0.2767861263727721 0.2632308027825809 111
0.2854810253856132 0.2677017376995769 111
0.2839019129077356 0.25371935381961247 111
0.27975604132562015 0.2645119786265843 111
0.2827007512076795 0.2813327396710054 111
0.2846813867953718 0.27367708683240577 111
0.2834054078125011 0.2616024950407326 111
0.2880886556833094 0.25301281243064094 111
0.2831219741173433 0.25591917864555375 111
0.2854329731066112 0.2812987489492873 111
0.2784337880578864 0.2539087281584897 111
0.2853919327455854 0.2640627644284744 111
0.28401736441541375 0.26163832585310504 111
0.283993035967576 0.26730819125669336 111
0.285296959044919 0.2738813373804574 111
0.2858281421882723 0.2690449471954986 111
0.2851607648578351 0.2689117039212232 111
0.2841686522504448 0.26966562835084557 111
0.28663130604007453 0.27852526426518665 111
0.2882874318926563 0.27663828889269676 111
0.2874999042433328 0.2856448634844974 111
0.2864894440889522 0.26106814591169797 111
0.2883062637391956 0.26850985285465506 111
0.28931082740842556 0.28252492760826814 111
0.29026964202994915 0.2667940583404092 111
0.28370570233229775 0.2764146561785264 111
0.2830227254336861 0.2653392444281215 111
0.28902800375482673 0.26766233238718606 111
0.2841926484635347 0.27216679486925444 111
