training...
0.23601182307820845 0.18018199039830535 97
0.25412118076678464 0.2204330044047179 97
0.2776799311147008 0.25347168648652424 97
0.31120135703784524 0.29096864037355585 97
0.32193984895180483 0.2928490990839971 97
0.32683346042306216 0.3236718476264197 97
0.3436376981146064 0.34691310690496824 97
0.34950686187348157 0.3820718908188135 97
0.36628955997834656 0.3781042869883574 97
0.3652948638473888 0.37509701382268296 97
0.3569652545732181 0.3714455468910599 97
0.37113729052951455 0.3599699103900317 97
0.3756527083280561 0.41253509564285207 97
0.37910255125008396 0.37930796649645704 97
0.3901030532116573 0.39895444996632756 97
0.3863176180307655 0.3918509910156399 97
0.38442083146922973 0.3934581432422393 97
0.3894948733319475 0.37343795005682856 97
0.38821343043608275 0.3777074237756013 97
0.3666077544018467 0.32306726427547044 97
0.383709743330865 0.37235167396331725 97
0.3942368571370751 0.39107998351540535 97
0.38069760099333694 0.3764424252862362 97
0.38371665415878997 0.3395027465622805 97
0.3637926004435707 0.3607441696278114 97
0.3755524314002356 0.35184670635791415 97
0.3937524558736135 0.34021771179923704 97
0.3762683950860741 0.3242312212060846 97
0.3752099512044457 0.33684600196852166 97
0.3772350989816719 0.34777823174228967 97
0.377382158016579 0.3554119817105867 97
0.3771372472548045 0.3397719758257819 97
0.3918700483644618 0.3796755400686003 97
0.378530484885149 0.32150239911715234 97
0.3686999515069272 0.33183409490642596 97
0.37987055499624506 0.31246789261274077 97
0.3892984169181712 0.37559371692250554 97
0.3762849782198878 0.33992650122036494 97
0.3723695887832152 0.3323029035268697 97
0.38346374737056754 0.336782649396458 97
