training...
0.06456766602413198 0.017420638663784318 111
0.09155188626332018 0.04755494941358764 111
0.09639416435024958 0.042517721558170844 111
0.13431665594564474 0.10269922883290036 111
0.14897553726812168 0.10626710527506893 111
0.15740956139792173 0.11790768733563199 111
0.16227386438387806 0.13237758143174835 111
0.17575727396365265 0.1555112654344963 111
0.17422115195805002 0.14878208599914833 111
0.18888597412983243 0.16285477245997762 111
0.18897665993123253 0.17178639569299048 111
0.19181966950432575 0.17088627525711655 111
0.19843995334135592 0.17689917165214328 111
0.19865204057967678 0.17263641551324263 111
0.19676525046901203 0.1737449324210106 111
0.20071072534805615 0.1737770519117015 111
0.2013448960034679 0.1786756683404959 111
0.1938311542156115 0.17472384290221027 111
0.1923166748451695 0.16970442516069742 111
0.21066162224593904 0.19577369651945895 111
0.21028578134594234 0.19655293419050093 111
0.21852842039602427 0.18214340165608575 111
0.2113227029781478 0.18995655827699187 111
0.2181271633666301 0.19189593395116256 111
0.22295449976486115 0.19908584468931093 111
0.22090571933751718 0.18630997348228764 111
0.22150835682915226 0.201931739319452 111
0.225656750162706 0.20641994483111614 111
0.22651630213221485 0.2138301491144673 111
0.21727085292222192 0.1978368402344397 111
0.23072865301578746 0.2071156892680769 111
0.2358922331296683 0.20660996843782106 111
0.2370403305903114 0.2039589059664221 111
0.236971410868597 0.21719177777597382 111
0.23815042269667644 0.22860356439704205 111
0.24304170920184967 0.21986451071172386 111
0.2364455694458429 0.20593767497537643 111
0.23379241276127116 0.2136042508954967 111
0.24052296289284883 0.20968735360391746 111
0.2487100396552742 0.24078296783698894 111
0.23889343977758956 0.20686426545932518 111
0.23899270592204436 0.20836719773680162 111
0.23911363835396968 0.2137555245768532 111
0.2411899339599906 0.23211314151345266 111
0.24053284757872104 0.2087863265392106 111
0.24929295968838158 0.21477385557296355 111
0.24923436636743773 0.2340005921070121 111
0.24933159818929276 0.2303384801871315 111
0.24191605763489976 0.2144938286260238 111
0.2494562276888382 0.21952122108113778 111
0.2490298408349996 0.2342641982512636 111
0.25759538299071444 0.23982869935994988 111
0.25151711627423307 0.23481081808097204 111
0.2483317420760762 0.22390753296161975 111
0.2502853765289091 0.24111551019356092 111
0.24830714587419594 0.23165358156595023 111
0.24642827141410764 0.22064860780939344 111
0.25388969925030225 0.2385717194624347 111
0.2542136937777803 0.24441455665302866 111
0.25078841688545744 0.22440669455798293 111
0.24921662938571237 0.2529240905695959 111
0.2470858629238468 0.2221998597327893 111
0.25269924944833183 0.2360662301900842 111
0.24723509147608505 0.22831913909591342 111
0.25011586445157286 0.2402262826763642 111
0.2590582054798719 0.23974989126953497 111
0.2591562786891752 0.25911853332979784 111
0.25259064806826703 0.24305637945138467 111
0.25594643472640044 0.2496449787258732 111
0.26110269083062554 0.2579760645408584 111
0.2559274671214757 0.23727157348128478 111
0.25325817442356585 0.22994423042982445 111
0.2635669950653828 0.27372747028319366 111
0.25354334086393876 0.22966766063429234 111
0.25708830630120777 0.25324898643578697 111
0.26076792706994883 0.24210373107637922 111
0.2633897620241883 0.24356797230552127 111
0.24973180160022507 0.2284484553176285 111
0.2586726832001664 0.25911059467633973 111
0.25867654441795224 0.246648775427099 111
0.25987601587341247 0.2462406974236795 111
0.2434904825394811 0.22266285718683046 111
0.2627440873640356 0.25306518267885764 111
0.26414792923027247 0.26228775105941904 111
0.26750243592699446 0.2709008072327281 111
0.26196285125034485 0.2539361999834754 111
0.2615139272337012 0.2654401788278623 111
0.2609251334431102 0.258409366910601 111
0.26758309899659666 0.26807281129727945 111
0.2644304475091041 0.2486736608187998 111
0.2671270885365668 0.26214717763844597 111
0.2603700964702969 0.24534558145733934 111
0.26138010092943426 0.26024173354255703 111
0.2676646307224948 0.2685944606736633 111
0.26760785626841055 0.2671406841442602 111
0.2687906166884404 0.27350196150301126 111
0.26026965552700904 0.22729254171592636 111
0.2647669425323445 0.26192466045168783 111
0.26628819500218165 0.266060371751578 111
0.2621097807654682 0.24769453534851757 111
0.26981570061193266 0.271883218482031 111
0.27049563980207686 0.26200614797890165 111
0.2699457671231512 0.27702709570085116 111
0.2678336817415792 0.26602417322562966 111
0.26458134787293874 0.2720671589590624 111
0.26519262288097123 0.2601188495772744 111
0.26831216269776603 0.2829771314668077 111
0.26724606819725627 0.26343272264501616 111
0.26902908262179687 0.2741226569727859 111
0.26769143056414596 0.27219516415697936 111
0.2640660732490652 0.25045225770064405 111
0.27308294061110067 0.28060893650688523 111
0.27179206719524845 0.27433987436031 111
0.2624590758083869 0.24851424652329893 111
0.26979213037589134 0.2697200051491978 111
0.2660323793663023 0.27492914347872804 111
0.2679928297695729 0.2562383352782445 111
0.2671597978788986 0.2362361864896324 111
0.2705136155495314 0.26767042240588323 111
0.2639844701175656 0.24474198207984715 111
0.2680433716603703 0.26552549764143807 111
0.26576331216264215 0.26434494123161545 111
0.2693982874230633 0.26146453529537983 111
0.2692530242140883 0.27047862269413675 111
0.2648999940453652 0.25714820521218357 111
0.26707651523463016 0.261241382938469 111
0.2661996160536837 0.25783478493871503 111
0.2683038858055181 0.27444407510811986 111
0.2657039019719799 0.2726649934952199 111
0.26625976422608283 0.257225740875193 111
0.2735612053333346 0.2709420331742604 111
0.27158577059456285 0.27642307592866294 111
0.2669362667556654 0.24747470780492353 111
0.2713483815904654 0.2784120449264776 111
0.2696590292067559 0.281301382716093 111
0.2732273902604112 0.2723263086727322 111
0.26686706256317716 0.2552556484167379 111
0.27293019322148493 0.2670972233150475 111
0.27199048358140665 0.2801330467040364 111
0.27401411106529766 0.2680532533733451 111
0.2700490682137866 0.2642951533748991 111
0.2719449849505876 0.26954886097698616 111
0.2737619308248154 0.2708206973381967 111
0.27024169118519364 0.2808408506633646 111
0.2686732233332322 0.2748639891746741 111
0.27331051856681593 0.2611677066521289 111
0.27513461679628765 0.29204735847117663 111
0.27064412524680803 0.2689865657387217 111
0.26808449783553395 0.27421219898916405 111
0.27249238268922965 0.27023242323446256 111
0.2768786457279438 0.28998400048109096 111
0.27246243881836735 0.27680984662271096 111
0.2687220236436856 0.26298067617041704 111
0.27554091588734775 0.279041284745353 111
0.26345705829453864 0.2303666310316122 111
0.27513170060595454 0.2885765955596415 111
0.27055712260744563 0.2527784590393085 111
0.265554752891089 0.2780153753220579 111
0.2779801082235389 0.2807135674929308 111
0.26957308108400685 0.2418537057998217 111
0.27508652361463526 0.27695856030265115 111
0.26736293673819106 0.2805813998099668 111
0.2706586133250501 0.2733627301685466 111
0.2779620599930782 0.28452896459864097 111
0.26757166180801717 0.27487979227211007 111
0.2751244069498701 0.2925463241296117 111
0.26816354206252985 0.2525033768279097 111
0.2759645223482417 0.2630089357957737 111
0.2768824985744289 0.2624206759691062 111
0.27306174366061237 0.27238389839818894 111
0.27236780954385553 0.2703471652448169 111
0.2774672585892976 0.29085455686541084 111
0.27225218055197486 0.25876742678336234 111
0.27346243475237164 0.2758862788365852 111
0.2718487704941645 0.26492809783038335 111
0.2730285667538104 0.2766156837330024 111
0.2763923863489204 0.2992686226638616 111
0.27609664377967646 0.27437856115429454 111
0.27544857062039196 0.27359451192607886 111
0.2684863299434984 0.2743946150551243 111
0.2704377494682855 0.27231310333762204 111
0.27442577978367194 0.26283351403691874 111
0.27919325100901593 0.29757412451757254 111
0.27650439498334445 0.28005042547291925 111
0.2711927833208218 0.2785005902291064 111
0.28117862709564245 0.28472278857098077 111
0.27881024518827074 0.2880721138852583 111
0.26925543756670267 0.2612442337544983 111
0.2701774647674754 0.2745609748100754 111
0.2752791364956698 0.27506519320495115 111
0.27427682875034026 0.26273299322347843 111
0.2742703565499947 0.26356082056844643 111
0.2765418187701396 0.27733504038784873 111
0.269642453582391 0.24926801849319138 111
0.26968216876812323 0.2618142797127939 111
0.27319321793310203 0.2707620776393223 111
0.27276635459143844 0.2865376844955868 111
0.27666539977084853 0.2784339909644001 111
0.27610999510147327 0.27402164601090145 111
0.27589786989357207 0.2782471253591611 111
