training...
0.3061334071178576 0.25933709554655593 99
0.32467667350827745 0.24954190173122914 99
0.36416994603772784 0.3408229191648641 99
0.3754881763170801 0.2947094119183025 99
0.3750401264330414 0.3366266991867719 99
0.39395309263221856 0.3269353959838954 99
0.41261034816969716 0.3713398082840496 99
0.40497396658034335 0.3302530281290807 99
0.40629091297748426 0.32575195473613994 99
0.4054345238250483 0.3332579291011388 99
0.41904780273984227 0.3898723112020954 99
0.43169790682509374 0.4000828647895415 99
0.4155839485264143 0.33537170564374286 99
0.42831559205248426 0.37912114374090944 99
0.43098391887305837 0.3792400900303839 99
0.43363180544925395 0.38004901003265834 99
0.430055489004683 0.3835101417849609 99
0.43948828601089446 0.40471392616078916 99
0.4389011104760403 0.41546863658970923 99
0.4310021158882352 0.38993520342033167 99
0.45091135988413245 0.4047246003027802 99
0.44173808168176787 0.3735254088512714 99
0.44001240783624995 0.3612026916659433 99
0.43396028502944023 0.3668630538054761 99
0.4436279725221397 0.38163487673362206 99
0.44285207238102625 0.37769617956105145 99
0.4498835414812731 0.4354804125548723 99
0.45135341685917085 0.4130295865989296 99
0.44365127930496984 0.41508561915806913 99
0.4454012479647311 0.4023258489641806 99
0.4400257228326021 0.40472965656020693 99
0.44885518071025776 0.4112583051100968 99
0.4550979706889324 0.4103056398479429 99
0.4498342506808377 0.4238944532089648 99
0.4377169365669588 0.3593843938939233 99
0.4372738065218186 0.35004787711344426 99
0.4459389016822198 0.3939258789158163 99
0.4463610519378528 0.40996408765400044 99
0.4514857460616935 0.38972729891579233 99
0.4549214326954521 0.3941185285287712 99
