training...
0.09308321966947801 0.04165732527433974 111
0.12675864573686454 0.06745441035772959 111
0.15944460680054112 0.10960706059789799 111
0.17945738188028706 0.13235975847326115 111
0.20791483905655392 0.17825170001389168 111
0.21332392228637487 0.17435110005926413 111
0.21856174835517525 0.18574829282763364 111
0.22533744504231384 0.1958739883115838 111
0.23254920073227794 0.22157305103661468 111
0.23904454164876654 0.21771066881029197 111
0.2441710830245142 0.21559673305185864 111
0.24468121062391 0.21959200414253516 111
0.2452277646897804 0.2521139816605676 111
0.24783833432361796 0.25309054347604903 111
0.2537208010037251 0.23790178903896506 111
0.25331668693289267 0.25356218204697983 111
0.25516734955649817 0.2471309732442188 111
0.25462324120010477 0.2555234625325931 111
0.26100397313227114 0.24537541942909158 111
0.25901856570057574 0.24766094106578845 111
0.26225786448675875 0.25605509877939747 111
0.26013358441032347 0.25416139744501315 111
0.2628919153094818 0.2408995802800167 111
0.2652687161513369 0.2671630276583545 111
0.268323716091921 0.26177509964932805 111
0.26785178867815523 0.2506226823471735 111
0.2710903876169882 0.26363321849727456 111
0.2742361261113819 0.28761308557322096 111
0.2696091575643484 0.2667402751643861 111
0.2719367251695442 0.24657959786458059 111
0.27014550749307564 0.2558896993530812 111
0.28004571308919024 0.2628336762249771 111
0.27227823441455956 0.2664404032742003 111
0.2776596530993153 0.25323976107182117 111
0.2815873969041142 0.27765867112698694 111
0.2768942567385484 0.2541587736447587 111
0.2787316990319605 0.2894706528581188 111
0.279883677961777 0.2884029381349129 111
0.2781126063007867 0.26172483476375813 111
0.27815660284792537 0.2993074234499874 111
0.27677588274926207 0.27686765836042865 111
0.28520587258354074 0.2752225725603327 111
0.2843977290245581 0.26410527340970813 111
0.2836853275390628 0.29116068394398525 111
0.2840623485374018 0.2860290636446839 111
0.28206655324059454 0.2842684607584053 111
0.2897819543655603 0.2980455635308548 111
0.28518585238938804 0.2795684439253393 111
0.28551631366155505 0.2889091145363914 111
0.2843357849295463 0.2865627346788251 111
0.28040851606141914 0.2723771362742565 111
0.28796138470647836 0.29718822601756884 111
0.28918148185575254 0.2910810411896136 111
0.29185105225521785 0.3179256448485957 111
0.2878498201347136 0.2657610101762077 111
0.28173447157668263 0.2776814793633877 111
0.2874638341188153 0.29100626167964694 111
0.29134886242818087 0.29016416273792006 111
0.29092839891883987 0.28941002416113015 111
0.2922313277450671 0.3036731183826971 111
0.2940318247215948 0.30421376605018297 111
0.28985657219061134 0.29428657311377704 111
0.29421856942194213 0.29209114082444376 111
0.28920629775747336 0.2811312269281861 111
0.29658296631152375 0.31070425088891673 111
0.2914237587245667 0.29447270330230807 111
0.2887744445648626 0.289733982498926 111
0.2878146574068439 0.29825568324049484 111
0.29250347124876575 0.28529266751416443 111
0.290041030777284 0.28746084866801747 111
0.29076939350641046 0.2975705240409543 111
0.2924283858445688 0.27895431542323756 111
0.2925445984765336 0.28548627393949616 111
0.2906893351539628 0.304028928712171 111
0.293583776464838 0.29087278446897785 111
0.29259454878518665 0.2789183550584291 111
0.29646139177520425 0.30795009057768136 111
0.2864005443413428 0.2741705167022774 111
0.2928338738714256 0.2765823396510965 111
0.29709813280832187 0.30490331482514144 111
0.3001883276901312 0.3083673386533248 111
0.2929563001952498 0.29920474294377625 111
0.2965794981450545 0.2970036610518648 111
0.2969589929351996 0.31558711334305056 111
0.2939575092534292 0.2962984838756116 111
0.29279003266893344 0.2987771316863866 111
0.2952638056442388 0.2809158536171233 111
0.2892925658287699 0.2688761017222491 111
0.2950557166873779 0.3212321029163595 111
0.2869459701344639 0.28171527016609704 111
0.29026395938590505 0.2823430903449803 111
0.29230763927408765 0.30138948017226824 111
0.29383698092475147 0.30841519373722226 111
0.295217420564115 0.29411414937456903 111
0.2973257970120756 0.30022732016863957 111
0.29683933830090276 0.3073464878426551 111
0.29277326034701373 0.2844182782062694 111
0.30147347651832035 0.3316279797550994 111
0.28943057103071296 0.29944808644662374 111
0.29472758763981804 0.2844019438905103 111
