training...
0.17231760445316274 0.12400624258378855 111
0.2342216230626045 0.2003521374690621 111
0.2527735005742633 0.23123386190046277 111
0.2647395183502008 0.26718289646397575 111
0.2688840254024327 0.25989039338232917 111
0.28036799337757284 0.2631877068215591 111
0.27850691056859134 0.25479825228825786 111
0.2841396714284799 0.26902645883987525 111
0.277078387788614 0.2614878651055282 111
0.28417290953748403 0.262848337716912 111
0.2892505289030842 0.2926771611749317 111
0.28501682198869766 0.24160647485074502 111
0.29535752027882833 0.2912306650150549 111
0.2920891965154798 0.2761459808026931 111
0.2942743572931174 0.2819461800252952 111
0.2888052529407838 0.2773763349053969 111
0.28640142166255056 0.2782535440919301 111
0.3044649950361195 0.3195806155095107 111
0.3001904577831342 0.30794315588441235 111
0.2939386161720967 0.29026041712712564 111
