training...
0.10443301181988124 0.061319858062554695 111
0.14986800651173918 0.09264354362061454 111
0.17967177501210746 0.15616312934058338 111
0.19496473012428867 0.17595963666319892 111
0.20876832619655364 0.19437653567078145 111
0.2155475019371339 0.20677072168521682 111
0.21635621758253448 0.20082424666302956 111
0.22663890379195645 0.2122201935761034 111
0.23544372868112623 0.2386672874471833 111
0.23487146780640816 0.2016573270955368 111
0.23564849686670916 0.2171550289197206 111
0.23804524780370448 0.2246333875746425 111
0.24326128249186427 0.24202194819787878 111
0.2493220242073762 0.24106752249336633 111
0.2539224361036368 0.24138027917357324 111
0.24871512823955141 0.23852440517481083 111
0.25288577771290144 0.2425342156647571 111
0.25868282188459607 0.2410834219124477 111
0.2582133698701092 0.2480175457352906 111
0.2577202485020338 0.25146986193941 111
0.2570050800233921 0.2506810150324917 111
0.26340847599936695 0.2707067292713656 111
0.2632215427072445 0.2671330739220432 111
0.26318092366413287 0.25711646251848663 111
0.26594808390013897 0.2713308007581573 111
0.26607082674521204 0.26779742451834326 111
0.27120950513603237 0.2714138525942008 111
0.2690129511922838 0.271170081735538 111
0.2699259402683149 0.2770184246753943 111
0.26807733864706695 0.2540452156285973 111
0.2726666250932751 0.2695547139614148 111
0.2744465720678243 0.25951741169784065 111
0.2701592038571675 0.2701336736988842 111
0.274460465535778 0.2571123797764121 111
0.2793853656929548 0.280605718982344 111
0.2760110797602445 0.24622998465125184 111
0.2823382394053278 0.2857718171769807 111
0.27784711385472355 0.2579819473789342 111
0.27547921280712484 0.27408134049912297 111
0.2768373346851186 0.2824235092732661 111
0.27575054535536814 0.27964805960746414 111
0.28261046541067364 0.28766104545377147 111
0.28407883202453327 0.2848615145385239 111
0.27939810967359785 0.2800107489722588 111
0.27930787830660103 0.30361978149646407 111
0.2833663900483537 0.2772694390262393 111
0.28593990108601347 0.2865445322764729 111
0.2837486397364717 0.27188681845558066 111
0.2814827674375102 0.28287396978152785 111
0.28465696827905845 0.2852317735901428 111
0.2865289672478304 0.30114091069565246 111
0.28524509085499355 0.30476924421462026 111
0.2863362201869372 0.29787909535413554 111
0.2856290253641593 0.2698225324867241 111
0.28454364396714643 0.2640193697848118 111
0.29031683046399087 0.29312689897069566 111
0.2896451728608526 0.3004670752317728 111
0.29009023867536254 0.26971405897394196 111
0.28900408554570683 0.290227452052526 111
0.29310061344168103 0.2896399997685194 111
0.2884068200102774 0.2825685598386551 111
0.28101638943962454 0.2596132304108935 111
0.2854042441464128 0.25393967060505085 111
0.28047207700290744 0.2651210545691803 111
0.29163423638436614 0.26036336472818106 111
0.2877190192820169 0.2673475277195853 111
0.2836515401636542 0.2796158563480995 111
0.2866824476522617 0.28055594860414923 111
0.28679151405357967 0.277673229367172 111
0.28683073099279094 0.2679626954659799 111
0.28896937220484836 0.27404064773838177 111
0.2876599167705152 0.27441275971771895 111
0.294077409651642 0.3209079321763365 111
0.29098193882090756 0.2839998320964102 111
0.28906043483121996 0.2801743346873289 111
0.2841432580956189 0.2697110343963451 111
0.2904463244885528 0.2744419100935384 111
0.287813881686303 0.2856513171210753 111
0.2917756621464085 0.26413686625614946 111
0.2954109614433942 0.2956133004469759 111
0.2912463572211593 0.27294614111483434 111
0.28792282336124775 0.25773286323247535 111
0.2934953568880526 0.2913188063033278 111
0.2954827628129107 0.2844358266285116 111
0.29521797864181853 0.2908816610608579 111
0.29449376020068485 0.294993608450435 111
0.2943743205514356 0.28335351277371756 111
0.2913055969898067 0.28763148245457076 111
0.29333190778808754 0.2687620805679855 111
0.29490271642304255 0.2776808420020549 111
0.2928254281324997 0.26402358041729773 111
0.2908335824674282 0.2794544444501965 111
0.29157028759960735 0.2729997719881675 111
0.28916564130326133 0.27767078921973165 111
0.29397386363466127 0.2843890840319404 111
0.2964435979096996 0.2861025720962999 111
0.2890879088040903 0.2722450219762244 111
0.2950424644211494 0.2811246248739587 111
0.2953866868776429 0.29294135767565577 111
0.28895099825526543 0.289627791872873 111
