training...
0.2035025832900702 0.1641588273853463 111
0.24707748920427425 0.2254499965073634 111
0.2708471684305846 0.256840128486677 111
0.2882879019725669 0.27695059228647795 111
0.29815629602824345 0.28359726326499346 111
0.3015917646806584 0.2964393829284226 111
0.30552365358112343 0.29996921102810603 111
0.3160655131041339 0.3147594324866135 111
0.3088285565658343 0.30037976107712255 111
0.3193887691615486 0.3150171639697421 111
0.3282789898721209 0.34683793152761444 111
0.32285140773805415 0.32300350640216163 111
0.3358601164165733 0.33193555112660533 111
0.3306346805854417 0.33807239348833956 111
0.34064787722231954 0.3527028107897425 111
0.3266875381368359 0.31839338572803766 111
0.3268912841231723 0.3310008290947573 111
0.34577608095485357 0.35668768777388143 111
0.34068922708972854 0.3496069502083752 111
0.33462687673619285 0.3495829690734401 111
