training...
0.07148508967458833 0.022840193886437016 111
0.08394269991743708 0.03504172704171945 111
0.09365613628304816 0.04292990268037601 111
0.09550977024353906 0.03885828920773444 111
0.1195779243644318 0.06560670306406649 111
0.15310000557449394 0.10347837934766814 111
0.1603051348383298 0.10446484693522824 111
0.18870874522258893 0.146685166808705 111
0.19594061570373988 0.1453862373847891 111
0.2142392220107764 0.17847436812779685 111
0.21153481869140744 0.19007635882763219 111
0.2203363804747531 0.19545902663487644 111
0.22195411315409402 0.20397180595860773 111
0.23219632180507827 0.2100874576704029 111
0.22563988778472496 0.2080103257971418 111
0.2229029161563446 0.18601116552220093 111
0.23722747756479298 0.2173931062171172 111
0.22895301701157295 0.20632378027064835 111
0.2370079491914955 0.22209221511731378 111
0.24151046408394602 0.22473198049895798 111
0.23732942096373744 0.2152314837741918 111
0.23978415823714458 0.23938809682187673 111
0.24714882366806004 0.22120247497080603 111
0.2354249871886007 0.2113266160459914 111
0.24512630121358986 0.2208003838931083 111
0.2421368907421413 0.21772046268379436 111
0.24403755459419393 0.21569385078360614 111
0.2470151811738395 0.24268528949150234 111
0.25066075581862746 0.24318134128783234 111
0.2520725277715258 0.24290402846412812 111
0.25392595504134585 0.2437609689259625 111
0.25006435724759934 0.2394173652197207 111
0.2487107402799323 0.23212853002526676 111
0.2539222303918653 0.2285696838752658 111
0.2577980574676293 0.25160745730094003 111
0.25522374654101965 0.24487801822584315 111
0.2572606482102884 0.24838223583883925 111
0.2616168623778602 0.2558058218018342 111
0.25590602719471006 0.24088209780072722 111
0.2553802978056049 0.2366989232230319 111
0.25190074988922573 0.24028696792420243 111
0.25710568936028744 0.24786695743031328 111
0.2644021654232329 0.26762496249102286 111
0.25897472629474183 0.2512309450060842 111
0.26214119741603414 0.2524975633081857 111
0.2653845826868166 0.26554291448345185 111
0.26419050469164596 0.2704829872756827 111
0.26090584601152533 0.26516043235279313 111
0.25893951054469744 0.2591816537745728 111
0.2645452039068161 0.24909072230852933 111
0.25863402868212126 0.24981266445292344 111
0.2728830976888778 0.2687720190407176 111
0.26700583678294537 0.27140596236181724 111
0.26773574615053336 0.28321896117869616 111
0.26307681198454175 0.2614234099548052 111
0.2703998223013127 0.2751984277104622 111
0.2720703165418239 0.2815163425040357 111
0.2657158972264841 0.26859967790775635 111
0.26374426399744905 0.25066610951197643 111
0.2655784861629902 0.26046315204952986 111
0.2635276345189907 0.25417692718933355 111
0.2698749758592087 0.275594949414508 111
0.2668401814242406 0.2574556204234024 111
0.26913742489227827 0.2683579158627929 111
0.27013070870361283 0.2836927836293684 111
0.2724227946778218 0.2746085622335008 111
0.26887470678208714 0.2571020143024903 111
0.26783957638303113 0.27102130221776394 111
0.27285308807822656 0.291715518067342 111
0.2744509530217409 0.27448156258363227 111
0.2720664129586671 0.26154876485775447 111
0.26987130640927176 0.2542172867459108 111
0.2711301025487262 0.26937443320128845 111
0.2688336759730023 0.2575972257891281 111
0.27125681369765103 0.2638091103523105 111
0.2717717541269975 0.2744473973870113 111
0.27084500647880866 0.2811373932803998 111
0.26845582202200097 0.2799152471287695 111
0.27254721044711394 0.26904621065576484 111
0.2756356784565351 0.28744108150472997 111
0.27153143728556 0.25357991618783876 111
0.26992946824019287 0.2563058013699145 111
0.26785828711858456 0.27370480908440836 111
0.271622501661142 0.261159099071914 111
0.2667019064520394 0.27592972310451924 111
0.26988549688801067 0.2557673907433726 111
0.26845699904275777 0.26146217469879707 111
0.2696255990974923 0.24862020672412577 111
0.27526965676272486 0.270988703515107 111
0.2712295586440692 0.26453995375809275 111
0.27205051314543377 0.27233030090458066 111
0.27523872596230664 0.2704232588266501 111
0.27274937021677553 0.2565198951209654 111
0.2678765196231228 0.22991046793744366 111
0.27425991239833547 0.2627953583571928 111
0.2792271740810299 0.29676381592422135 111
0.27395689796857386 0.27464960477509637 111
0.27833028903717744 0.2750291958827762 111
0.27456573147862906 0.2691513377245765 111
0.27529833554790295 0.2777585631479435 111
