training...
0.2996804186982991 0.20261730880216816 99
0.30331840107663166 0.23882489210405972 99
0.32342604216201304 0.24942349302510386 99
0.3382184010830587 0.26071263049291715 99
0.3581152429226497 0.32531873205787437 99
0.36172342920570316 0.3112718289229935 99
0.36743113779818765 0.3317174273134706 99
0.3778029016791526 0.3382320602186853 99
0.38470040648660775 0.34923564058713247 99
0.39150522031664314 0.31918299498233 99
0.3778187893076037 0.33891220535011374 99
0.39345608164508056 0.34340850099184445 99
0.3904120271206593 0.33409388207118657 99
0.39193220839256854 0.35855752260218854 99
0.4029586130318128 0.35748698515633615 99
0.3961900704311399 0.35819451831554966 99
0.39657143195959305 0.3395221309077445 99
0.4084354231425587 0.36622706323082854 99
0.40638659518290665 0.35718303476141594 99
0.39724024508805406 0.29998974919056476 99
0.4117407063552431 0.34185493989874505 99
0.4186775160833949 0.34061658996732713 99
0.41653632441397304 0.34182220287252424 99
0.41634548135950744 0.3881125254588622 99
0.4235842312083179 0.3666942756036626 99
0.41673104832008984 0.37330755835692325 99
0.4183341186406233 0.39199731441635616 99
0.40133007479244037 0.3435505237420908 99
0.4091401762617565 0.33785133691549074 99
0.414180278108694 0.3615755766005997 99
0.42478931110484913 0.37038473263483884 99
0.42780383251862797 0.40106352406975887 99
0.42394739989839664 0.37264464489744414 99
0.41833468203854707 0.3680134359936403 99
0.41871760012800563 0.3638896627354841 99
0.41944831214117473 0.323240886134289 99
0.4291399591930467 0.3944222203500427 99
0.43151281990769 0.42136077819652507 99
0.4212005733813761 0.34221377427783134 99
0.4398468315004756 0.409265847483356 99
