training...
0.1666241358314328 0.1266808145879517 111
0.22129152239837233 0.1894096050118815 111
0.23822750411027102 0.20216003261537377 111
0.2543342386556957 0.24265111279547047 111
0.26202976597221567 0.24826543341329116 111
0.2696683061858454 0.26789306122445455 111
0.2732074927318905 0.25671213774847734 111
0.28203294989391026 0.25795260871021686 111
0.27224014765277127 0.26962628236695607 111
0.2812382339887984 0.2792583481633172 111
0.2887097536601795 0.3080784938585306 111
0.2878398464154455 0.28340819954151547 111
0.30436065232848003 0.3162492799494868 111
0.29113679437247153 0.2914756686886335 111
0.29810470466153216 0.30828396448860357 111
0.2965096127415934 0.2967126109721262 111
0.28944187974524777 0.2993182091698748 111
0.3011093702963656 0.3057557129842049 111
0.29673277903157314 0.2946434251515692 111
0.2941913547751851 0.29199737558428374 111
