training...
0.08851548100452646 0.037049078307614836 111
0.12406254921454694 0.06298528116974833 111
0.14462801544562026 0.08562958880349678 111
0.16865535272132862 0.1287629743258392 111
0.19643606452510448 0.15532287937295108 111
0.2059261443603872 0.17027055647841946 111
0.20437817611681255 0.19057402077382465 111
0.20890741212617064 0.2008781489316064 111
0.22701560902201967 0.2207743163380907 111
0.22532532763972166 0.20931692500133908 111
0.23305846100557656 0.220365053792067 111
0.23322581985810362 0.21674563370639754 111
0.23859479973807818 0.21951800805801572 111
0.2484861015921009 0.2388853931264133 111
0.24729332699036474 0.22767494519742956 111
0.2466997160234843 0.22085223506403295 111
0.252316007415798 0.25347607271735306 111
0.24681631205739013 0.23211307102964968 111
0.2521952973724708 0.2406706924032791 111
0.25122497404122424 0.23121515223452183 111
0.2570721544243831 0.24825859399966352 111
0.2620669640113454 0.26149998982536604 111
0.26216595582168606 0.26281016567526033 111
0.26577476673447537 0.2676043844567904 111
0.26447255439359785 0.27122888904177483 111
0.25983054649706605 0.2555641608731377 111
0.26748347389293053 0.25901563123982746 111
0.27027762390874016 0.27717676525132 111
0.2688960899680688 0.25659364570633164 111
0.26813230658469767 0.2619315098354427 111
0.2711951339687964 0.2554818709860882 111
0.2786313996410742 0.2722286519839508 111
0.2706079251434321 0.2818728253247335 111
0.27829699520078166 0.2774356315797112 111
0.28009859442927415 0.27045182577992327 111
0.2809287087126983 0.2744269782251438 111
0.2738239012979652 0.27148264237488035 111
0.27814642219718805 0.3005295074573023 111
0.2770790265642979 0.28054117223486263 111
0.2774480975672826 0.296487728476301 111
0.281778183268916 0.2900616595303341 111
0.2750407948154362 0.27651812004643067 111
0.28008367047871385 0.2875281358987344 111
0.2816919413384843 0.288984763852138 111
0.2746345156090961 0.26059014263620583 111
0.28268580073187627 0.2928430686242893 111
0.2895457008367831 0.2783246876763713 111
0.28097867341001914 0.2824762222921605 111
0.28313923306131616 0.2738059228385679 111
0.2886843235980293 0.2855965781820262 111
0.28315416422808143 0.2778674710884803 111
0.2897241632749032 0.304999321810463 111
0.28695184727985223 0.2852893542461557 111
0.2889231690413582 0.2680938973353956 111
0.28336756401572205 0.2978466785034783 111
0.29202323021681353 0.3057521754530451 111
0.2865358861272883 0.26336475022208516 111
0.28882810265923164 0.3017686404622527 111
0.29534579083091556 0.32695602115156747 111
0.2889198898130878 0.305284774775799 111
0.28380124026699177 0.284711986710422 111
0.29166446947442404 0.29290236725021407 111
0.2967136336851787 0.2920394190245611 111
0.2877602997096396 0.3081129509791715 111
0.2923595840192622 0.30502290112936736 111
0.2988552283674464 0.30466016978471244 111
0.29818746245758726 0.3288369650543764 111
0.2898115025556983 0.29852058364613615 111
0.29357454144943634 0.31549884690739444 111
0.29570641166762784 0.30871993122178104 111
0.28899833701709843 0.2979034821262231 111
0.2919503689118752 0.2978448837192119 111
0.29466358808006976 0.3110552470436754 111
0.2947285995580739 0.2863211772475332 111
0.29884625465295744 0.31777383344473004 111
0.2914212216338909 0.31519873168476714 111
0.2930289831159836 0.29767496082937445 111
0.29097454471033685 0.312723820850346 111
0.29452812752355845 0.29428861542808316 111
0.2893041435606605 0.28616373767490133 111
0.2957296165627035 0.30414010887513027 111
0.29024830094992177 0.27019730121873137 111
0.3004178554880141 0.3094031395823017 111
0.29665198972518386 0.29720035273924145 111
0.2997675841885584 0.3355211257094204 111
0.2968519593515258 0.2818110151626804 111
0.2932040670949073 0.2885571027707569 111
0.2942511544147033 0.31103475229189254 111
0.29261778200986416 0.30501013260734267 111
0.2974106085334567 0.3209387800534404 111
0.29609561389192535 0.27065653108173926 111
0.2972889790091375 0.3103895889470012 111
0.29053019441538414 0.2801929889488357 111
0.29416997277810175 0.27318259085692925 111
0.30031308127355516 0.30988068298317467 111
0.2949123428713407 0.31846871780541136 111
0.2964847043760252 0.2880174926511586 111
0.2969423095119974 0.30517808610125047 111
0.30100399202023553 0.30358728412336106 111
0.298710235425018 0.3075813021427406 111
