training...
0.08778404930903637 0.037082480538393435 111
0.12384310367984819 0.06912702115067586 111
0.16238863549496313 0.11397203898304177 111
0.1767042654937655 0.13866039848609116 111
0.19397691766141872 0.16118842693974184 111
0.21398654242500312 0.18566064537194096 111
0.21044289053260934 0.1793352464481067 111
0.22072481330299337 0.20019402359588004 111
0.22891268146658686 0.21984290391905265 111
0.23178069331252266 0.20346921040564925 111
0.23436037141883947 0.19863894477526553 111
0.24040468621739147 0.2169934001283942 111
0.23677177040853759 0.21233664388220733 111
0.24089706562548224 0.2325904463714662 111
0.24420989759510844 0.23808528248157082 111
0.24398535412878403 0.23640366543926974 111
0.2458226312646313 0.22861616218635564 111
0.24699550359456957 0.23949036617503375 111
0.2542719304011184 0.2422890078117975 111
0.2549744036157486 0.2343629679003786 111
0.2530953490132315 0.248881667235515 111
0.25511937257339223 0.2403392845823248 111
0.26599313913521694 0.26935288872889107 111
0.2612624576704724 0.24857163196109291 111
0.2576383517147315 0.2556833034319332 111
0.259281487943052 0.24599285791518355 111
0.2650248014685399 0.2483709146218662 111
0.2691995143729947 0.2611237714762462 111
0.27227322003727716 0.23918384127065181 111
0.2718990748346736 0.26907673299488943 111
0.26774196876220335 0.251589065710486 111
0.2741046228746393 0.25250550799894156 111
0.26694681453953173 0.2553746368255048 111
0.27153865120505893 0.268849978697375 111
0.2733439724263795 0.2765785899644879 111
0.2732114738639082 0.2522451372705802 111
0.2755487417775 0.2687534183471748 111
0.2733517557070001 0.264421312840012 111
0.2759035266893566 0.2649189093175574 111
0.2809927316817776 0.26706652496651073 111
0.28009148146501256 0.265532893887779 111
0.27305535798567393 0.2699052923767481 111
0.2787960233944052 0.26226523033171306 111
0.2775717472273352 0.2488251042645056 111
0.2773560975586506 0.26425895089541107 111
0.28393444798610984 0.2912871995714059 111
0.28070391197051225 0.27253929851715814 111
0.2803542477681235 0.26595257553112045 111
0.2707903203961341 0.2713976715399156 111
0.2740489150888517 0.2699509792222657 111
0.27737495427693776 0.2661664734316223 111
0.2760452436663709 0.2714806633651084 111
0.2818902158147127 0.2765319153145316 111
0.28000849244373077 0.26879689101547455 111
0.2802746778541532 0.2730592500480355 111
0.2865849625762316 0.28163773284590293 111
0.2815088039067598 0.2830943386450321 111
0.2829779736654016 0.25957093084938987 111
0.28292135852018285 0.276286093816187 111
0.2824623032280468 0.278530401370023 111
0.2867353521251 0.256597182887667 111
0.2811431149998826 0.2648179446550188 111
0.2866767483062992 0.293451360526655 111
0.2826574319712938 0.270487377893821 111
0.28504510660297566 0.2814799803801419 111
0.2812106718636361 0.2844808356934225 111
0.2852481741030068 0.3004299786906842 111
0.2862019931666028 0.26471341792432507 111
0.2848992338218214 0.2585786243865814 111
0.288112092055746 0.2944262618199471 111
0.28385415397713537 0.2884706474758284 111
0.2827936971957025 0.2680287553823836 111
0.28496532326833124 0.2784147901278065 111
0.2907962411408119 0.2890974248347269 111
0.28588210774642153 0.28092026316164964 111
0.28677386800898025 0.2708194027712696 111
0.28197292718710243 0.28670617872505283 111
0.28344143487910606 0.28543087781691406 111
0.28703097368346864 0.28236871692792653 111
0.2859190799165715 0.26259457034950096 111
0.2902994437628287 0.30234408615881575 111
0.28398404766176943 0.29306273301951424 111
0.2839793734980266 0.2759604175301549 111
0.2882945051803881 0.28291999676030344 111
0.2857313824128163 0.2654360319649298 111
0.2908242247495839 0.2900949357918111 111
0.28132110461950394 0.2884302373771711 111
0.2895390528489446 0.2716674102266857 111
0.28610595128596217 0.2593474878523914 111
0.28453086630563557 0.2767120664226967 111
0.28504061678823817 0.2751361972877744 111
0.2888076574785923 0.2902908904871064 111
0.2871278544463424 0.3022421249361613 111
0.2907059048305753 0.2902869406312272 111
0.2872684669984358 0.2892860000219984 111
0.2859257677223759 0.2816060085349942 111
0.28623235353768695 0.26708016941320145 111
0.28871581401510366 0.2978255011583737 111
0.28776178879239506 0.273028045404305 111
0.2889870945080441 0.26111390781879246 111
