training...
0.25425375075128387 0.2036361413089778 97
0.2693657845564525 0.2195924840037719 97
0.2761609644170948 0.24338455516201504 97
0.2949630715415117 0.24317681066893346 97
0.3236216400958567 0.29361611085834766 97
0.3225398423251023 0.293676132536601 97
0.3411754355595595 0.31098812923858377 97
0.3499499710875099 0.3050775222426665 97
0.35635688742633315 0.3288546938960357 97
0.34834983693421084 0.3377067575116074 97
0.3650217956741475 0.3425732999038308 97
0.37906726599301477 0.3696924101596041 97
0.3855137489120924 0.3912157972758593 97
0.3767567454791715 0.36282725136000715 97
0.38237584343842274 0.3378914027777019 97
0.38675509057152646 0.3634749646382415 97
0.3876494891623779 0.386576975907 97
0.38272758613483226 0.35653151673391503 97
0.3889625122372615 0.34310260739228066 97
0.38545143885630084 0.3407506989503207 97
0.38423208356068 0.3684399639754073 97
0.39976856563324414 0.38381212976004203 97
0.39316549780832993 0.3751589915059589 97
0.39048064846151137 0.36486981324362616 97
0.39557171674057046 0.3520633173841532 97
0.3906207202613731 0.33597239975956444 97
0.40137682980282524 0.3710000463892252 97
0.3964176560483692 0.3426394003763415 97
0.3992836951155319 0.38546553736799827 97
0.38749146028168086 0.3499557786175422 97
0.40257516555114914 0.4021726362065933 97
0.40350108274197394 0.38527917292286895 97
0.3849496834607368 0.3697244940761409 97
0.3941531319447349 0.3920600600766278 97
0.38899184690550953 0.3684401537673143 97
0.39391727367487644 0.4245242070115277 97
0.39721432644067495 0.3975416283278167 97
0.3912644249924246 0.37510930027919887 97
0.38848679063882313 0.36296986911765755 97
0.3919511865527606 0.36670703609068384 97
