training...
0.2976965911935815 0.25316900969857103 99
0.33592623557489554 0.2842675661866748 99
0.35224191712668035 0.28794770645623013 99
0.3737762272191326 0.32065042547545597 99
0.37262384424167466 0.3329356429258767 99
0.39102865958537386 0.350762142567146 99
0.3951531242729942 0.338533624369688 99
0.3997660722543112 0.3593964812687814 99
0.40331915906858157 0.35557244432650664 99
0.406564933882298 0.33206192064624546 99
0.40981909745791206 0.34145447875462454 99
0.4241925157067545 0.37576749010393334 99
0.41122255054122303 0.3440612391192035 99
0.4237832984273933 0.3831909114173679 99
0.4239051214799521 0.3832581029004648 99
0.41776493248583674 0.38566357993223543 99
0.43163828377336033 0.41414709341595585 99
0.4282992093640822 0.4003383320395867 99
0.4156467525605846 0.38742554628811027 99
0.4242914514862392 0.3498365894989371 99
0.43425678544249235 0.4013667527309823 99
0.4214009660640492 0.3760909022256805 99
0.4231033471398816 0.3954278808912984 99
0.42607607139495884 0.4166946186416578 99
0.43143590917807306 0.4054051987460317 99
0.4351082232325543 0.41696696936721306 99
0.4413396341086011 0.4126548814224955 99
0.4368451135802336 0.40735458077162595 99
0.433929125321071 0.42975685973008476 99
0.43375113898953094 0.41394239489437784 99
0.4426905466544954 0.41492959129967294 99
0.44132396229544524 0.4023146984043115 99
0.43924870854078946 0.4033618569152015 99
0.44486216611265617 0.4372603943730402 99
0.4318281763377953 0.42182389078665933 99
0.43808099915051046 0.40950057701993553 99
0.44448829946643376 0.4082846599010628 99
0.44219261709113455 0.40706415584339484 99
0.446902466272653 0.38497883906098834 99
0.43816056747527854 0.37388934055073997 99
