training...
0.29029370574098673 0.19239799152123124 99
0.2980815043406999 0.2155663606507851 99
0.3268416619552687 0.282539097600509 99
0.3391526511207402 0.2750893268058958 99
0.3682350942600792 0.33014371400405595 99
0.3740962266512059 0.36158843189926865 99
0.3757676103563895 0.37148536625114803 99
0.39015886794151805 0.3631381882180188 99
0.40170212984667397 0.3576117739547964 99
0.3988455929141228 0.39898996914377166 99
0.40279497207886494 0.35901285243669256 99
0.40515886554186464 0.3327926923642894 99
0.4060439695426111 0.3586777803834591 99
0.4059261040983212 0.3348777548874027 99
0.4234309293449961 0.3512345179478336 99
0.4148904627018388 0.35647565958796235 99
0.41343554898663565 0.33548402189343807 99
0.4237797535603475 0.39523011105166994 99
0.413646395119554 0.361123598122435 99
0.4263025183046417 0.3807769378356475 99
0.42947690773470615 0.3979044458631668 99
0.4350257306049771 0.3707322444066553 99
0.4128054158129316 0.359603686751147 99
0.4410735937967508 0.40649703649966834 99
0.4261636836150125 0.3778529802250807 99
0.4231657502905783 0.35938684675496413 99
0.4350488666097471 0.3634381770799955 99
0.4279351523331945 0.3780638179011815 99
0.4249127883304025 0.381341166054479 99
0.4221201614044213 0.36993528869721626 99
0.43134320878547194 0.3655672273790967 99
0.4324402752322964 0.3620117126324842 99
0.42678772394234904 0.37336208075493477 99
0.4343143282603269 0.3689751677654697 99
0.4387489989762827 0.37803258348862895 99
0.4350370005592648 0.3999854016886882 99
0.4317006962860571 0.35649974791687405 99
0.4360092614480745 0.376079493324536 99
0.4327824961045262 0.40702649718913064 99
0.43200530948938054 0.39523157008887877 99
