training...
0.09425831001205455 0.03558004229013307 111
0.13226292785912835 0.08047578104511476 111
0.147318446179825 0.10233041808738384 111
0.1599689171795762 0.10266885839853551 111
0.19131672142076858 0.14705476295185943 111
0.19373116535436785 0.17295248032808744 111
0.1943820051962373 0.1652669601499486 111
0.2072004915312374 0.18762011415012844 111
0.21944300815960974 0.21239873723352096 111
0.22175649494152178 0.21656250918856704 111
0.2275491759921516 0.23609250047219446 111
0.23162515601062547 0.2116054625928784 111
0.23434993126649387 0.22355894302973123 111
0.24017191782422573 0.2256061623290911 111
0.2400338454061837 0.24050976247429828 111
0.24391842363184613 0.2251738780872128 111
0.24786916280803017 0.24237637131031228 111
0.24534767623742273 0.24804597316658916 111
0.2505580616556685 0.23699129253253187 111
0.2473419929147224 0.22533102193005386 111
0.25246014116174365 0.23614226644329492 111
0.251504144578791 0.2359142654847459 111
0.25530885340966625 0.25148988634703245 111
0.25545350857744636 0.26786913288161873 111
0.2543391839746116 0.24211693468895631 111
0.25326394318726175 0.23562150065358342 111
0.2559784316636791 0.24738471528043376 111
0.26205269186319946 0.2613721298351411 111
0.2599542465196723 0.2577595349568025 111
0.2599628748644846 0.27086562281485443 111
0.25770218541967516 0.23619004517058848 111
0.27032320448630276 0.2687032611818913 111
0.26407570049858853 0.2455491829870588 111
0.26326819068164253 0.255767131030588 111
0.27008067676825676 0.282464583726554 111
0.26760355563044974 0.2612620369914 111
0.26839964815823447 0.26837599390008626 111
0.27173002015035197 0.27343286868136474 111
0.27256184264455136 0.27505362178661524 111
0.26914281702678 0.26843831092041587 111
0.2672478428925312 0.2609147769640598 111
0.27300934364686985 0.2698232556268828 111
0.2716244250696035 0.25697862416890926 111
0.2737613210933127 0.250879760937399 111
0.26734458525001686 0.2688233025109095 111
0.2770665540290999 0.2843338368065014 111
0.2749652876425287 0.24110621835995635 111
0.27554796634744516 0.2743061111746543 111
0.27063592345378396 0.2690491800927657 111
0.27470629063498325 0.2778202691180153 111
0.2725199474989684 0.26631194486572585 111
0.27324143387051025 0.28481279454270764 111
0.2802831052631159 0.27629271245116144 111
0.2759832711843573 0.2767452511629692 111
0.27698663858141287 0.2861583432164846 111
0.2835018798015003 0.2622273900554342 111
0.28374231161616636 0.2814182535058608 111
0.27735923539272633 0.27488616158742857 111
0.28810452074948895 0.3081130162366025 111
0.27929557031648683 0.2654391764476797 111
0.2883250070521892 0.281265810629162 111
0.28731031058463274 0.29640643584166776 111
0.2826602102643009 0.282727656765579 111
0.2806971419131193 0.2837900991162167 111
0.28328332410591217 0.2760976994451021 111
0.28908688888755674 0.3064821496743261 111
0.28455244288920023 0.27943951907613857 111
0.28485352564176697 0.2729531595260364 111
0.2861264550622065 0.27346803220232047 111
0.2881125646003031 0.28175774520260627 111
0.289553292812715 0.28939028384862897 111
0.28075874465223344 0.27532743951585403 111
0.29106475618455546 0.28023847975978117 111
0.27954812879366786 0.27040546881423605 111
0.28970136240632016 0.2812350260894857 111
0.29145667031135575 0.2890373448387043 111
0.2879540843261337 0.29932907063606023 111
0.28410710039143716 0.29793513099432023 111
0.2842957361838198 0.2836856318242514 111
0.2856290574324574 0.28587208247552365 111
0.28591206164597216 0.2933497745090948 111
0.2862112277514346 0.28747252244658983 111
0.28885194059786173 0.27078358533336083 111
0.2998723340112661 0.31366870293720717 111
0.2888935320013685 0.2799122231571651 111
0.2918236168522344 0.27453723166228955 111
0.29159403529619304 0.2876246977879094 111
0.2962627716386538 0.28442690224039774 111
0.29330699967733453 0.28960795792377597 111
0.28707094359244845 0.28415882833602735 111
0.2937300386198334 0.3027212896076897 111
0.2932127292279135 0.2998468055676074 111
0.29164465166428527 0.29759458759509316 111
0.2945212759408932 0.2690627996356169 111
0.2968879343243621 0.3085890626834399 111
0.29603314233239314 0.2888698569844171 111
0.296725271062203 0.29572329660212976 111
0.296259450672528 0.2809117361730167 111
0.291878166948976 0.27759828543732235 111
0.2967993293286627 0.2975716045358261 111
