training...
0.30459529507728256 0.2699084402181816 99
0.3040663909622039 0.24228134183664998 99
0.33881634420937234 0.2848692895954849 99
0.3259486279130578 0.24525885708560619 99
0.3452495697558881 0.2870362466954033 99
0.3619565197526947 0.3333984880186457 99
0.36688727721142433 0.33598614809043603 99
0.3739437305197185 0.30809377826204043 99
0.3963831443190842 0.4020907775618063 99
0.40005676011167624 0.36507421868505907 99
0.39699623735115874 0.35392292173597584 99
0.3990215965185625 0.3706167030507529 99
0.4091757365931699 0.37166249636066606 99
0.4059295820130929 0.37969160860050033 99
0.40759698818283346 0.3816157061050268 99
0.4121579859710689 0.38743120250601804 99
0.4083805278293478 0.35436682056288454 99
0.4258407965179191 0.40567692721584164 99
0.4209099406662613 0.38100470389312996 99
0.41921227128464855 0.3465631818376817 99
0.4246276435293224 0.39372156930580676 99
0.41892655107408705 0.3879478329404094 99
0.4269770621354472 0.40244549651528866 99
0.42400583137522213 0.3851823001980027 99
0.42341931394758225 0.37754140384298696 99
0.43326271670872524 0.3799559497895513 99
0.42779058030306677 0.36700915735041634 99
0.41242179087188485 0.3846854187574916 99
0.4216146088102335 0.40341318411968125 99
0.42109806462131993 0.37614369883965754 99
0.4219834136554497 0.3493219973226441 99
0.4312698494711941 0.34525622005295376 99
0.42882470791660315 0.37866032335596134 99
0.4346152823154295 0.3971393185474347 99
0.4226137732188624 0.33992847661357656 99
0.4275096382157482 0.38195197898160455 99
0.4457388663101443 0.4013681816187389 99
0.4297156033574785 0.3520355441676698 99
0.4399147388853812 0.35088902604309635 99
0.4276186232474975 0.38111724515858975 99
