training...
0.2299438969220886 0.13583879413540004 97
0.2631274755580645 0.20288376649331377 97
0.26969352918866146 0.20168198220122768 97
0.29471481716606934 0.25239005409115195 97
0.3239293400515473 0.3102160280459821 97
0.3298549054713209 0.32376907856104176 97
0.33916498834464415 0.3519708967989781 97
0.33846767827530616 0.32862514611757904 97
0.37304362331997526 0.3610885173984531 97
0.36336029695933825 0.35649230874947263 97
0.36803684308500045 0.3366008111026015 97
0.37477131750921405 0.39638785305575575 97
0.38957241027169554 0.38330398747219974 97
0.3895283838235131 0.36512881740101394 97
0.37733378900861125 0.3326995825229006 97
0.3857234040902887 0.3450160903287011 97
0.39574435081253084 0.3748293236145284 97
0.391908115249165 0.3572971843747493 97
0.38616566868542324 0.37002617423104767 97
0.39760603820373064 0.3630103464080821 97
0.40769419449098193 0.3988153131481021 97
0.3836826830845336 0.35529413682682476 97
0.40594854995632335 0.3888303033877103 97
0.39847227633308213 0.40641257780633966 97
0.3990997136679041 0.3732180521312563 97
0.3908540482518149 0.3474398149849934 97
0.3947967128138214 0.37612035406196104 97
0.3909772963128663 0.39014877026979705 97
0.3882229258447564 0.3495216694069281 97
0.39324620602721466 0.364776812550692 97
0.39780968506664866 0.35965209842485324 97
0.38563187705854596 0.37630165565521406 97
0.3859535380017188 0.3474334393617481 97
0.39756757391542596 0.38749233121956833 97
0.40999517679787617 0.36498349417506976 97
0.38720073597277793 0.3624098434023762 97
0.3985745149714382 0.3604184454072249 97
0.3855112768302786 0.34328103723217807 97
0.3843995689005902 0.3396048497516162 97
0.37763778479477966 0.35222519780831013 97
