training...
0.08462924072293405 0.03217938327077659 111
0.12729476338031706 0.08549168167377753 111
0.15159169852424456 0.10869969790847486 111
0.1845409750123745 0.14972894477384385 111
0.19840252176563053 0.15938527492484741 111
0.21303832500310985 0.183247879737734 111
0.21368031848746097 0.1839480117703675 111
0.21951438217584407 0.20002421734827588 111
0.23021527662098526 0.2093059168759166 111
0.23845725643503146 0.24018297131471877 111
0.2417067144176225 0.24158143606695595 111
0.24447393991860372 0.24180989124170166 111
0.24454035119576778 0.23896740964336768 111
0.25352822803983416 0.24557083099682583 111
0.2540805072483077 0.28014703960356907 111
0.2523488903563027 0.23530690900031997 111
0.26008497814476284 0.26343356298868936 111
0.25621966273420205 0.25357334947010934 111
0.25788575401403513 0.26502007161553864 111
0.2610689537122682 0.26421760951416545 111
0.26672586125131864 0.2818717724811161 111
0.26782778420298275 0.2653063458999077 111
0.2733989538125 0.3013021810667786 111
0.2691015226376118 0.2838632969042305 111
0.27502759118434084 0.27821415302573654 111
0.2713647480146279 0.27745168204576265 111
0.27198382693892464 0.26756390611556197 111
0.27837778320633194 0.28908089609124044 111
0.28061331386499094 0.2999735837993875 111
0.2789440725230828 0.2989085717231704 111
0.27576814918413456 0.2795717072085737 111
0.28193900053695553 0.2973051009156843 111
0.27993728742679386 0.2917922210389789 111
0.2762820319200074 0.28519215379870905 111
0.2813999277692253 0.2918113104752075 111
0.2782971851889225 0.25685141509312726 111
0.28468896368445923 0.29332446777664667 111
0.28055158054317453 0.3132938800791873 111
0.27989272907513035 0.276730213262529 111
0.28708223225308066 0.30373086108267217 111
0.28171949826816334 0.29004186424283906 111
0.28659876923999666 0.27284236720671723 111
0.2893202970009314 0.32003986364331277 111
0.285996922512414 0.30297081575717544 111
0.28797540900354296 0.3032960226478288 111
0.2911232259147066 0.2878056808310365 111
0.28715890575473985 0.3100803285865475 111
0.28600787247552056 0.2764158821785028 111
0.2856668215170119 0.27780298383644003 111
0.28795164017745534 0.2755483629869918 111
0.28304938220539044 0.26541856729713514 111
0.29272603959805993 0.3002219063419946 111
0.2907357099123462 0.2774561716886382 111
0.290163449699374 0.2994298888625993 111
0.28441319711305396 0.29928640681225854 111
0.29118986180452594 0.3010599594189455 111
0.2876650726685355 0.2801988447277459 111
0.28985817525083835 0.29049460182509335 111
0.29689442115305886 0.2812479828141413 111
0.2941410399728794 0.31077804852145535 111
0.2957028453745988 0.3087100797810053 111
0.2899908154888815 0.27604289512396823 111
0.29514696478887004 0.2923903212511281 111
0.29313702898955274 0.31035994352340496 111
0.2945402605825183 0.3096404289195203 111
0.2955103531203154 0.3021868821153255 111
0.29232454319841855 0.3140835995308463 111
0.28950994110738026 0.28772355534023974 111
0.29277174091959574 0.2977097502620903 111
0.2920191794817755 0.29467258835082055 111
0.29506909609329446 0.2930216284644912 111
0.28707521974220385 0.28965801892239307 111
0.29359391187649686 0.3040681651133575 111
0.2958270372850246 0.3078235045785217 111
0.29972810439329345 0.3087825441241326 111
0.29114793129470057 0.2864132035366804 111
0.29582736784291236 0.28816567210105 111
0.29404349538051455 0.3114268255886357 111
0.298303545198769 0.3159475504295978 111
0.29741259872482206 0.3038868615759595 111
0.297653521161656 0.3029418417284103 111
0.2884361580028898 0.29259143695076334 111
0.28933055897647486 0.2711286838235167 111
0.2922181810322371 0.2989696391102288 111
0.29965310592942074 0.30500462483142726 111
0.2942946113409219 0.28382388631305694 111
0.2978863451234405 0.30171823687032195 111
0.294045053976468 0.2964374759400118 111
0.2959837379559202 0.3073228397758973 111
0.2936534765237545 0.29396088753805494 111
0.2932871876226556 0.2781889471206596 111
0.2951286037119144 0.31045527392268785 111
0.29681789973552813 0.3003806030093895 111
0.29351292175376276 0.28942776715950735 111
0.294079882821261 0.28902448916579 111
0.3007298019533155 0.3131338146827976 111
0.29795964540263453 0.2972405966481836 111
0.30278218447038335 0.32108857667811874 111
0.2969017336766915 0.3156745704709908 111
0.30167133486852626 0.2858524693104095 111
