training...
0.2813996021010277 0.21198510951018876 99
0.2815417838706355 0.19968266011767286 99
0.2838309573352411 0.22382518379641936 99
0.2904201214780248 0.21415077927120482 99
0.3092615246085302 0.2171726473259926 99
0.3114489785661271 0.24404327337755155 99
0.3267561430931023 0.2634913598110582 99
0.3376567363690751 0.2635717528607502 99
0.34491641472225415 0.3039913958945292 99
0.35679073708109604 0.3031390690083635 99
0.36634451392376516 0.3214138735282219 99
0.3693559930970138 0.3260444524306824 99
0.38291701932501176 0.3745689889800474 99
0.3806834210881833 0.35686363654758957 99
0.3884418562829154 0.388451793614503 99
0.3872883171265157 0.3859493998346653 99
0.38779004557852836 0.3492887297072333 99
0.39457506699261885 0.36426595686209073 99
0.3939530214313563 0.33363973274270403 99
0.3983044419824624 0.3440713353678721 99
0.3887495492657266 0.30938865011969297 99
0.39779457362924414 0.3296526546448434 99
0.39836385592539925 0.33985617770808857 99
0.40056319263962925 0.3404947812716965 99
0.3978695115663578 0.3961775390743352 99
0.4032889525097853 0.3415735437382691 99
0.4009718888178558 0.35463662831200965 99
0.3991251186690954 0.33002492964029323 99
0.4069076583380245 0.39053953397677377 99
0.3960813790569658 0.3607219684866603 99
0.40952492844340865 0.38518244351604136 99
0.4006291188576843 0.3716967929928188 99
0.4078323083646028 0.36869673185381513 99
0.41529535145682284 0.3915360968075315 99
0.4138285485355168 0.40117891690711205 99
0.41138469514373854 0.37689617349169907 99
0.41215576603636855 0.37761815456083375 99
0.40500572387814543 0.34815742237531305 99
0.41490153172944816 0.3610952975010802 99
0.41085850773301924 0.40457280340619783 99
