training...
0.061375222973124775 0.013974307766064687 111
0.06607843127920937 0.02046243736618147 111
0.09704463584429553 0.04415217992893695 111
0.08726849498661156 0.03959330506931719 111
0.11683794329915866 0.05345056548914286 111
0.13631181418460364 0.07569409032343309 111
0.1372069014541691 0.0934851619499966 111
0.16841268845304702 0.1296738471495107 111
0.19061942952797703 0.1313274762539792 111
0.1991373557433291 0.1710088800965597 111
0.21091780682518246 0.1760180564290937 111
0.21016813002508009 0.17014584667459462 111
0.21263122709283314 0.17244574448451408 111
0.21811061670094584 0.16834634147021513 111
0.2198079476379615 0.18054890040384125 111
0.2295282700991627 0.19197740005846126 111
0.23196325140477303 0.17874166322299714 111
0.232942622638236 0.19598564504377722 111
0.23135542174121093 0.20539937752938867 111
0.2379970441041689 0.206254367650581 111
0.23789218733020984 0.21106203860189937 111
0.2441135617698968 0.21810954567368238 111
0.24232475539773904 0.22950208321681584 111
0.23949752057944299 0.23215935061049292 111
0.24548007594587423 0.23888399199652674 111
0.2360592376469431 0.20641373516958875 111
0.23845889102237788 0.2031214999858691 111
0.2525831936703524 0.233952626081278 111
0.24950276801209675 0.24393695742010377 111
0.24828848882062027 0.22282052351175685 111
0.2484213552208991 0.24601803253474394 111
0.2577419156034832 0.24203255077779356 111
0.2533437498947197 0.25738933479184645 111
0.2571568091883998 0.2487212784774814 111
0.26051825050986305 0.2432751669732371 111
0.2599719710079508 0.26510001681535034 111
0.2588868230427919 0.26223972223966063 111
0.2567445559645229 0.27379143978745385 111
0.2561892558798557 0.2423572468301986 111
0.25706373407632394 0.27063656027813576 111
0.25844982403240696 0.2656314086540298 111
0.2634308001593355 0.27169009255527654 111
0.26252105965645844 0.2746588576406989 111
0.2637107415235158 0.26511055684973 111
0.26268740479297903 0.27506406662590455 111
0.26913584402077084 0.2878228487657468 111
0.2656726618153831 0.2511913393693948 111
0.2653539967561688 0.27769415749345944 111
0.26105125813966296 0.2533656433829331 111
0.2727852489232095 0.28953062622933706 111
0.2589485801184562 0.24339911007969028 111
0.2738065320783376 0.27527842539007125 111
0.26723716227318695 0.2749567981260294 111
0.2682806576270886 0.2789113369302461 111
0.26460003101720014 0.2590467795580442 111
0.2748245699318765 0.284823762226725 111
0.27213520281535925 0.26088791815646223 111
0.26820108740685583 0.2711116532116322 111
0.2711990064435038 0.2716051922064439 111
0.2669861140843008 0.26774257079170855 111
0.2667117612580389 0.26134848887808193 111
0.27224129267284813 0.2908916016153891 111
0.2674723887691707 0.26347769831488277 111
0.2668567045980096 0.25914652155292783 111
0.2708242662918026 0.24452670953541703 111
0.2766307247704887 0.28827311577863735 111
0.2728932435710356 0.2565684004869736 111
0.26567988149003086 0.2671488353601707 111
0.2709966710370424 0.25348543702897164 111
0.2698408927893406 0.2650324028614413 111
0.27002934962970054 0.24542454409430128 111
0.2722837531551577 0.255195585204251 111
0.26888566057201924 0.2741957665989346 111
0.2756248660193915 0.264031049693403 111
0.27323861590981996 0.2646317646400618 111
0.2706033552091997 0.22799663355732325 111
0.2705696109184458 0.25321410348576434 111
0.2716723568376092 0.252447301661821 111
0.27202969823411155 0.2695237610921683 111
0.2732589789926629 0.27415659352990224 111
0.27315017596747754 0.26222447565910145 111
0.2698805577312155 0.28139940754512976 111
0.2729983945901203 0.26206218470087134 111
0.274872266909472 0.2589543859168609 111
0.2740582790102854 0.23734585986765597 111
0.2749181203550424 0.24043546865347085 111
0.27113104093750756 0.243920812205853 111
0.27334107889339443 0.22590396499164578 111
0.27235148099179957 0.24330457458174226 111
0.2779907839262128 0.235579210397405 111
0.2726948139137717 0.24762137991533528 111
0.2748540960145476 0.23832471592317386 111
0.2718124174704448 0.23498932258686492 111
0.2780813788111264 0.29273663834077673 111
0.271977163731954 0.25691701726275434 111
0.27593863996277757 0.26561860079038324 111
0.2738422297975054 0.22807821627889718 111
0.2742371038662146 0.2501410605507974 111
0.2768813385313589 0.2745346995367727 111
0.2757506862491268 0.2659611554237198 111
