training...
0.27097086119909847 0.2229648071100035 99
0.2814110217985066 0.20370335910712895 99
0.296286206239381 0.23415591311829806 99
0.31321490573009647 0.2601058350282849 99
0.3203767764959796 0.25748018635887904 99
0.33266160279877666 0.30050702463955087 99
0.3451464196344667 0.3198955108156638 99
0.35212779228816743 0.3550519344193164 99
0.369949349486289 0.36319597610423343 99
0.3752625613439398 0.3369216155233629 99
0.38002243215982207 0.35197402370255065 99
0.3793774699776034 0.3573246241880832 99
0.3882846742795725 0.37682451823204677 99
0.38596511780399706 0.36133686785735614 99
0.3979340422730879 0.3738254523417617 99
0.393509135576492 0.360685674011527 99
0.4000424206455217 0.3935778275004974 99
0.395580015609568 0.3616399290831075 99
0.3951732444224607 0.3333689823621156 99
0.39208114002526695 0.3301969791629337 99
0.4026121029044776 0.41222518141937065 99
0.40773462951171974 0.3606857727295451 99
0.4015580851309874 0.33379580444563045 99
0.4110196472532104 0.3925003682320385 99
0.40572431052283586 0.34626890835830126 99
0.41204397295955125 0.3780948749748259 99
0.4054994323785611 0.3324073637779571 99
0.4095540740566383 0.37711825995343184 99
0.4073100519405954 0.3800044689763995 99
0.40803040737711915 0.3723679942705135 99
0.40932083981652995 0.3744908845001996 99
0.41531819899677425 0.36595508445002145 99
0.413916681424764 0.353644417386678 99
0.4115956246364179 0.3813757233208266 99
0.40757269596973517 0.34173241784991815 99
0.41674276372367836 0.3834939325771014 99
0.4076897194270808 0.3498037060303731 99
0.4164458605620515 0.38789808387143143 99
0.4083102598696338 0.35784600861266413 99
0.4090538438823562 0.35622895775040114 99
