training...
0.22113038613400957 0.11406156997350292 96
0.2506607437045337 0.17047770803598442 96
0.27894381143557134 0.17034188942466363 96
0.28297518244461 0.17404188261672415 96
0.30194610551326345 0.1916133788943002 96
0.31561814578222497 0.22236887521980142 96
0.326147428641887 0.2455101983893946 96
0.34433738145192905 0.2625278713535408 96
0.35935668242976665 0.30250895066573835 96
0.36120368203142705 0.2829729333966421 96
0.37523183983891695 0.3172299948441589 96
0.37593861804311457 0.3238366665207404 96
0.3767812916092674 0.3091783364733059 96
0.3870387023983071 0.29986444603263707 96
0.3977891923027503 0.3622847636359833 96
0.395912483310759 0.3960624442716113 96
0.39970329265218857 0.3835304614745514 96
0.3984691141114458 0.3943765699442832 96
0.39466148905528714 0.3751905073093744 96
0.40445931870355434 0.3814042133984055 96
0.4082446807415483 0.37307801443237776 96
0.41703157309836286 0.3845353633965393 96
0.4095643241063199 0.41875143596402065 96
0.4167873996388973 0.4071008795447768 96
0.4125492243006923 0.3873445862851842 96
0.42049364191322675 0.3983786474452653 96
0.4144623056143894 0.37923474230647636 96
0.42688679049597145 0.42366614851004003 96
0.42567790436045155 0.4212460600902374 96
0.4138579680349246 0.3673806473659631 96
0.4357174921316351 0.4108492634530657 96
0.4191224753643675 0.381273506114986 96
0.43172428490006626 0.4327714186677458 96
0.43857323797860664 0.40723009876481775 96
0.42777365744005347 0.4040630212287685 96
0.42861721517040213 0.43111371510686136 96
0.4420583317162652 0.4203078171674704 96
0.437080694985221 0.42637288937711465 96
0.42424938213259694 0.39151148500167304 96
0.43508856743488106 0.4197417910157574 96
