training...
0.3053561168097403 0.2533892008674732 99
0.3328867872813456 0.2901235271802449 99
0.35751204643829293 0.287716283569744 99
0.3629101979231838 0.3211395794495528 99
0.3714339553052751 0.34091862458693983 99
0.3878518913763191 0.33259211931313837 99
0.3914434736268078 0.3330484098017427 99
0.39907849741614404 0.3562121846650385 99
0.40407935330514844 0.3779702960783131 99
0.4046717026801291 0.341189257899822 99
0.4057900659517427 0.35203170386523447 99
0.40794783450813554 0.3672648789914443 99
0.41914812958562914 0.3731449371772583 99
0.42570481569931234 0.3828864237781722 99
0.4270948675275721 0.3708995103006105 99
0.4277612441687921 0.37382010466011284 99
0.42948862213665684 0.37813598527427555 99
0.4318304879983914 0.3960883480194633 99
0.42896498779957704 0.36323612980367065 99
0.43463767891629984 0.41497206475933107 99
0.4509771719784088 0.42758118552232793 99
0.43912017284867827 0.4249139686070331 99
0.4403906495393225 0.41893578388320435 99
0.43998539696146627 0.38509169243583313 99
0.4410772938935125 0.40970650226468874 99
0.4626614565606453 0.4322535569098719 99
0.4435350164578658 0.377163376544265 99
0.4506310190129347 0.4162579950509966 99
0.44595709625834384 0.3932107357824633 99
0.4516633591660328 0.42038408488613704 99
0.44825137837248785 0.4046741704073458 99
0.4445845817989087 0.41580436642453955 99
0.44366082213006963 0.4060161041592977 99
0.45128867556270114 0.4183616024310048 99
0.44284794560048685 0.3999410524452952 99
0.44913556610836597 0.39960367567388144 99
0.4446317823666993 0.42797058138134486 99
0.4434870855281955 0.3570028849614668 99
0.45087318819870825 0.39894975548777856 99
0.4564291873290491 0.40756253628838107 99
