training...
0.2469929724855598 0.18326528456180619 97
0.28161197800954474 0.23930364161351808 97
0.29575832315297046 0.24829580667747872 97
0.31541475984524814 0.2962840250954143 97
0.33141545677704654 0.30436318813983104 97
0.32540951747711905 0.28362129780306206 97
0.3447797845575457 0.31117311266147646 97
0.35284406845669 0.3339444321927903 97
0.36244473676526556 0.3480849669698989 97
0.35961743556809866 0.3652052635114912 97
0.36293915032218715 0.34026994522285126 97
0.3709661877958307 0.3287878623195494 97
0.36959594247462196 0.33983505148106696 97
0.38036127137646886 0.34147030605009243 97
0.3727031640753083 0.3333041237231896 97
0.36541124500797395 0.28919196963245486 97
0.3696886604736547 0.32156373490753487 97
0.38175168449140395 0.3460987804984026 97
0.37690209362560595 0.34584230048145326 97
0.3668806921719557 0.3275342424214527 97
0.38578261802266556 0.3543543628836579 97
0.37206610029932335 0.31142806576898024 97
0.38534037726105974 0.32863826361443993 97
0.37564135189828335 0.32137330085825905 97
0.3917653381114595 0.34412425836157134 97
0.3859746815689764 0.32377983534359 97
0.38452952293915094 0.3186454182658676 97
0.38455277372002106 0.348111658926356 97
0.37705233813060046 0.35210632410205045 97
0.3858967404060014 0.35011667272432745 97
0.39617724710551483 0.35293606854123183 97
0.3872032191053585 0.34225836625820677 97
0.3934182074515865 0.32271327639877323 97
0.3949670873887389 0.3602210211851631 97
0.3903301340418361 0.3502409600784118 97
0.39574648645429206 0.35461969685333444 97
0.3968940570523313 0.38597737594394815 97
0.38479290499996965 0.3413104569409329 97
0.3886021107482733 0.32304814729257936 97
0.3909954781262714 0.38262604553907364 97
