training...
0.2478976195852742 0.16273089252039005 97
0.2695970646731127 0.19879994476648624 97
0.28860304561495986 0.2640816547127681 97
0.3085606646797757 0.29338303138500627 97
0.3390713934452 0.3660305882551694 97
0.33749472325585855 0.3477248248245308 97
0.354752338957925 0.3345346254534779 97
0.3586905635791586 0.36899841023035934 97
0.36967487826766543 0.3434528129031356 97
0.3604038631462582 0.36652610090618604 97
0.363791462022314 0.36404134807966987 97
0.3749083516906192 0.3710449413428575 97
0.3777814317314992 0.35577372498469306 97
0.37082931717320533 0.3922661302401026 97
0.37608901689971524 0.3571926743843959 97
0.38731018025837555 0.3538968519962732 97
0.3707110767765186 0.3632073780982991 97
0.3788656692782496 0.3622726876395907 97
0.3748924169665957 0.3472950882738182 97
0.3783729288993924 0.3672986230125524 97
0.3802189340740997 0.33185284552395605 97
0.38731481816793417 0.36703451333882287 97
0.37479909638240827 0.3025452524663884 97
0.37892373809276997 0.334599064379855 97
0.39067405281977285 0.3463421722810287 97
0.38023209208961367 0.3322857091515987 97
0.3868745091201061 0.2970324188719768 97
0.3814050577592184 0.3289452850345931 97
0.3802070153066479 0.3203854811493166 97
0.37166053221353795 0.31550006397606195 97
0.37447018696348594 0.3018872324755642 97
0.3816994133617945 0.3717051549797179 97
0.37670330001569735 0.30873148598298555 97
0.3735008664514111 0.33648251528662787 97
0.3792857855987629 0.31323406080889893 97
0.3770949464830266 0.35664156804015656 97
0.3871231909944102 0.3839281916933234 97
0.3749048293718113 0.31962461330882863 97
0.37801899151414864 0.31976479229039984 97
0.3684851706893483 0.3018871486254591 97
