training...
0.17027255401484298 0.12439029081366777 111
0.22396678808827908 0.1856241772224438 111
0.2521013663245667 0.22570006863909267 111
0.2656547181159811 0.27054781919974663 111
0.2700158705321365 0.25330606882789797 111
0.27296361842344624 0.26868996712131044 111
0.27507794480703646 0.26173180400618584 111
0.2861470469216381 0.27190158860289054 111
0.27246737047683434 0.2532863806319595 111
0.28661263920238395 0.27939401203832204 111
0.28884775371049237 0.2934031785892925 111
0.2865114443394707 0.2737134481718538 111
0.3011019056668592 0.311797027370793 111
0.3001896729920633 0.3034444506385262 111
0.29899669140641166 0.2819184154779814 111
0.2919383136761181 0.29327979227909734 111
0.2859407654660186 0.278165936302835 111
0.30010850113688825 0.3024703567182646 111
0.3004506015334572 0.2963172810924054 111
0.2991567980533634 0.3012654722280872 111
