training...
0.06226691072565028 0.012333746173359866 111
0.08062205493930391 0.030632142678346398 111
0.09735260840260168 0.05019235671850657 111
0.10414233387191074 0.05750381615864174 111
0.08165206839480654 0.029282390256645835 111
0.08427261609202871 0.02804519881589482 111
0.08439015942369009 0.03996237349467493 111
0.08335926396465494 0.03768995901649472 111
0.11168505700095618 0.05937543449510765 111
0.11956279680027358 0.07948117699498176 111
0.13877578321206765 0.09649383442642405 111
0.11683612220964713 0.07142556807419027 111
0.1146551973119602 0.06611211750871783 111
0.12759152782646999 0.09122889588534905 111
