training...
0.07744894837573259 0.02353689169240917 111
0.13335180472492475 0.07736071426704276 111
0.14561758815680378 0.10356877302092757 111
0.171123547434869 0.1259313193271133 111
0.20378523217375832 0.17245654317384188 111
0.21253931139619223 0.19198246223885243 111
0.21025928591324172 0.1994305453469043 111
0.22653992488592817 0.2047929542308504 111
0.22777685305089748 0.2046867367828171 111
0.23755399820196646 0.22158896384006221 111
0.23776817728784805 0.20873763243674034 111
0.24137707075573958 0.22442520651034853 111
0.241270685501345 0.24052392326969357 111
0.24215377124659504 0.23901042524730745 111
0.25112043627840447 0.2542784128721407 111
0.24943551932995947 0.23159321072078404 111
0.25735181643643334 0.25299443701182445 111
0.2593241609245651 0.2432825961273608 111
0.26212899528539413 0.2515852791350511 111
0.2619839790466458 0.2501523866063189 111
0.2647213065046697 0.2667983063974504 111
0.26875733629133897 0.2760171051582524 111
0.2680818483918696 0.25596184270538813 111
0.2696447009883248 0.27028332678471795 111
0.2706720911820016 0.2701309546210932 111
0.26844213551657603 0.26321063132517597 111
0.27157926717373254 0.26103749497878354 111
0.27173926733935266 0.2685420353602587 111
0.2776402543493044 0.27159315985850574 111
0.2711414541081188 0.2626028012900089 111
0.27758632022229013 0.2692181374165489 111
0.2854970759220298 0.27269069790713124 111
0.27143171028279856 0.27922646444146515 111
0.2743005870606116 0.2641359362086084 111
0.2837975030827727 0.2924031767874284 111
0.2811657988625889 0.26277375604293995 111
0.27802724299013604 0.25772691037936013 111
0.2831313405270752 0.28397432966442443 111
0.2845480467195917 0.2751916013053659 111
0.2801066469888582 0.27833718046427464 111
0.2801474398267144 0.29496457584887614 111
0.2811695644659665 0.28978204690420084 111
0.28313685395685184 0.28424665911063807 111
0.2809198448890417 0.276681763720429 111
0.2818915805427195 0.2774507606047622 111
0.28494774953489715 0.2908434083227605 111
0.28281134343457803 0.2701587377116251 111
0.28068849468891727 0.25866240883566877 111
0.2849745684157524 0.27937085745941304 111
0.28591391205296096 0.2782811869384083 111
0.2905347547598338 0.2756518087798375 111
0.2880153843561351 0.2866325615981076 111
0.2880070537790514 0.281778014128752 111
0.28745092797957555 0.28687050274539916 111
0.2849903294656733 0.3013258216488813 111
0.28545441110089986 0.2664572025162286 111
0.28750454208514525 0.27268403373874267 111
0.28952763311966023 0.2856761687934074 111
0.28498301865158226 0.27107688521200624 111
0.28306261918832926 0.27387909151919926 111
0.28143416820403444 0.27418954851155014 111
0.28403962719997733 0.2788290781648698 111
0.2902235998459673 0.28302624587500824 111
0.2831907328519549 0.27855249747767136 111
0.28420547645439315 0.26543446871618576 111
0.29343588256324693 0.2850402508739904 111
0.2895227482977005 0.2803971601783838 111
0.2856563060019747 0.2507174050884564 111
0.2887613183432732 0.26895084252353607 111
0.2886179406569193 0.282190574260483 111
0.2867360821005444 0.2649321115639237 111
0.28590556056279615 0.2810581657943669 111
0.28844505374262036 0.2734490763200108 111
0.2817967849685288 0.2630472880401519 111
0.2900766513943757 0.27532008730744506 111
0.2876653750065582 0.27392638932887625 111
0.28748636280004053 0.2642583293347557 111
0.2871816178095959 0.270366904386371 111
0.2899691535987011 0.27579231385844527 111
0.2890482697895031 0.26550242715464883 111
0.2855785707253718 0.26229617843616965 111
0.2823260494983871 0.27157588219662326 111
0.2865826003377317 0.2784219910639883 111
0.28322677928168755 0.24164136614746717 111
0.28891757035801213 0.2747155464838671 111
0.28822514752637274 0.27606887094449567 111
0.2819920644633901 0.2562289246457122 111
0.2885722058378593 0.29385015892130717 111
0.28688427088836715 0.2805289812545531 111
0.2933258825577561 0.27855991633922356 111
0.2898762635911489 0.2882740768715579 111
0.28934074885335337 0.28388981960058723 111
0.2851779056147033 0.2623934907261406 111
0.2861790371882974 0.2549344053081642 111
0.288685292674828 0.2580699078130549 111
0.286242560333066 0.2636121606264202 111
0.28670391758939856 0.26843699831713697 111
0.2867435972170427 0.25560701250584117 111
0.28689027109548654 0.2595856574489137 111
0.2874994132826555 0.24771292816336518 111
