training...
0.06807799742093028 0.020242136595468932 111
0.07502727264306722 0.023004094672468854 111
0.09002274492772701 0.030693220505568473 111
0.10717036341269902 0.0502975692793921 111
0.14212310689906418 0.09316813553253657 111
0.15162131539693072 0.10113512242485946 111
0.1590683529684421 0.11676233185397258 111
0.19300571923998294 0.1620052489943165 111
0.20400031052035522 0.1637399930180385 111
0.2101625065435041 0.17397242930722404 111
0.2184349725533417 0.17983502950455185 111
0.21586212833968116 0.18437894884425932 111
0.2217274951220776 0.1884913433066623 111
0.22547866605430905 0.18218283204418984 111
0.22700074653502617 0.20303234835463152 111
0.2377764583562392 0.2069417110363188 111
0.23393959254215935 0.20308402199955397 111
0.23989525784841279 0.20935570212929605 111
0.2379238082060516 0.20268220832392114 111
0.23768568565681583 0.20616370989755742 111
0.24543855336020778 0.22791248352060886 111
0.24899650287468691 0.2236808671955301 111
0.24413762227568972 0.21714833411974746 111
0.25116444103279545 0.22449927101874165 111
0.24716811213528336 0.2102385639750519 111
0.24862004986023245 0.2167170041774488 111
0.2562067034268168 0.23751079775311165 111
0.25315660821512326 0.23702793144385884 111
0.2565973465472077 0.25550988138585434 111
0.25235421647033085 0.23452876280007195 111
0.25556284676127966 0.23780515470134916 111
0.2618710410236587 0.23966040942595104 111
0.25820299945857433 0.24087146549659116 111
0.2589682551436193 0.23702811431987617 111
0.2644224070732453 0.24815964020094192 111
0.2602727669228048 0.2320794266338446 111
0.2633468317386473 0.24834532977960164 111
0.26717811740233177 0.2504297639117522 111
0.26523010554678267 0.2558150847312528 111
0.2660583651363771 0.23345638599449278 111
0.2637712424548917 0.24204309735116927 111
0.26499915947078617 0.267978556376565 111
0.26657564570708736 0.2581982485413195 111
0.2670057653814746 0.2587695137207515 111
0.2591863404929379 0.25407347277860565 111
0.26614787470357343 0.256127125848082 111
0.26885509180363865 0.24571684866994353 111
0.2680488748473963 0.24954695700753007 111
0.26159020968253144 0.23562174179883058 111
0.26815512728217755 0.2473769459265076 111
0.2691665881109479 0.2702932482119583 111
0.2706202367965308 0.28724120548782656 111
0.26358976459613276 0.243350962372776 111
0.27113664657575004 0.2539630834071445 111
0.26833791299574206 0.25864823995370384 111
0.2684228399063958 0.25847030661589754 111
0.26757337614057597 0.2575264253855267 111
0.2684154075360491 0.2612809911843212 111
0.2726275754435681 0.267051765725563 111
0.26628302437234735 0.2676943678691415 111
0.26876126587245375 0.2655466165834397 111
0.2709757091180332 0.2744439911195867 111
0.27625072163561204 0.26500180936241907 111
0.26964926372722 0.25643525870636685 111
0.2698019982103303 0.2404854885343862 111
0.2733732975618458 0.2660206210824199 111
0.2810454507003273 0.2743278752725645 111
0.2715774116938871 0.2598208464529813 111
0.27620958659747435 0.2747667878277838 111
0.2746063320828129 0.26620778931362726 111
0.27623382656170536 0.2537405915691705 111
0.2679197666922947 0.2616343487441096 111
0.26893976782503004 0.26932756469065344 111
0.27279216187807354 0.26389181975674575 111
0.2723630735059753 0.25756755103903245 111
0.2680437382294062 0.28898747612205844 111
0.2665940894342457 0.25595268279742395 111
0.2700526987807768 0.24545485251436455 111
0.27731850242718 0.2550497684952944 111
0.27523068553186114 0.28461229462552234 111
0.26953398815930646 0.24748301654792976 111
0.2694382504258419 0.2599350699005605 111
0.2744403725228022 0.23344190609965348 111
0.2788272832329654 0.26781961919294667 111
0.27221610131235724 0.26826527700802294 111
0.27623259198775163 0.28759495059857043 111
0.2754793897710575 0.25940825778085513 111
0.2772057979850054 0.2816781185066201 111
0.2748135507692583 0.27974974145666737 111
0.2735997789962885 0.28249358822177256 111
0.27791025937795616 0.27124503364901864 111
0.27463165601648304 0.27862267586377604 111
0.27183645995378963 0.26588930540914624 111
0.27315519778462855 0.25348341817000786 111
0.27066183102541264 0.2644116516831949 111
0.2776486937395538 0.2677987867515162 111
0.27145853176564416 0.25231017366997543 111
0.2714238835980267 0.24553355947395497 111
0.2706177628511926 0.2570445899890431 111
0.27583216573756203 0.2571610817399165 111
