training...
0.10295039781924768 0.05352074772692117 111
0.16463836184698655 0.11985840729755554 111
0.18599770075446784 0.15771216639930813 111
0.1948801890994801 0.16132726219867496 111
0.2136587348134773 0.18794975901009034 111
0.21833941382808975 0.18932563466777147 111
0.21348044301546024 0.207696100938436 111
0.2331209582036554 0.21764907166637626 111
0.23382335189372574 0.21660260029376494 111
0.24258977768867543 0.2219107986032692 111
0.2422227806620528 0.23093232235513197 111
0.24221586528119646 0.21675157153015026 111
0.24374665403645118 0.2246732963582287 111
0.2550802128469586 0.2426408234120171 111
0.25080905636261697 0.2428181079954406 111
0.2502742640802479 0.22353031994981257 111
0.2518524005287615 0.2397598251730012 111
0.2525088716524366 0.24277154630238876 111
0.25519776317107185 0.2481072105733275 111
0.25971097144338073 0.2556011243270389 111
0.2561788214033704 0.24273407449232978 111
0.2636371430144683 0.27066563137125765 111
0.26060563390769426 0.23261844354202363 111
0.26409410239381104 0.2549264653640725 111
0.2662312073672235 0.2554958578092893 111
0.2633118483920511 0.2534663244950079 111
0.2621108477117968 0.2582606012917796 111
0.2648232384493754 0.2682688863461176 111
0.2680990644781543 0.27838662163966843 111
0.2657987688238943 0.2460567337328299 111
0.26976876328829275 0.2639498677655067 111
0.27141859317584466 0.27775701561522165 111
0.26968942441079347 0.26761130128218674 111
0.269757922725874 0.24176422496582795 111
0.27635894870750716 0.26287555881936453 111
0.27897644225196533 0.2837250979997703 111
0.27812246649373523 0.2756280371970208 111
0.2746162225745778 0.26948124473959134 111
0.27516981120888484 0.268445348694942 111
0.2734630417612438 0.2741983346365898 111
0.27785147215180633 0.27665418577809436 111
0.2748628641993188 0.2753104234211959 111
0.2781830339685771 0.2626533280399756 111
0.2779048377096814 0.26925451327268296 111
0.27584303440564045 0.2698161591468294 111
0.2812713384183209 0.27093551878361427 111
0.2838857547315451 0.2681773667707211 111
0.28000878510182553 0.28199617017086714 111
0.2762548616076685 0.2529902966361472 111
0.27753451169858584 0.26060878573793533 111
0.2777658108365934 0.2662546512698301 111
0.2858569538245709 0.28984215976851097 111
0.2821113411744246 0.2770258711579409 111
0.2814423016758111 0.2737458893731059 111
0.2841821698357572 0.28423002442967843 111
0.2864329223125011 0.29355220171058505 111
0.27944996432738456 0.2558866602178572 111
0.2833714910784813 0.2749287780676469 111
0.28201592073045806 0.2558190515210212 111
0.281361691494627 0.27699352958491325 111
0.2806843831730672 0.268536133317227 111
0.2820162650738721 0.27534852399417037 111
0.2869536739466103 0.2712464452307438 111
0.2822206967723813 0.2782588077517856 111
0.28826077405260164 0.25578308498355695 111
0.2840843028046714 0.2760703433786184 111
0.2854103046307306 0.2783992822364389 111
0.2849480828339288 0.2670739967275138 111
0.29089951008665227 0.2776226942834372 111
0.28955379133148745 0.2911933493727085 111
0.28204655390047784 0.285694191090848 111
0.280567652920457 0.2745287095104222 111
0.28609303130085884 0.27591373446896744 111
0.2883842958145134 0.2573766832033546 111
0.28511055940173136 0.27843175109405777 111
0.2849528739966433 0.27561988331937093 111
0.2897306609310235 0.29122501842218357 111
0.2821750105569544 0.27116620866046703 111
0.288734634077476 0.27370855816212486 111
0.2861502387370707 0.2775645560400914 111
0.2899602139302248 0.3175196789029514 111
0.28833371704191435 0.2867440695400934 111
0.28912422853732656 0.27804668160318574 111
0.29096359588725806 0.30395791841149217 111
0.2883249405680115 0.2783446586845323 111
0.289052640660677 0.29364096950914437 111
0.2871563457029437 0.28982599925404723 111
0.290388829222098 0.2800496424750563 111
0.29168256665207787 0.2975414147127392 111
0.2914627110504893 0.287491589872823 111
0.29318935301317667 0.3023545775031623 111
0.2878024674706619 0.29099227907411623 111
0.2919305327919713 0.29116807251041765 111
0.28834244282250143 0.2798104052608079 111
0.2863387202199484 0.2732422731302019 111
0.29303438617747085 0.3002443372071792 111
0.2878701936471965 0.2740987735294431 111
0.2869229499418193 0.28703092285655446 111
0.297689436474218 0.3034546298981717 111
0.28766775803191025 0.27711076679031676 111
