training...
0.08297649916289242 0.026251556188042417 111
0.12218446170569662 0.0690034637547618 111
0.13756527219731604 0.10205507127485791 111
0.17754752701031737 0.14578468197589614 111
0.2004997609011866 0.17402341190760312 111
0.20847806336838007 0.19215408638996131 111
0.20926605683992103 0.18138809902560102 111
0.21877477850300098 0.19426309700659264 111
0.22537908521716904 0.22167881711739823 111
0.23211480437068338 0.2194257657919933 111
0.24014265892812015 0.23861125090508373 111
0.23857803894701013 0.2323195069099665 111
0.24258247084554568 0.2422357585669135 111
0.24640064269336076 0.2497503934326167 111
0.24786749665833968 0.2501163605452476 111
0.25216306410689227 0.23440509274167087 111
0.25294215206756415 0.24407665758319277 111
0.25662553612899147 0.25432159716029373 111
0.25500127287895014 0.25257045929959626 111
0.2542602838204159 0.2327293095244585 111
0.255635025601353 0.26867289112322135 111
0.2601374623753129 0.25800060092417787 111
0.2553520965304282 0.24661500909153417 111
0.26544558278702673 0.2755214455092164 111
0.2651970677297312 0.255874460098386 111
0.2621991522099874 0.2574155946640251 111
0.27015197420610293 0.2695551843303022 111
0.2679359439856633 0.2710539638803951 111
0.27451726910485197 0.2677283348729209 111
0.2715212322511317 0.2720410923589729 111
0.2699442177307519 0.26819419368766095 111
0.2773079753624063 0.27788335049681334 111
0.2729752782873269 0.2703494354266463 111
0.27323551266942553 0.26107726315879815 111
0.28005704783997426 0.2976008535718645 111
0.2784301111581132 0.2748768722003227 111
0.2819899203574121 0.28032543681673894 111
0.2740717081528441 0.28495293327208265 111
0.2789616977642971 0.27369507840583107 111
0.2798879276077548 0.2756810809413428 111
0.2811218700120116 0.2711756529339983 111
0.2824986904503296 0.2684785510812602 111
0.27346949608453913 0.26078905101696936 111
0.27930127428379126 0.2961523963038206 111
0.2822590900393483 0.2626301967070423 111
0.28741214533117965 0.2773191165881323 111
0.2888843316002035 0.2951447691288832 111
0.2889315571592833 0.2811698156233217 111
0.2839458953382184 0.2864004356111024 111
0.28187068157397493 0.2827866448362237 111
0.2855919151191906 0.2716398408837122 111
0.29262753882245646 0.30467214636012546 111
0.29061914386305693 0.30272944157979925 111
0.2871763216198158 0.26172458516220837 111
0.2888428917424047 0.29341134027410887 111
0.28257875843657126 0.26496995804186835 111
0.2831138038045212 0.2867787436753016 111
0.2900343872011446 0.29658363317048897 111
0.2898685036348833 0.2748414948061931 111
0.2918061072335643 0.2961769621299541 111
0.28682272304070444 0.25744164848802104 111
0.29613876482316176 0.3068300587623034 111
0.2890361340343847 0.30125962775906506 111
0.28884339604539216 0.30122330864170915 111
0.2964526941408249 0.30824634833694403 111
0.29497082058127894 0.2880965841290706 111
0.294405834893873 0.3042595140546758 111
0.28972170269867 0.29073827855651135 111
0.29154776580023534 0.2970530404104685 111
0.29200006069920703 0.293869808797914 111
0.2907874569540093 0.2856030213589443 111
0.29167830787343246 0.27498327179290055 111
0.2935791688438974 0.3067416188826421 111
0.29044686430017347 0.2923105581932301 111
0.29334052134729005 0.3081982597587608 111
0.2925474596803349 0.3091052017426512 111
0.29370144167927487 0.2792429430391206 111
0.2946624143977836 0.2845000235158903 111
0.2961618130149956 0.2892621664449398 111
0.293959781657472 0.30195161967444356 111
0.2956626483081637 0.3074659415086559 111
0.29421166686902006 0.31181886366951245 111
0.29215096352716974 0.3083023893070937 111
0.30323869347825233 0.3076674822245482 111
0.2976561803508796 0.309299806087898 111
0.29561521150898734 0.29504442460780933 111
0.2966479282093109 0.29107654218634116 111
0.29989987171293114 0.2902557059190146 111
0.30185999530981006 0.29027269499735325 111
0.2948205595813539 0.28866308475045643 111
0.29799825838410715 0.27880769723250504 111
0.2988530840574058 0.29818064007140604 111
0.29627123658139404 0.2811135796388294 111
0.298538244988566 0.3210274742477194 111
0.3016866808379758 0.30660415947149083 111
0.2966189063521795 0.2992346247779024 111
0.29074454772153063 0.2817558551688554 111
0.298264376403017 0.31395787284646953 111
0.29561606665017426 0.29583226105877436 111
0.3048571331268664 0.30358377504384737 111
