training...
0.23038234092051413 0.14468021821747207 96
0.24183026803873875 0.1516161099732231 96
0.264822444463147 0.18292910210007576 96
0.2844228997409056 0.16166043824455875 96
0.30657118353563634 0.20946229710324965 96
0.32980154258689026 0.24397468447437456 96
0.3247062645058267 0.24898390428005143 96
0.3425668843829148 0.25685939280149095 96
0.35025151752632655 0.27217320043958415 96
0.3588680340172356 0.30271077928544454 96
0.37267921833467826 0.3047241584552496 96
0.369744094612155 0.29772409477318745 96
0.37592612824684446 0.31535456014266816 96
0.3819330241332087 0.3417366209542726 96
0.38320156576152326 0.36632311146828683 96
0.39003774951579934 0.33089899120552574 96
0.40039940152479286 0.3564875143399017 96
0.3893825607937107 0.3462188893980842 96
0.4005610848797952 0.40429716003828514 96
0.39763419928236926 0.37976174389895445 96
0.3994453952928036 0.3770747892271469 96
0.4118593980347694 0.4019462351659152 96
0.41139762504303606 0.3969748226349068 96
0.4194195087366553 0.3992346928579369 96
0.40561900513627186 0.3671501128721316 96
0.41000799138064203 0.38991345099091845 96
0.41559690767102575 0.4070447476546677 96
0.4156962195346507 0.3982997536086148 96
0.4080309850057917 0.4206913179432512 96
0.4164921596582185 0.44083326834437075 96
0.4059920616730593 0.36739253083683865 96
0.42436323936498815 0.44294720211118355 96
0.4165338532721528 0.42312908530913185 96
0.41098072304211736 0.4290204416097108 96
0.4183577749383152 0.4478184861447082 96
0.42452074750942864 0.4114585915364734 96
0.4255676665818285 0.4176394227180787 96
0.41794577235356467 0.41851757231497067 96
0.4206075541870585 0.38826007346555297 96
0.42001768679501456 0.4189128535466766 96
