training...
0.18019284776075825 0.1385446492351834 111
0.21099175111036542 0.16841231344797067 111
0.24040292076685124 0.2200937084521879 111
0.2612532177525394 0.24724927957400775 111
0.2708826048190951 0.2615306082865662 111
0.2720514729360793 0.2441825991113781 111
0.27351198085775524 0.25278304433986926 111
0.28147470417494297 0.25343715766390906 111
0.27925102819924247 0.2663009525557203 111
0.2839041556954634 0.26862408936404464 111
0.29585641873495166 0.3062586998489888 111
0.2901223209905176 0.28965297633126663 111
0.2979064136826823 0.2817603025603463 111
0.29245374363063137 0.290502637022498 111
0.3004818976055578 0.300632381454249 111
0.28771682667257004 0.2729583038763169 111
0.2950152308051618 0.2845103881635667 111
0.3063777985385715 0.29724958262970225 111
0.30236036810116024 0.28748546272394393 111
0.2982475532094638 0.29366899897523513 111
