training...
0.06714268477092757 0.023629503707134018 111
0.07049019649540045 0.01925811711913109 111
0.09678320800948238 0.04481238407771486 111
0.08662471046371414 0.038091037243400384 111
0.10608467969877736 0.05882616609426899 111
0.13282935885043992 0.07366457351830843 111
0.1527127202093384 0.10274001952356086 111
0.16923124424228167 0.12017943372922915 111
0.19446047796256022 0.1626112868726169 111
0.1968496187634122 0.14968542068716822 111
0.2071316532853894 0.17603507147756448 111
0.21921014748684176 0.19117984462572366 111
0.21691208504599116 0.1895612809014918 111
0.227393462711266 0.20333533619768582 111
0.22773826821353496 0.21787933119070896 111
0.22871889608373813 0.2080500569486073 111
0.23505813899629802 0.2234810158847887 111
0.2273744022346956 0.21493838195499132 111
0.23891256351682336 0.22427216103984676 111
0.23976498000823968 0.225562618172145 111
0.24010547664058193 0.23674396013983037 111
0.24193433503425565 0.24176668371022406 111
0.2512226911157166 0.23795100849372638 111
0.24470873325614448 0.21994117889338163 111
0.24761344691688303 0.21990040640486372 111
0.25198522079355506 0.23308183897501467 111
0.25003148406719927 0.23920723441481842 111
0.2468056734142786 0.2471652678262395 111
0.25199235360824895 0.2345512573355335 111
0.2511199986580023 0.2542349447501654 111
0.2552374839763642 0.2470073129752562 111
0.25674174979308606 0.24625746366637377 111
0.2598656451969084 0.2638311680416661 111
0.25370196635528786 0.25148265869182534 111
0.2623051509028662 0.26606537002788144 111
0.2582990861717723 0.23278206701710352 111
0.2627503793944917 0.27227015605366667 111
0.26452311353094504 0.26951537127002057 111
0.26016379808479195 0.26574169947689696 111
0.26067303770572164 0.2563584318930158 111
0.2608514871936993 0.2530666609253152 111
0.26441659331224787 0.26913556249249465 111
0.26251748532962543 0.24676475003756115 111
0.26725998298814674 0.2563632477869425 111
0.26276468075186016 0.24841534940995155 111
0.2685622184050176 0.2576642664595392 111
0.269877578262878 0.25898620794281263 111
0.26127763399812676 0.22185895291304572 111
0.2646694992059288 0.255146882682376 111
0.2669200854886557 0.26194809167651056 111
0.2653954267139815 0.2364715960126616 111
0.2695905029535446 0.25834356719141294 111
0.2675860852119419 0.25369956389540527 111
0.2670252619220373 0.2450756411283129 111
0.2641478872880279 0.2444599500747971 111
0.27175956878452395 0.27346147508901886 111
0.26555284300371435 0.24260179103123497 111
0.26794540035791287 0.24809516070206247 111
0.2737514313231123 0.258733268702519 111
0.26741502693489433 0.26196322357765445 111
0.274836396643311 0.24729281927341729 111
0.26451133431509743 0.22208018606982521 111
0.27482719966553687 0.2695410907112085 111
0.2733161368432016 0.24361476610513 111
0.27804917363320286 0.2673697915438378 111
0.2753847285124957 0.24448500660433803 111
0.27989736688117073 0.29040030370684894 111
0.26908833177263336 0.26817049585721264 111
0.26876657125332576 0.23579450193309645 111
0.27385410400680676 0.24758503697671824 111
0.27506274963187394 0.26405807948444726 111
0.27108101458372047 0.2713743570867348 111
0.2745692216911328 0.2493650667972417 111
0.272845205916581 0.23956897000809416 111
0.2734518494202376 0.2746766175253624 111
0.27260942230503304 0.2555231564416135 111
0.27419823764784584 0.2829198600946212 111
0.273300028468447 0.2848499375063418 111
0.27156493859423814 0.2713661310549851 111
0.2756031098232006 0.2608149630513431 111
0.27631881532838404 0.2814034201880221 111
0.2681690591459437 0.26182176498817444 111
0.2695273488420627 0.26313611611001936 111
0.27263814636583616 0.2619214471592089 111
0.27820572397398213 0.289678715951788 111
0.2761680458477233 0.2678966292677531 111
0.2775947197231024 0.2836019564395407 111
0.27214075735295656 0.24016692741588402 111
0.2744333901652191 0.2596432142073836 111
0.27435165161669495 0.26037816971165567 111
0.27215472802438606 0.249269509167523 111
0.2770056864163393 0.22085454737179097 111
0.27448542722953034 0.2666274731378017 111
0.2780618618907862 0.2591825950721725 111
0.27947799763249964 0.264115459637218 111
0.28143213251851934 0.2900442826129648 111
0.2795185796073151 0.2580528545101424 111
0.2784248139994264 0.2941173129733791 111
0.2681890949540584 0.23989315603410497 111
0.27565481508067297 0.2491385417751871 111
