training...
0.3050744350992302 0.21519583350957022 99
0.34539378484180033 0.3087576939711709 99
0.36277491630260916 0.34248097633865604 99
0.3680214343121117 0.292068814128308 99
0.38108419741973704 0.3449035714828406 99
0.4010254053065884 0.35056385966463066 99
0.40399522463465065 0.3441145297691466 99
0.4120343692384938 0.3700817486740688 99
0.4182942007821722 0.3539443004484895 99
0.4181257693557737 0.35448344551764566 99
0.42664892331564064 0.39737964833699957 99
0.4309494088672365 0.4068214855314864 99
0.4304594436632647 0.37546127442860006 99
0.4265472734949531 0.3681716186555072 99
0.4307643522245602 0.40030646327071673 99
0.43462398058704804 0.36730175745812366 99
0.4399835224644593 0.38538014818263483 99
0.4338004315182402 0.3859429096544049 99
0.4328819581781257 0.37417104834429815 99
0.4296404601724925 0.380598684568113 99
0.43981195800932793 0.38482931246232743 99
0.4319653671153533 0.3767147559998933 99
0.43930992319100026 0.3678343170821089 99
0.4414759419653389 0.400004270293536 99
0.4397790654173007 0.37231375142759604 99
0.42888275515192353 0.3526488210806253 99
0.4288166794904345 0.3593676615243292 99
0.4300718878207776 0.3730150071158376 99
0.4314466826625092 0.3717570000169875 99
0.44240449631111267 0.3487691123165692 99
0.43181090231708125 0.3615901093115612 99
0.43139201950415373 0.3555048963969144 99
0.45020297109886537 0.3744347630035689 99
0.42516823803848924 0.3959573854390361 99
0.434309060862681 0.35013117133380967 99
0.4317973913458818 0.3863150170168531 99
0.4295094547974261 0.3510301254473315 99
0.4362094989605586 0.38537235034509204 99
0.431877681012667 0.3964112293081102 99
0.44393692290770115 0.39903326762059743 99
