training...
0.060911052025546565 0.01586155834699193 111
0.09127935086144587 0.03847764508270179 111
0.10790130899212377 0.058998144468235945 111
0.1279801276477546 0.08176104585651472 111
0.13807471908072863 0.09746323974969157 111
0.15603715871432475 0.12298485497868084 111
0.15195684906139273 0.1252164705342945 111
0.17579175421676732 0.14815628597169359 111
0.18480921762483346 0.16278747524403903 111
0.18799438247962738 0.150786397961604 111
0.19550094950523797 0.15361097445713948 111
0.19538386343015612 0.16922182485767948 111
0.19267670339809545 0.17629322968122235 111
0.19747270045564488 0.17570856050508424 111
0.20012205472718986 0.17904635617632053 111
0.20123944188662107 0.18996768781994555 111
0.20453318690115893 0.19627187041106373 111
0.2062311057096222 0.1955327132324259 111
0.20054206251182902 0.1867707696568282 111
0.21485601177647778 0.20480223473285528 111
0.21483270579812275 0.19615798521595726 111
0.21961566743838395 0.1939027026197183 111
0.21667620097859575 0.21070142201581385 111
0.21620155472861946 0.19898440413305438 111
0.22516864294879288 0.20904833241319842 111
0.22414278066200427 0.2243904286514157 111
0.2301676216700511 0.21074243790942457 111
0.22796048767929977 0.21271422718866614 111
0.2316248546588065 0.2277486804566787 111
0.2172639063063414 0.21298647186822356 111
0.23248228317714495 0.2351439350143981 111
0.2401804565370767 0.21665840553819862 111
0.2319623991969599 0.22524959346640414 111
0.2324656910961063 0.22658810925731826 111
0.23789083053213508 0.23758067044724984 111
0.24370443253115015 0.23667206798628337 111
0.23791477332560487 0.2334783027353706 111
0.23834326827899135 0.2416036405718831 111
0.2376123300829131 0.23237385430446492 111
0.237886181910019 0.2484269978037945 111
0.23922349872627457 0.23522726996392962 111
0.2421856419377925 0.24073931850515412 111
0.24327141763458363 0.25213474350658727 111
0.24524710245413947 0.26270996335662955 111
0.2459080070335692 0.2448299747853235 111
0.24836962425897927 0.24180852149895696 111
0.2488465920587423 0.25071723962561027 111
0.2455006459223427 0.22131880004091953 111
0.2496452495968815 0.2628463924607494 111
0.25190284904805654 0.273344007831398 111
0.24506779167577172 0.22928089691915263 111
0.2517712630831876 0.24044051575042388 111
0.24565796251790492 0.2429323475630745 111
0.24967215915352445 0.25129117892866243 111
0.247127339120571 0.2338079129502111 111
0.25174275434522164 0.25889637367059853 111
0.2501640243654886 0.24324030855646006 111
0.25684186170531365 0.2496355157693344 111
0.2526388829467851 0.2502569162689854 111
0.24877640370382897 0.23660331893071748 111
0.24562240996878382 0.23715769994430497 111
0.25471869377541867 0.2363398530717039 111
0.24920215713203464 0.21483689274670137 111
0.2533923887936143 0.24105327413411715 111
0.25387756053604793 0.2358100027355907 111
0.25674803052606676 0.2518591696265346 111
0.25604134373710974 0.2428442642829357 111
0.25493114082416385 0.25878393124037086 111
0.25520721273330627 0.2442916197667823 111
0.25713700884388113 0.2527350597119185 111
0.2583086838432542 0.24874855061464066 111
0.25650284982903965 0.23731691652720446 111
0.25932392196676995 0.253587877683638 111
0.25160831311012954 0.24476657693716283 111
0.2571558393253864 0.2520933700794683 111
0.2623755000051934 0.2477888550135654 111
0.26168881319666104 0.27128177765773154 111
0.2515824053863457 0.24673078839224732 111
0.2552432388818432 0.2504341168610027 111
0.26353468872238006 0.2564394621570918 111
0.2630408186937818 0.25069908608421576 111
0.2547505809051283 0.23884328033093832 111
0.2618937728820136 0.24079546927687812 111
0.2622106278892501 0.24889724157788254 111
0.26472085793541206 0.24608424702996143 111
0.25779890274117556 0.24269066084185079 111
0.25919681488800195 0.2454093166675355 111
0.26396485483670123 0.2603476143167559 111
0.2609207407787684 0.24407143149924101 111
0.2630460562893017 0.25303915943531485 111
0.26260247514089624 0.2489397823055477 111
0.25740602407369273 0.25467756778471323 111
0.26446282268757554 0.25310479677022313 111
0.2640823424077424 0.26241982070786274 111
0.26433463668976226 0.24983929853927173 111
0.2666719517629737 0.27040419133701005 111
0.2566491817339368 0.23992058427104448 111
0.26273906272524283 0.2634637939052748 111
0.2643051428546013 0.2525685705861961 111
0.2617224383856997 0.25667983967932695 111
0.2649883245758939 0.24624036611907357 111
0.2674603637133545 0.2628556025841849 111
0.2618264170086072 0.24691927645243533 111
0.2668253687329534 0.23963283591565798 111
0.2648157017962559 0.24231686162665741 111
0.2649837387975316 0.24875122467949562 111
0.2622105725030159 0.25139666313138087 111
0.26159483535103406 0.23335234941330107 111
0.2687758214946587 0.2601356159959514 111
0.2653921435899448 0.24500259010392078 111
0.260448617135896 0.2284478292638869 111
0.26507437002923445 0.25432458730089064 111
0.2654116467174709 0.2554511924941182 111
0.2638002538449765 0.2469084408671749 111
0.26657520560531467 0.2636394902956594 111
