training...
0.08996988908214733 0.03331867303388786 111
0.12017680819794681 0.060240266952384304 111
0.14436879134766942 0.08855969564207425 111
0.16580556720819434 0.11560471645592685 111
0.19469998674666827 0.17465035980106577 111
0.19963964615003432 0.16335651954045535 111
0.19331332700248635 0.16518155915250735 111
0.21654021507506624 0.20092556932580133 111
0.2281176441334982 0.21084654877634862 111
0.22659728592159073 0.20713167898869242 111
0.2332822537152077 0.23642551727394714 111
0.23623041331361427 0.23737861273392086 111
0.23481435011244567 0.22223771048683888 111
0.2461284510260486 0.23881856753746017 111
0.2445561122204892 0.24994567927700334 111
0.25315091624280295 0.24678797630142482 111
0.2457251640491361 0.24859907825227584 111
0.24818406737319193 0.26666818025905376 111
0.25664777413190437 0.242647827166925 111
0.25148813966959394 0.25797490123000294 111
0.25886579377369473 0.26465370741559674 111
0.25490908738669793 0.26143860033525784 111
0.2571773052841004 0.2658916508215207 111
0.2665249495914053 0.26784037508997977 111
0.25851750798745493 0.24043354809250486 111
0.2629651994364503 0.27059246981108714 111
0.2597105251763342 0.26661158008787783 111
0.2633023145938644 0.2713770537847694 111
0.2683401618150666 0.26994396177906665 111
0.266635827746917 0.27638849232090007 111
0.26816452369640364 0.27444117496293985 111
0.2713027594973398 0.27232095969014825 111
0.27062422361689786 0.26688260884711873 111
0.2733202271142817 0.29257917581460063 111
0.2754015521452997 0.2762682234683605 111
0.2747284872824107 0.27055307438479104 111
0.272659796333219 0.28837024426988994 111
0.27701832048316655 0.2965535070815441 111
0.27093747881939517 0.27307450646332665 111
0.272050177615553 0.2936825260939129 111
0.268728294020435 0.2756868800636908 111
0.2751246969554872 0.2774585689812489 111
0.2786792761139804 0.2669866163424956 111
0.2794303091002692 0.26308194428667236 111
0.2715343451247285 0.28361290329463346 111
0.2842342111049711 0.2863293959421043 111
0.28065382892866786 0.27344586842315327 111
0.28061326044809254 0.2809725169136745 111
0.276055634214058 0.26931468786321733 111
0.2786632506220134 0.26947769010989786 111
0.27666132112161607 0.2731968280519737 111
0.2865689626088854 0.29993222407461806 111
0.28155304587686786 0.3025457962355892 111
0.27644498919995786 0.27195103905232976 111
0.2782580062413379 0.284295799706757 111
0.28377009515077417 0.26747068737447594 111
0.278480654965645 0.27051645769968474 111
0.2782571816794947 0.27411754979843883 111
0.28219759098058605 0.28071015233418956 111
0.2871581349764579 0.28356294018199096 111
0.2813355489310725 0.27362323463028115 111
0.28321559382714323 0.2705716189695968 111
0.2869011021810376 0.27195302807856975 111
0.27943460673809706 0.2932057354405099 111
0.2828357888291354 0.2946611333495387 111
0.28836319679622413 0.3009846523547183 111
0.2870109813324536 0.2834186017783087 111
0.2851370833835983 0.28413578583009663 111
0.2864309134101452 0.2859758347181797 111
0.28335522270683483 0.2845617850156459 111
0.2846391045213777 0.27454485998288697 111
0.284721626969689 0.2994202022593597 111
0.2830447779798414 0.2845499891902348 111
0.2887314436389317 0.26347143773635723 111
0.2902907239531801 0.2904067793119481 111
0.28208026464513514 0.2776999759348549 111
0.2894034461395854 0.3027441237105593 111
0.2863205376429886 0.29023767301065745 111
0.29305824030564165 0.30128092130184403 111
0.2857618438484598 0.28655574789649463 111
0.2911211295861298 0.2839546671726768 111
0.2834356909113537 0.27266790505644284 111
0.28694903342193306 0.285953330206538 111
0.2861416176903105 0.2889857223720236 111
0.2887339881905313 0.2916587572530991 111
0.29288641161937234 0.2751601142851819 111
0.28982056787834903 0.29213713839235966 111
0.28429486475704874 0.282988688440957 111
0.2871962289177472 0.3070471349854877 111
0.2878219770539428 0.2887621519106939 111
0.28560191224470616 0.2826382061700709 111
0.2924138952179448 0.28956933093452314 111
0.2820993819829847 0.2509508573650982 111
0.28858270354548804 0.2823719810277712 111
0.28907446632478345 0.282130266542602 111
0.28756906863787496 0.27021961649948834 111
0.2907544856180135 0.27501121848717397 111
0.2855744158645127 0.28992047511352403 111
0.2887753284413069 0.27828709702135995 111
0.28460395778582614 0.25973910917398446 111
