training...
0.16415364428973003 0.12433206570452365 111
0.21326177439333144 0.18237060541480776 111
0.24497798890867384 0.22659765433930762 111
0.258178570249675 0.27030588928272015 111
0.26247260670345035 0.26067332417016925 111
0.2675540760842936 0.2719028160074977 111
0.26839415526582533 0.2609296842734247 111
0.2834622539130678 0.2822555111718532 111
0.27554915796689117 0.2761686043713157 111
0.280679743875603 0.2709645805856257 111
0.28557773251034496 0.2919637324852905 111
0.281751851394264 0.2804808661689945 111
0.29044764939392154 0.28722468270254137 111
0.2926764528529217 0.2975752717496988 111
0.2938582322426257 0.2943490318635271 111
0.28911984601510426 0.2828911290983217 111
0.28400736580827163 0.2759903067484935 111
0.3035920686307592 0.3113028058309391 111
0.2996269358763584 0.31945482986239077 111
0.29065287403559 0.29689310965499904 111
