training...
0.10264311780999126 0.055931828883797996 111
0.15662036570092222 0.11127952293283956 111
0.17611350080606736 0.14427965163573805 111
0.18964734332726446 0.1587561336361848 111
0.21143177892845802 0.1897125862560522 111
0.21312585815993734 0.20024964164959075 111
0.21275696819382162 0.19213306747893136 111
0.2247025301594516 0.19757577414691643 111
0.23253612945697644 0.23432833777936854 111
0.22964625274847106 0.21937796588317152 111
0.23214366555039426 0.21941294529911565 111
0.2401783580934126 0.24223989873992666 111
0.23843566021272894 0.23196712044634074 111
0.250360093093526 0.24441132428139803 111
0.2516694351915492 0.2553535926473392 111
0.24060672357013038 0.22837207657359582 111
0.25186092063313686 0.23621897809412648 111
0.24624295266672278 0.2451495275231295 111
0.24926030783642222 0.22829765605491226 111
0.2523394849403194 0.24191336504279468 111
0.25216126711833403 0.24364705338713327 111
0.25776266930176384 0.24897288888612928 111
0.2537686503766096 0.24154220712236948 111
0.25851065804451545 0.2551840411758751 111
0.2580278675958129 0.2451888646414163 111
0.248792376810916 0.24568440360452426 111
0.2542826634490272 0.25109150409077546 111
0.2574419599757804 0.26813838514035904 111
0.2598933550521269 0.25075188984860697 111
0.25271112594962963 0.23602980877747418 111
0.25930134479374894 0.25345694263677826 111
0.2597441324658682 0.249748922674011 111
0.26068138593875473 0.25387715954135465 111
0.2548834236119402 0.2568600662208015 111
0.2661329747854195 0.2602104770972832 111
0.2655758593312549 0.25164653577042767 111
0.2629266320450792 0.2526738815590386 111
0.26408168958967265 0.26521033563489965 111
0.26001112301504725 0.26206811628358007 111
0.26367311757271295 0.2649678534672581 111
0.2631566304840869 0.25845313313725704 111
0.2576937601176324 0.2517074335235059 111
0.26152434760838045 0.259425385702959 111
0.26490896319942253 0.262495258904174 111
0.2646259767071763 0.2638241403841237 111
0.26387970665307225 0.2642358441875922 111
0.2717724130708715 0.2659701607870414 111
0.26495818621159184 0.2595691055925173 111
0.26366541495961293 0.27101824653518475 111
0.2680497955610899 0.26912951120434436 111
0.2691443892463078 0.2581589832031022 111
0.2732799682971218 0.27769494079995494 111
0.2713292838304716 0.2657910516162381 111
0.26893983610769856 0.2675251191590732 111
0.26727546864168544 0.2588669594557879 111
0.260275749846443 0.24579445154057922 111
0.2693461278699078 0.26584160784147487 111
0.26877814095114233 0.2614349026111556 111
0.2673224993766767 0.2732058673381252 111
0.2629921067471812 0.25911715756518566 111
0.26258080230534525 0.2554440497364409 111
0.2640310045354747 0.25652324964226925 111
0.26970160805442295 0.25881488994756857 111
0.2703015139747942 0.27485076091335847 111
0.2724320008532107 0.27061467760830193 111
0.2712411251590709 0.2632176663169447 111
0.26979187774230834 0.2682750338420723 111
0.26828305124522406 0.27521167836780747 111
0.2685433238390055 0.27607640005136536 111
0.27470161970437634 0.287657013441391 111
0.26569250248094883 0.253576294754258 111
0.26752159047178187 0.25360208689412195 111
0.26893964623398625 0.26607576620970796 111
0.2683006598438684 0.26872682947089155 111
0.2701218820479044 0.27989255623490406 111
0.2709478436933893 0.2624260363642946 111
0.27430622312015945 0.27818815130858154 111
0.263949305687177 0.2613514558031118 111
0.2757768990728851 0.26872691733680154 111
0.2713475864053235 0.25888960100062197 111
0.2735704255489326 0.27805371341860036 111
0.2636016803922785 0.26969106580112867 111
0.27595885187732483 0.2909202459266514 111
0.27443740735507605 0.2735412769975078 111
0.2775772543286295 0.27665653280121116 111
0.2816633173385525 0.28482176913860974 111
0.27340937171516416 0.2798912298076322 111
0.27420692402136176 0.26681743950526426 111
0.2793557913932911 0.2850622063682043 111
0.2779218894518617 0.27319279867288615 111
0.2771938766237233 0.26913851362575214 111
0.2751744473307011 0.2856409547185478 111
0.2778201768116525 0.28607091192782425 111
0.27487048384333773 0.28829733389337325 111
0.27704925161801186 0.26104534764016263 111
0.2780825555727746 0.2791691009776302 111
0.27099265599506295 0.2684609936392198 111
0.2727825714278959 0.25851111748642175 111
0.27884534551597406 0.2906707265768999 111
0.275101738048068 0.2702042092012029 111
0.2825919866238154 0.297653295931729 111
0.27903918954299173 0.2838410206439367 111
0.2752109757657791 0.2827276198559152 111
0.27887193620956513 0.27660321750884465 111
0.2724740621104866 0.27693578278741865 111
0.2796055259469955 0.26135686544288533 111
0.2804296510715668 0.2897829089097958 111
0.2748557876620938 0.29786650752581256 111
0.2808123813272776 0.28276158479486596 111
0.27822594497136677 0.2869895295076995 111
0.27273260263152876 0.25490842785608137 111
0.2807413069343442 0.2751157050417592 111
0.27943460838185097 0.28894357924140873 111
0.2735115614705531 0.2816740483908695 111
0.2753316706643304 0.2922253055565584 111
0.27810468100834496 0.2810813853135998 111
0.2766631021182902 0.2900907884274224 111
0.2803370051613528 0.2782885386943513 111
0.28016881158004103 0.2755426927473709 111
0.27590466754487325 0.2673921911207161 111
0.275704928100328 0.2649918586468868 111
0.2729418224447223 0.2692986768709471 111
0.2748995987540067 0.2676274552340507 111
0.2800789007606367 0.29499742273709906 111
0.27301297429314836 0.258199211997806 111
0.2769261186420373 0.2617044308030707 111
0.2747054286818657 0.2478051288910268 111
0.2704130847274668 0.27908642334947836 111
0.27734260494780183 0.2727118284015447 111
0.273439424542858 0.2486657424724838 111
0.27978599245897107 0.27420362844775265 111
0.2801266916952911 0.28075287635377066 111
0.27674724460211075 0.28930332594421465 111
0.27653296299850433 0.27347514999992517 111
0.28092810260947243 0.2892472614659575 111
0.28006715603688914 0.26962782557169107 111
0.2758646220911588 0.27339768662571784 111
0.2784048791841924 0.27880437504240374 111
0.2822905113191888 0.28623053581834745 111
0.2795563202504433 0.27585310495937315 111
0.2781003419924519 0.2771059008846653 111
0.27656586911092607 0.2896560306314218 111
0.2773482889073055 0.2871535314640308 111
0.2779231782138966 0.28817298897511145 111
0.27803112423505727 0.27314464581059217 111
0.28269775545198 0.2875994595886734 111
0.2803867937133811 0.28230603549779054 111
0.2790352481406178 0.2951848045594789 111
0.28171049995086445 0.27638109789500837 111
0.2789934395675406 0.28194817113551435 111
0.28218157176971737 0.2868747175009106 111
0.27822924458777715 0.29072132437024656 111
0.27781614613822403 0.2928446612886101 111
0.28035682940804446 0.296892392999608 111
0.27366064572735455 0.26072403837603003 111
0.283930898402435 0.27956842047064456 111
0.27820665784711607 0.28757245939497017 111
0.2791431746678707 0.29408705278263664 111
0.28435847585774154 0.29003069835555984 111
0.2754648524382192 0.2741155151703481 111
0.2807382976754153 0.29727285879232834 111
0.27776928714466825 0.28899823961997206 111
0.27948875782886523 0.27907291934051814 111
0.28527496720167494 0.28119755853897277 111
0.27801783241480504 0.2947102101093749 111
0.28172712767995167 0.2928551228867116 111
0.2779274327370987 0.26084543691911904 111
0.2800262145639113 0.2693562136331688 111
0.2836732578422993 0.29247961489637103 111
0.2786677807708312 0.2864905911394366 111
0.2763232645647348 0.2697983547199551 111
0.28424066446798246 0.3017593961867466 111
0.2793905464043477 0.28629794748288784 111
0.2770912379905901 0.27850788147560906 111
0.28092003826795203 0.27193394569697776 111
0.2748502849508595 0.26902191980930173 111
0.27921786508431395 0.291087043416507 111
0.2833134230758984 0.2925736050454417 111
0.2808195652216423 0.26123351215256313 111
0.2800606418617934 0.28147680307753964 111
0.2767280303382747 0.2820769418731293 111
0.28027817634227215 0.29044783965675997 111
0.2796039350176205 0.3016538398792446 111
0.2806375076004918 0.2765747161266918 111
0.2794148485737486 0.2649115121718422 111
0.28275241120783035 0.2962936724116085 111
0.2831437097582589 0.28805469484552804 111
0.27960021719240064 0.27686385896861654 111
0.2778290754898132 0.29398564692779655 111
0.2806626358939059 0.3008487996713296 111
0.2758108812154408 0.2666400565732065 111
0.28122935528798887 0.2826087012143692 111
0.2870547319635789 0.3016731646081629 111
0.2776843260590819 0.29164806020517725 111
0.278505228493809 0.28065307673606027 111
0.28196033302477796 0.2944799283094801 111
0.281639615588666 0.3043390356074849 111
0.28682129168899845 0.3121875955665779 111
0.2832678872592417 0.2838298372355572 111
0.28327722578644843 0.29025793281336987 111
0.28306795388514955 0.27593635403792127 111
0.2854430642573583 0.2926140547604405 111
0.2835628970576965 0.27061466176440835 111
0.28033484742352993 0.26208459842683635 111
0.2819951003039276 0.2972351435557429 111
0.2813172530485637 0.2869647364769474 111
0.2808977686957378 0.29196729742617894 111
0.2829954328505384 0.29260996294404745 111
0.2800343149658356 0.2831470414602632 111
0.28042695833093095 0.26892107355041683 111
0.2826187306869034 0.29933137262523024 111
0.28207277207991727 0.30410445623526283 111
0.27897115505995224 0.27161761383282 111
0.28329353529136275 0.25452027328237653 111
0.28692570683051394 0.283277348740638 111
0.2793996844817373 0.2779430690640872 111
0.2809027247255731 0.26526992235138913 111
0.2798487701986197 0.2628527891177379 111
0.2869076953978451 0.28606815331917806 111
0.28222084093504024 0.2676324744035159 111
0.2812644151379986 0.2683351383454994 111
0.28427951948857494 0.28350001246005646 111
0.28456019588030207 0.2958671680242091 111
0.28132844676025526 0.28554927751998543 111
0.2818744728068206 0.2972268099372322 111
0.28289216557690827 0.27857143670450857 111
0.28535107559670364 0.3006121570425297 111
0.28445711498331455 0.27551218423891927 111
0.2812025713668914 0.2794139334129358 111
0.28180516003669054 0.29972117303883783 111
0.2825091372025776 0.2933308242742148 111
0.28684948966409896 0.300105419547115 111
0.27694659538548666 0.27481944546419734 111
0.28014872720233447 0.280371308200696 111
0.2849085621062521 0.2824757948444269 111
0.27702662411715123 0.2535276335061164 111
0.2826954454711362 0.2790338787556719 111
0.28317660666955397 0.2779973046557175 111
0.2852293595200625 0.3059674144814978 111
0.28396590129856997 0.30140382717597436 111
0.2859526542987939 0.2824393819140383 111
0.2846299612047968 0.3049194666471317 111
0.2793948533939901 0.2871171673289567 111
0.28062963734033813 0.2828046199256611 111
0.27991915224587416 0.2990059831651407 111
0.27994557331938946 0.2891562211364624 111
0.28364517718718846 0.27828744112617526 111
0.2826613200626821 0.2782588066387926 111
0.28037937217318115 0.2732633448040161 111
0.28205528187376844 0.27894324110980573 111
0.28118356345155054 0.2928977793124725 111
0.2836325610285425 0.27519333432784787 111
0.2799235814313503 0.28231897815416873 111
0.2836852626091633 0.27681555245073014 111
0.2837252219674593 0.2859289299330628 111
0.28183585091520946 0.27851716034177976 111
0.2813549456077376 0.26778177763766847 111
0.2790838173908722 0.28898687133815437 111
0.28781135965080207 0.2884587974690803 111
0.28422833225806476 0.2850930499163083 111
0.2803091722903186 0.2840132385111264 111
0.28302041441780723 0.2762131661624381 111
0.28310277435302156 0.29353254133656825 111
0.28161160082098435 0.28939530280979864 111
0.2837375252606261 0.28685544128816515 111
0.2802388790137516 0.2740240158981639 111
0.2811430630012566 0.29205398074574707 111
0.28317167021338696 0.29714068006690003 111
0.2831892782031155 0.2792108358307711 111
0.2864297381449069 0.3075737734419615 111
0.2851667607119974 0.29583993192692 111
0.27955187519386515 0.30177629418355245 111
0.28690809098846337 0.28850380957026356 111
0.28228293856655123 0.2843128133756067 111
0.2775875822462424 0.284865327840255 111
0.2844100380725633 0.2837337300239052 111
0.28310502074634414 0.2663259447864966 111
0.28368541968935734 0.2977916136123867 111
0.2830135785434358 0.2777328393382825 111
0.2839168621752331 0.2862208526055762 111
0.28532377110667045 0.28199841313806995 111
0.28325439142697717 0.2633616740643849 111
0.281354655752765 0.28993800297590105 111
0.28173677005301195 0.29080936739345586 111
0.28683337797839575 0.28837382901405983 111
0.2860182867272013 0.30347462797729946 111
0.28119093417725033 0.2755578259051903 111
0.28038410831405064 0.2715972666263314 111
0.2819696885649072 0.2907256739039291 111
0.281599824838292 0.2770609092920425 111
0.2859447027096835 0.2836831895344804 111
0.2802581067979667 0.2808652525562211 111
0.2846731398591514 0.28482217290041845 111
0.2821533304322895 0.2778676495617283 111
0.28063509942490766 0.27707385859408934 111
0.28598031397242824 0.2896208753342872 111
0.28419696586272775 0.2833604295512918 111
0.2868327821374397 0.2810559057913528 111
0.27900735811599153 0.27642114929379774 111
0.28682063665212393 0.30210836373169986 111
0.2822957281926426 0.28264673073252566 111
0.28417244003850256 0.2801745405447826 111
0.2743411504529793 0.26189381711753934 111
0.28315636255576354 0.2773490005636945 111
0.2846379227526775 0.2788485208291567 111
0.2865971393296827 0.29210803042081923 111
0.2851447851159732 0.30290512400583613 111
0.28410906741385644 0.2870515334139383 111
0.28511005228772557 0.29885124757303466 111
0.28465965170713625 0.29804448074564177 111
0.28490539092972017 0.269702795138659 111
0.2844362513669269 0.30026261285367745 111
0.2876529930950924 0.2880405609850206 111
0.2842375438386745 0.2890973291188828 111
0.2830823064685839 0.2755154423213167 111
0.28406614270451114 0.2776046744086363 111
0.28316490445292297 0.2872124935917826 111
0.28236941512882147 0.28540476276941856 111
0.2874598461755316 0.31170879618317054 111
0.28485978173221743 0.2854730151352283 111
0.2851817771377825 0.2677933213560788 111
0.2831976726076073 0.28306305944976673 111
0.28654844293114895 0.2841598156974523 111
0.2865141020626616 0.30125509284550295 111
0.28593489099974695 0.29520362833205555 111
0.2824100221371503 0.3039914622256415 111
0.2837059273396016 0.2845628995304441 111
0.2877517915126735 0.3036110886830753 111
0.2833477182426447 0.27061606540377375 111
0.28515799233620864 0.28711283393212383 111
0.28368592070873255 0.2770757751166535 111
0.2840738077233151 0.29270244518775457 111
0.28556147489720074 0.2866533151859105 111
0.2873039074367003 0.2826584891393555 111
0.28312054300973155 0.2729056182299428 111
0.2841305145182283 0.2858165628145131 111
0.2849082228204527 0.28654821916825823 111
0.2866332605242899 0.30277158084712147 111
0.2853572381496708 0.2815174353274144 111
0.28507134891163366 0.2987702597093037 111
0.28046841506517706 0.2900101845119265 111
0.2878282471728942 0.2909713354828581 111
0.28586003419122763 0.2908115097927831 111
0.28389899158914056 0.3010275156761432 111
0.2802855726897252 0.29305636265316753 111
0.28423317694772393 0.2692396276268298 111
0.2814148359490042 0.29211902907570325 111
0.2868139463696765 0.298675120693944 111
0.2868032857171198 0.29541072520543327 111
0.28457495201130745 0.27690295034658147 111
0.2848477966376606 0.288964206474212 111
0.28538754967072744 0.2906940634597162 111
0.2836162658309231 0.28649569808543535 111
0.2868263552129026 0.26214622650344893 111
0.28302445942825066 0.2929241781554498 111
0.28361647636716686 0.2650204598721524 111
0.28444704641679286 0.256707752055188 111
0.2808150505184209 0.2588395147368599 111
0.2871879950049869 0.29417729759993727 111
0.2871954622259484 0.2891559477684112 111
0.28998989485747195 0.2922888565238995 111
0.2839992000930031 0.2964720629660971 111
0.28606155176836 0.284536041870087 111
0.28687101905302054 0.29003900948358396 111
0.28610978342163507 0.2758743202293105 111
0.28271524042136725 0.2677822290033228 111
0.28296170681938937 0.2809568350269147 111
0.2838676925199105 0.2883976494489944 111
0.28545287200226693 0.3052164907994935 111
0.28438852690106475 0.302973911413218 111
0.2851052253500361 0.29503038338865334 111
0.2843516754790741 0.2834034127099595 111
0.28519957470274054 0.2843341646603179 111
0.2877504134785634 0.2749846296102112 111
0.28398131485084305 0.27497087914523693 111
0.28255918315136036 0.29492947968902045 111
0.2788826768218531 0.27417170084733916 111
0.283916415824152 0.28926913915583097 111
0.28384430882433426 0.2845745198870423 111
0.2821016711307208 0.271322962748749 111
0.2854684923563645 0.2677883208748794 111
0.2873940189652729 0.30199529701703137 111
0.2842043479892002 0.2757295986855511 111
0.28418930553201466 0.2899070578153401 111
0.28319531911699003 0.27804017075803217 111
0.2842230612153077 0.29419584201517435 111
0.2868061321948172 0.29623322526090884 111
0.2837026282650624 0.29553969692007087 111
0.2850565984225252 0.2982045248244662 111
0.28590690150229986 0.28846206652672435 111
0.2853457951205855 0.29239662750427386 111
0.2822706853914692 0.2686075393352801 111
0.28582440083410077 0.29439211139168125 111
0.28692106014077334 0.2897806677242693 111
0.28271936174823425 0.2816565697218937 111
0.2852580467235332 0.2870643102565321 111
0.28381823534274436 0.2739554015719799 111
0.2841443099578634 0.28902068786881197 111
0.28574953576480394 0.28886254363719116 111
0.2868347326033421 0.3010308010660483 111
0.2861524618243502 0.29082539056394957 111
0.28434800229869023 0.2865147745042318 111
0.28397765030639666 0.2677417957742692 111
0.2878332949341345 0.28836785315826907 111
0.2838482394043194 0.27523274517598495 111
0.2852547183512737 0.28963687070398236 111
0.2820983031031997 0.2729293852015448 111
0.28613910875035936 0.2724110766625414 111
0.28429064820932376 0.2789359622785243 111
0.28133442259292285 0.26699350809094086 111
0.2824683298615701 0.2640205894196723 111
0.28771876085076303 0.2918504974373753 111
0.28305345642715457 0.2756827666787653 111
0.28392005142097965 0.3072497593672603 111
0.2868504299952994 0.2799599012776506 111
0.282200419354734 0.2758837581950778 111
0.2868255069111614 0.287971797657971 111
0.285847724537385 0.27468806360022807 111
0.2840244385964276 0.30103349917939554 111
0.2832597094186806 0.28003864645412474 111
0.28474562767326983 0.27703679098168305 111
0.28664894572693966 0.27903569452341753 111
0.28436329845984604 0.29262310649014617 111
0.2857781036683788 0.30103400146097237 111
0.2804535681352393 0.2929711308650611 111
0.285711655765593 0.2936490192430153 111
0.2859725698214282 0.2664564228222013 111
0.2837947531867701 0.26556933198080773 111
0.2863365227315629 0.30017670204486985 111
0.28454199866761454 0.2991744713129258 111
0.2829035631778675 0.2904982381405661 111
0.2819866971467792 0.25630927182378144 111
0.2818730290709154 0.2687129481718126 111
0.2848933576638312 0.2735769396253172 111
0.2840469684942411 0.28556960633118283 111
0.2845533378617272 0.27274819444800075 111
0.28666962814540975 0.29083539210697645 111
0.2847587779280214 0.26970229945910185 111
0.28263621142138345 0.2633358297317652 111
0.2838024348819198 0.2697514202966213 111
0.28472562618966324 0.274554045596085 111
0.28536348931936706 0.2915288160883666 111
0.2849367731918489 0.25735922168193187 111
0.28667267596950313 0.2809642192383119 111
0.2860537181975608 0.2844934211365098 111
0.28197700107043405 0.2766949981466344 111
0.28856125374697356 0.2816767158004628 111
0.28477092924529246 0.26865026973512945 111
0.28416573997870814 0.2851081823505089 111
0.2868880846999431 0.2813897182521595 111
0.28327351150917546 0.24616002555986607 111
0.28656867982793643 0.26743335639678517 111
0.2843897219335822 0.28489423980523165 111
0.2864023572199845 0.2653034972643635 111
0.28060315044635875 0.2786148234688609 111
0.2797796628413247 0.2730654395098072 111
0.2883821581062479 0.2809847084522024 111
0.2848894495617695 0.28121872957942495 111
0.28640358878381605 0.2818350751828267 111
0.2812259745128224 0.2633723637803764 111
0.28444153171216957 0.2693350061602326 111
0.28312567221595675 0.2730115736731746 111
0.28050859312347 0.2703032729604918 111
0.2812727788559997 0.271349200073925 111
0.28227728632818466 0.26869091113210103 111
0.28112007562782676 0.2659592705506921 111
0.2842096398670346 0.29173148404560817 111
0.2835131418097206 0.2857417775582279 111
0.28635676039988095 0.28407246503040523 111
0.2859460271471889 0.28166562789037736 111
0.27991032611916994 0.2639574161571989 111
0.28349185502664304 0.2579726627335002 111
0.28293495541675523 0.2737353330653506 111
0.2871505763364034 0.30385547915131805 111
0.28272240112345254 0.26723685889490023 111
0.2838890200356093 0.2604054787027848 111
0.2846122892623182 0.28404966564327344 111
0.2829787738633293 0.2630808924691365 111
0.28143804245657017 0.2574983224457432 111
0.28570841611259035 0.27930794155041855 111
0.2875955194992111 0.2744033248720713 111
0.2837407631205898 0.2873220026721626 111
0.27931093472091706 0.25874379755711363 111
0.28165301587241265 0.28226268427733575 111
0.2860953298918707 0.28193897833250664 111
0.28672989392228443 0.2898576374152089 111
0.28561916366004625 0.2958592857142188 111
0.2835176624212099 0.2881594844979985 111
0.2873936539689016 0.28618118757330374 111
0.2804292267494915 0.2734719622799148 111
0.28692813568939435 0.2836191341121603 111
0.2845149466474971 0.2798786128899278 111
0.28291771610493616 0.2657223640200716 111
0.2849880556331759 0.3031574164077331 111
0.2837139416534418 0.2892223367972574 111
0.28582744753706896 0.30802974504462716 111
0.28478676827794897 0.2688896553840828 111
0.2829488189245052 0.26428918205031426 111
0.28486902251771595 0.2970114454472632 111
0.28150932959810515 0.255265511678802 111
