training...
0.16616120244034466 0.12481666335409865 111
0.22940687843163887 0.19613065863922086 111
0.2531969707855324 0.23807499652837255 111
0.27040595313181115 0.2669749167529425 111
0.2766898438485082 0.26045756952466337 111
0.27807218145962903 0.28325219148510417 111
0.2777872131550844 0.2787295976080018 111
0.2810553241626706 0.27486727434987906 111
0.2740897837360472 0.2735955774510268 111
0.2893925438863293 0.2987233202450034 111
0.28738171516018707 0.2784453633226691 111
0.2888578597238111 0.2729908205910762 111
0.29876619017903616 0.31369262904039347 111
0.29143385705449276 0.2941040996835707 111
0.3004652183188819 0.305471826933886 111
0.29264461101553135 0.3096512707339862 111
0.289612574815964 0.27856531820982794 111
0.29960619365245317 0.3291212062230095 111
0.2990133882583374 0.31019970506798034 111
0.29493046651901306 0.2818447318846349 111
