training...
0.3119719634675965 0.25151847968509145 99
0.3297615616027565 0.25310663690015023 99
0.3333377444990901 0.25691598385550285 99
0.3457318617941303 0.28064918015249507 99
0.3482573801545036 0.3133429500700842 99
0.3537432762253867 0.26858358304762875 99
0.3851397535033221 0.3753465619141588 99
0.3727146108977352 0.3188332322586773 99
0.38927830870573726 0.34192664191197675 99
0.39396164628755015 0.3551738074596742 99
0.4029288869957332 0.35967890883793086 99
0.3965689329261376 0.3738222631292385 99
0.3907983310596012 0.3417963610896074 99
0.4107921122801415 0.36631626916601556 99
0.412140139420211 0.39406959578822637 99
0.40330265065017923 0.3490206533569239 99
0.4151417793649589 0.3656126603265749 99
0.4130072349164042 0.3901148572648246 99
0.4233849166114594 0.42681641599762243 99
0.41581079816490524 0.37768387746430343 99
0.426964953138136 0.38481386029196707 99
0.410200833484903 0.3974048622963547 99
0.4196370764917914 0.3817009439449349 99
0.4287286957984025 0.39196436436340176 99
0.4241990696148761 0.3949729087584758 99
0.43525618627104706 0.41233801449553686 99
0.4305938891998624 0.39582924343180126 99
0.43057905236561217 0.4058217282042066 99
0.42822161681010823 0.40185140555297977 99
0.4286114813618042 0.4096570816329481 99
0.442074134394385 0.4026537321914351 99
0.4441372861936919 0.43215593575424827 99
0.4380110380858889 0.41471247171007575 99
0.4325380418592043 0.3694221411293513 99
0.4274845908470054 0.3567421128222833 99
0.4377099663819538 0.4181828815027487 99
0.4352543773542324 0.3672487318757702 99
0.4392744714336448 0.3908861037999771 99
0.4317142251176844 0.37782537869817573 99
0.4400290414387717 0.38101827891647905 99
