training...
0.07977008632412691 0.025164477504572645 111
0.1212717203637882 0.06937140619164804 111
0.15761319772005336 0.10604846799568482 111
0.17307796307807485 0.13107925341161325 111
0.20521086396054394 0.17685769472223317 111
0.20687525207339685 0.1812869931253077 111
0.20811223951110755 0.169545604371251 111
0.2249865243954428 0.20582552297101864 111
0.23053633604172966 0.2179050933004123 111
0.2433508160936305 0.23817041793502086 111
0.23832376873686897 0.22218016296047338 111
0.23925098694065156 0.22664179066545045 111
0.23905245724706548 0.22118294997720875 111
0.25751180230837484 0.24486035028307193 111
0.2544027682815629 0.24526818725463212 111
0.25496284985371653 0.24338553341099453 111
0.25469506180362167 0.25180686412394815 111
0.2570047157333687 0.24902067634814914 111
0.25939232602537854 0.24303999788290218 111
0.2610231851318108 0.23994389693725265 111
0.26230696937224107 0.25005084681380557 111
0.26779838853316207 0.27279740140484826 111
0.26989977595462583 0.26488597389227164 111
0.2690841273393156 0.2603488110688299 111
0.2637818346702153 0.26671601791925437 111
0.26756449811574357 0.27011898113931976 111
0.27302786941352397 0.266606238091538 111
0.2733997614397485 0.29516637551614494 111
0.27276730756851364 0.27060680171914564 111
0.27995667311148786 0.2755541401899992 111
0.2763495195916134 0.26609939122794124 111
0.27769017097771276 0.288693993798208 111
0.2768846338039982 0.2761738357459429 111
0.27955240149395993 0.27980618324680084 111
0.28568667631092515 0.3054082716978426 111
0.2817778033051954 0.269042500108915 111
0.2791133044636084 0.28453820738387325 111
0.2815885734758386 0.2838738690846684 111
0.2835247000244799 0.3000803840124658 111
0.27846999641673204 0.288718641278057 111
0.28204135623818 0.2952553527746744 111
0.28139931038568994 0.30578928030491004 111
0.28161473281486205 0.26947959381204084 111
0.2920576631982876 0.29789263591287046 111
0.28385271361545494 0.2959464334456212 111
0.28715994865525124 0.2793343885882377 111
0.2875361275880443 0.2974263370608806 111
0.28754173015463724 0.29350022159712397 111
0.2861412699385705 0.28387712141932336 111
0.2917208011463978 0.29907921943449567 111
0.2879164977777834 0.301399196573642 111
0.291613113926982 0.2958040452109555 111
0.2864365683350467 0.29802703656676277 111
0.29091981207891093 0.3153920080217731 111
0.2885728234435026 0.27864563872388176 111
0.29085162669650033 0.29426261071110077 111
0.2886266217834383 0.26605197306568623 111
0.28994708213364045 0.2947425382097932 111
0.28951986742652036 0.2936924123182643 111
0.29022981447647683 0.2820542332529886 111
0.2918927109457172 0.2807425331043901 111
0.2965130506492457 0.2834008789889444 111
0.2918264550288153 0.2849957170299973 111
0.2891519557069851 0.28268133520894384 111
0.2924548923285642 0.29200454813788 111
0.291432660734955 0.288186156317196 111
0.2930544370840723 0.2804222163799743 111
0.288855333385933 0.2918750099825462 111
0.29550764695986664 0.2828194800678622 111
0.2897775557570923 0.2975197231920192 111
0.2935801226179717 0.26469966341230955 111
0.2855507540239739 0.2933455003578996 111
0.29064404159279006 0.2895926872005144 111
0.295262996439345 0.285659620348096 111
0.29897986717381836 0.2855226686493662 111
0.2904741257850448 0.30001463099878367 111
0.2931830328138021 0.2868960905969957 111
0.2908728512130977 0.29416097628285803 111
0.29423803430890977 0.26747223198773373 111
0.292848453759525 0.3019675889968338 111
0.29502896041148213 0.30127658736941465 111
0.2918205921568918 0.28154164407938576 111
0.28949977440851965 0.30254528798771374 111
0.2937658511861181 0.2945980290403437 111
0.2922440276831968 0.291124630735919 111
0.29522952258850343 0.30434428794470025 111
0.2960338313384712 0.28873793892006666 111
0.2953632697695984 0.2987457152575663 111
0.29400317309198687 0.2777462338548892 111
0.2900530135782445 0.2819705641540641 111
0.29650828022626297 0.28478641410761935 111
0.2978980261267903 0.3044530086390428 111
0.2952021897952672 0.31492478879469654 111
0.29537709436751386 0.29288233400536556 111
0.2935135074885801 0.285238976010133 111
0.2939063567431118 0.32254466426085204 111
0.29576620132674114 0.29044631300433926 111
0.2911520269357751 0.2925213831129248 111
0.2933513342884594 0.2958073520845505 111
0.29797245043801873 0.3012282774864268 111
