training...
0.17511971460766362 0.12121048478907419 111
0.21782882712252555 0.1932882518716442 111
0.24258486190301617 0.21184815479996766 111
0.25671682251808364 0.2498742012199406 111
0.26285373175401394 0.2568058405739017 111
0.26692938820925166 0.24769371858440237 111
0.27176628447261886 0.23002921825276162 111
0.2870029574648704 0.27257071513869396 111
0.28352894979979226 0.28241367940695455 111
0.28463189888614737 0.26401026075567813 111
0.2880005121325141 0.27065080282858966 111
0.29274563581507995 0.29918770247007115 111
0.29848273988977975 0.29281579628644583 111
0.29406722625830145 0.2799577542409565 111
0.2999266800809777 0.30056552996405156 111
0.30200316125795806 0.29958966812805127 111
0.2967073810127832 0.29000310286318637 111
0.30409240406071847 0.31698285475593646 111
0.30556617254295176 0.31591069107340974 111
0.3019259742681359 0.3036869789001007 111
