training...
0.2657519919420433 0.186425099895429 96
0.276375139545145 0.21981005574863716 96
0.31690788611066256 0.23941280174375895 96
0.32571946807423097 0.2249447085709863 96
0.3396069075427275 0.2705914152913457 96
0.3426818116081045 0.2599386953341033 96
0.35526498737737017 0.2900031194180816 96
0.3619833844098143 0.2724362170366833 96
0.36458754997981063 0.28656312898148883 96
0.375129267077787 0.3005815028098091 96
0.3694049016917916 0.2993201921085652 96
0.37108775787909565 0.3129224219214067 96
0.3729803856536879 0.30550371825909683 96
0.3904842715629335 0.3159037501468335 96
0.381630025767612 0.30599069045145477 96
0.38234401016273595 0.3107241683400934 96
0.39395340214846347 0.3470879716050168 96
0.39643383038788116 0.33190121272687456 96
0.3997806192435636 0.3284288031364541 96
0.3913488112614339 0.2897768492921262 96
0.40131077033988655 0.34959153885312044 96
0.40478714683503975 0.3602657336454867 96
0.40213648434198096 0.3551465734241468 96
0.4105841571074584 0.39210839770073114 96
0.39274517628120414 0.3504781500052017 96
0.40322486380054867 0.37191849454463144 96
0.40329352697864024 0.35450037843844423 96
0.4007292727298189 0.3586523148520327 96
0.39892422549280515 0.3327805640262875 96
0.39404472507318883 0.35734811931562227 96
0.4120437581690885 0.3761521860764796 96
0.4067887900688361 0.38351873872392817 96
0.39499959986398947 0.3466261245774571 96
0.39692735721135497 0.39164517079560335 96
0.4060240530944705 0.3973560743267611 96
0.3922663552845876 0.3398683547079544 96
0.41032340931892497 0.3855873132875629 96
0.4015538220637949 0.42530068360073053 96
0.3956358523101944 0.38636570439080703 96
0.396883802995323 0.411776769622624 96
