training...
0.1046091104247798 0.05156681194944967 111
0.15463407878317673 0.09014402446320474 111
0.17228676578778995 0.14762979416293626 111
0.19245634012870333 0.17490297291538368 111
0.21105019743793615 0.1859431204374675 111
0.21275060168844023 0.19368153194937246 111
0.21084111414616144 0.19115337419785852 111
0.22656014522702672 0.22402721288036903 111
0.23201953244254622 0.23911022338627808 111
0.23760894603607433 0.22314559758960606 111
0.23701645873784555 0.22534190114918187 111
0.2403213513463237 0.22568031748971096 111
0.246048595733298 0.24030659179360916 111
0.24944891269618102 0.23882423560161362 111
0.2552163248672349 0.23854422978993403 111
0.24898923350879132 0.252541485135096 111
0.25436439509547754 0.2429158213830431 111
0.2574727734820501 0.24287191667684896 111
0.2569607692833854 0.24601787584228443 111
0.2561790719380783 0.2531734751652488 111
0.2622968996407531 0.26883769303251254 111
0.26192293329550836 0.2624362437527413 111
0.26434842389261154 0.25839286927083904 111
0.2685209821676746 0.2763047225316004 111
0.26385835347585873 0.25765314766995684 111
0.26478412434414983 0.2711041905045075 111
0.2683122443066567 0.2648648486854188 111
0.2691783865788425 0.26164102926283445 111
0.27265366984501016 0.2908276471894921 111
0.27448237208431475 0.2818139097666078 111
0.27440535097726804 0.27253958617283097 111
0.28003920659420606 0.28404582722149935 111
0.2700490530938801 0.2635965344520788 111
0.2750826085167944 0.2832931424539501 111
0.2762972923956051 0.2805402265910163 111
0.2801326574273345 0.2675824820589658 111
0.27809119726337705 0.29053570020831876 111
0.27711906111758494 0.2970081255224429 111
0.28182833973734656 0.28579446294395006 111
0.2776948910169775 0.2767496306469738 111
0.27857112406594015 0.27759687456159954 111
0.2789247129281383 0.3016188112092465 111
0.28126860169162893 0.2899495309215611 111
0.27903866046127185 0.2776063186145085 111
0.27889191470822094 0.29092177601339925 111
0.2808683311077372 0.287356872084862 111
0.28656469263216067 0.3076772623141541 111
0.2789913870411428 0.27287287989915393 111
0.27700214517271926 0.27224134785138987 111
0.2805309846680818 0.28432409078709103 111
0.27951402636622324 0.2913986490639117 111
0.28661799474822297 0.2943763116407936 111
0.28685957095710735 0.28800936461128146 111
0.28230036883805804 0.27996662079289675 111
0.27981212898480246 0.2760479597912897 111
0.2871465047674645 0.30068649835122246 111
0.2860547181785469 0.27226314990570843 111
0.2824297860054278 0.29506483724660865 111
0.28687882877235893 0.30276807344465234 111
0.2852749937421786 0.2952059352735059 111
0.28619377486803027 0.29847423456263883 111
0.28459911975079 0.2934579856456903 111
0.2862907760393559 0.2893319272530181 111
0.28856215665875173 0.28031503548727466 111
0.29439490525557926 0.2961145550585731 111
0.2903584368022865 0.29308585119687686 111
0.28976798365049167 0.2831234270756623 111
0.28539225212636 0.28693712376259095 111
0.28455156334703546 0.28338570574426813 111
0.29159693124014907 0.29202880623002225 111
0.28951320499508854 0.29110897425599447 111
0.28477684317698543 0.2806186411093781 111
0.28801976767018056 0.2870218985295415 111
0.29137572984863236 0.29339199632035795 111
0.290815792360666 0.2841460374989009 111
0.2863445554366139 0.29180761839644587 111
0.29071757753046057 0.2913179782138703 111
0.281909946464984 0.2956305830270076 111
0.2891346954155632 0.28433410356276306 111
0.2909033301698337 0.2785629128115481 111
0.2906803266887202 0.2836315633310435 111
0.2860121047077574 0.27700667965262676 111
0.29275294542710095 0.28961762946488623 111
0.29264091195226954 0.28877224199372387 111
0.28611135916755626 0.27873065440190403 111
0.2928064043940016 0.2943176360392089 111
0.2903466272897851 0.29719733791596675 111
0.28581311912321095 0.28029791081178257 111
0.2898176106052815 0.2796170798245396 111
0.28378544274276307 0.2799287343259183 111
0.2882563012537038 0.29091249158705307 111
0.29059426911029285 0.26964818595400414 111
0.29190781697146634 0.2919553471536197 111
0.28949108605548973 0.2732123575806882 111
0.29356782170949536 0.29211533827994035 111
0.29534017122169404 0.2845442108531511 111
0.29196293621917674 0.2796272501214646 111
0.29707513614140624 0.302069332807158 111
0.2981742500955151 0.29680839512341256 111
0.2932177864135814 0.28190647820395487 111
