training...
0.06547509664621207 0.013794583209229204 111
0.06826566326784107 0.01629908081793294 111
0.08324931789256415 0.030646636849385955 111
0.08662288558323349 0.032092782906699424 111
0.09534512613841381 0.04085840511652006 111
0.09596442823347515 0.047840895362628026 111
0.11694573584531238 0.06125032948747514 111
0.11664187237710616 0.0656121738050423 111
0.14371120264941734 0.07991008411639192 111
0.15882984816106757 0.101850678807117 111
0.1789721297740974 0.12907660376924096 111
0.19128891105611784 0.1317610109717905 111
0.20685264775993725 0.1808690679266907 111
0.2130116030075937 0.17429293396337106 111
0.21882147275543426 0.18771258038697114 111
0.2178156628056846 0.19720236577176342 111
0.2209910818483358 0.19048893641432907 111
0.22844259238685075 0.19131616418810418 111
0.23283782025910513 0.19133814298006538 111
0.2326476595803659 0.21304063580346339 111
0.22875859706048562 0.2161904786181387 111
0.239402294308742 0.2184355887625095 111
0.23998165976591213 0.22682654044096737 111
0.24269637458548776 0.24151579524199893 111
0.24298565803000471 0.21680176558646258 111
0.2449882139015333 0.23365306605168584 111
0.24820538505961348 0.24319478630652244 111
0.24140704837090804 0.23041862245886463 111
0.24597408391181058 0.23727134529845798 111
0.24154782036871408 0.22226267444543854 111
0.2495187781776251 0.23704163676334494 111
0.2560368688265152 0.24994029090280967 111
0.2555345958686029 0.25080398747330995 111
0.2514182186197184 0.2362047886956153 111
0.2609407964161107 0.27104151274935145 111
0.24844716570634032 0.24338042840259233 111
0.25613893081133404 0.24372528191410486 111
0.2546636835823987 0.24207941897679194 111
0.25632810617494467 0.25192190796784547 111
0.251430945553314 0.2288112813840537 111
0.26305737115068223 0.2649948430663806 111
0.2617258083941159 0.27690455100100836 111
0.26035298184615524 0.26632328253096543 111
0.2602419275759493 0.2657240334827911 111
0.2610729508949986 0.2500589717783485 111
0.2546217697900145 0.25090267572069624 111
0.2638730885143847 0.2585456236854728 111
0.26941473211248945 0.28447760087416823 111
0.2617954616043767 0.2582109901488824 111
0.2612237325571603 0.2578948124987256 111
0.25957748047042856 0.26143566512061034 111
0.27136166460203787 0.2693253717109568 111
0.2671592220792133 0.26851599057973286 111
0.2699886900283236 0.25006955688741705 111
0.2671872780237164 0.245056971406522 111
0.26526118483140504 0.2720494123661922 111
0.2626216266094352 0.2712051241475651 111
0.2710864744501941 0.2830886467597079 111
0.26140288771594095 0.2735630338109306 111
0.2662630012899717 0.2711788366819218 111
0.2684478597893004 0.2650422385794818 111
0.2691475364168081 0.2699867559463563 111
0.2645299682401197 0.26024117925237455 111
0.2689011927037415 0.26669053219962546 111
0.2747739588389278 0.2723027502920906 111
0.2732044220612648 0.2643663589517994 111
0.2700755486247369 0.2609568436070758 111
0.26759169646649 0.29719145416184817 111
0.27145269890098134 0.2632454657657466 111
0.2717042229613821 0.27138173833648427 111
0.2713161816961269 0.2513503300754076 111
0.2709853778906399 0.2698959316851049 111
0.26748838176715417 0.2687504911915454 111
0.2743391831620257 0.27745601056902675 111
0.2721268404065107 0.26460553838498996 111
0.26969884941829775 0.28229651636978 111
0.27036225421134014 0.2573922546619408 111
0.2689759751943579 0.2699725386955683 111
0.27559562657241254 0.24370071607016044 111
0.2734842474793464 0.29927787678159434 111
0.2704520449620973 0.2815823488050765 111
0.2687028234251582 0.25003380098443856 111
0.27347462653287186 0.25465381314206786 111
0.278842979891171 0.2879114160110388 111
0.2696087386818461 0.27308090297028786 111
0.27281706067712863 0.273247233142622 111
0.26906288945116613 0.28414473651544425 111
0.27107504915128006 0.2718440020085266 111
0.27010597371154466 0.2625031434457563 111
0.2728554582397425 0.2833707393754111 111
0.2708257596047572 0.24912412601148576 111
0.2679063957215599 0.24663428945959417 111
0.27176343587795637 0.26626478165746875 111
0.2782443568007352 0.2528267776699119 111
0.27800957272405563 0.2809813266246601 111
0.27372552684938456 0.2821624966189467 111
0.27417455979573974 0.2716551416832163 111
0.27416508144061896 0.2807593459221129 111
0.27136858448191054 0.2542986011487115 111
0.2745452196293965 0.2455499638970707 111
