training...
0.22165943528586127 0.11692858581620846 96
0.24545693829385892 0.16339473119501807 96
0.27195907935456476 0.17259735617515135 96
0.2855331415819256 0.2054319553055236 96
0.3031619735163818 0.2056239754068271 96
0.3264836528394118 0.23276696858710094 96
0.3310309389007557 0.25069973765930187 96
0.3481198535924677 0.27607114317090425 96
0.35378627630746856 0.2667639905276116 96
0.36063452285122377 0.303726275467774 96
0.37353015319533517 0.32551241200991043 96
0.38005172934015263 0.38109840518018356 96
0.3778622710886921 0.35046410598622496 96
0.3939194312666154 0.35997700326607684 96
0.3833139498255445 0.3629280607239201 96
0.3950062919713398 0.3959185935900886 96
0.3886489915210354 0.40795408187521776 96
0.3921433185087467 0.389077970624278 96
0.399668288375372 0.3597695159375913 96
0.4229699613864198 0.4166443179551565 96
0.40636374008905934 0.39009763374211237 96
0.4034764377145256 0.4121321131665264 96
0.40945486557095584 0.3767469631061522 96
0.4191098380849015 0.4233893751996135 96
0.3979096040766105 0.3554611215273521 96
0.40502794167685696 0.3636828616188893 96
0.40774881039478045 0.3693792148140715 96
0.42467261181229254 0.43456308791118003 96
0.41521475430200216 0.3753530526875595 96
0.4188303162349512 0.4053461949429883 96
0.42350723241281285 0.395369176030389 96
0.42770103493958933 0.4014411832683167 96
0.41972939435756523 0.4088791569144618 96
0.42924768503464356 0.40777915163395356 96
0.43152916591539653 0.42120175723360154 96
0.4299473518688406 0.4163061679987593 96
0.4216103150590265 0.3754189543126271 96
0.41940447056115676 0.3612049755430313 96
0.43225323586045467 0.411731253336369 96
0.4211211468416693 0.4167377967730532 96
