training...
0.09894425922862883 0.04351307792801591 111
0.16154127113391928 0.10918209629122366 111
0.17659819235255939 0.12764417160080244 111
0.19308211706030012 0.1759285626972925 111
0.2127728781960385 0.18594927154437457 111
0.2115532996982553 0.21016314385424598 111
0.2122727044137786 0.17783768024476893 111
0.2238632567192008 0.19741840045317816 111
0.2308345444606135 0.2238650098101914 111
0.23314655130917475 0.21944312501388982 111
0.23198156234644213 0.2202165306000945 111
0.23789477817008128 0.22945684620359846 111
0.23867259840082128 0.22303689878869884 111
0.2522275463781579 0.2396085569043792 111
0.25405175253164053 0.2564327277319165 111
0.2506449768187721 0.23731205420472046 111
0.24936429786282568 0.22725617202287013 111
0.2564092955293911 0.23343636228026488 111
0.2576244220821836 0.24684785924048874 111
0.25964502482070184 0.26549754937423814 111
0.2605535681227838 0.2634264577978518 111
0.26316353541587567 0.251044625538084 111
0.2614592584140895 0.2434166507535789 111
0.26529375438376773 0.2780723610460647 111
0.2620079793176602 0.25493316799592725 111
0.26865790400939227 0.2593688576182466 111
0.2662280005967688 0.25911851806391595 111
0.26922483973086336 0.2734309489191696 111
0.2702610772239246 0.2503415767745932 111
0.2688760101077511 0.25419421561402267 111
0.2663569125457113 0.24440026749939434 111
0.2723697932914075 0.2550870437208643 111
0.27344967021882033 0.27084836778454446 111
0.27138547642661176 0.2580957279041298 111
0.2771292896061689 0.2839254914109679 111
0.28117682689529727 0.2697500995599532 111
0.27766582527706013 0.2655565895630535 111
0.27871450106720935 0.28156109760182724 111
0.27826624091005425 0.26675326972579383 111
0.27481407946107306 0.2791601043004274 111
0.2779135017360424 0.2727180373825652 111
0.27313068215201575 0.2442462678389014 111
0.27824752874154896 0.2856127952526219 111
0.2833221406920979 0.2956163732211025 111
0.27943093097828997 0.29267428358054354 111
0.284471727766765 0.2679610594220155 111
0.2851861066070052 0.26491980360518225 111
0.28102454545215266 0.2794077803756935 111
0.2798900487894336 0.27748399678285934 111
0.2832704738032842 0.269188966458205 111
0.2798102652642323 0.27521352963551654 111
0.2917667708605179 0.27397411322305465 111
0.2818491571833903 0.28055698995274797 111
0.27788244494407005 0.27008069163281134 111
0.28145641123551135 0.2646653205304373 111
0.29068411282090423 0.2958368347872621 111
0.2831286920141263 0.2574332850974397 111
0.28476720277777123 0.28467828045088045 111
0.28405370229470467 0.27259413132354754 111
0.2865590329100836 0.28772527181701163 111
0.2810255500037135 0.2605885102618326 111
0.2821182519827569 0.2739150433231751 111
0.28715189477922454 0.2694860579463428 111
0.2873296638346003 0.26831680877960495 111
0.2856125879235669 0.28209925539315106 111
0.2909909615588766 0.2790895161261827 111
0.2886967462766872 0.2678510157599386 111
0.28171522602176335 0.268823912222399 111
0.2862943905960544 0.2638056571157249 111
0.2891989664405791 0.27334059235003333 111
0.29021691579807096 0.28225112015051024 111
0.28342536332898777 0.24273827459709793 111
0.28402403261448483 0.27015090416894133 111
0.28840824041415725 0.26498579919808196 111
0.2877933594737839 0.2663040556787651 111
0.2929240722454479 0.2635408493375074 111
0.2909210223979695 0.2734505552379424 111
0.29167889762633387 0.27191113460586414 111
0.2944131141718106 0.29000624314675927 111
0.29021512476049965 0.27417296421420173 111
0.2924519010557324 0.27128931144837315 111
0.29174825418642747 0.2802853882662906 111
0.29134676035172374 0.25742487816301646 111
0.29181782996851435 0.28508905737169316 111
0.2896814458362296 0.26856716632095123 111
0.2958308804434603 0.29157323113738975 111
0.28970032611902413 0.2786551090244212 111
0.2923037376760652 0.2878984413424043 111
0.29135670374378675 0.2831251245291175 111
0.29200983026707694 0.26394065275659967 111
0.2897558102527789 0.26854979450830796 111
0.29284891703432114 0.2905686854746077 111
0.29223850973744114 0.28265986766270146 111
0.29248754724335696 0.27273858795102424 111
0.29389251704860286 0.2779543970793428 111
0.29435076190121895 0.2756517445488537 111
0.30065754229267283 0.299981062253515 111
0.29581289493683477 0.3003578825585648 111
0.297964462434324 0.29437864724178847 111
0.2942813054938101 0.2580787309700838 111
