training...
0.1684903764013912 0.11334473868498977 111
0.21598261314978925 0.19386769645195562 111
0.23721311972446804 0.2059245741146606 111
0.2515302369531049 0.2287865249106407 111
0.261804739915726 0.2344849520890906 111
0.26899774455088843 0.26492545596181555 111
0.27146103125830784 0.2431666646271331 111
0.28397605750977384 0.2641412057131831 111
0.2779586724855298 0.26636444245865065 111
0.2804942447714337 0.2666063091885227 111
0.291295992406759 0.29291468189603515 111
0.2855799959571302 0.2847004334713468 111
0.28970990005077435 0.29522016214014657 111
0.2876246862321248 0.28303581838084957 111
0.2924832091600775 0.28098854214470825 111
0.2902059691925578 0.28707821680481527 111
0.28545232420961053 0.2781255644632443 111
0.291518329726086 0.2857350803241411 111
0.29463650234366273 0.29726256496559933 111
0.289825937543515 0.28883306289490357 111
