training...
0.17500353141984826 0.1286218820980062 111
0.22526310610318204 0.18456916656174518 111
0.24776081502272496 0.24202822335584148 111
0.2636879163613217 0.24441396702634252 111
0.26991670075090357 0.25389178284739067 111
0.27229285104082757 0.26834348010299036 111
0.2740107956641916 0.24152588591599294 111
0.2926337819839195 0.2866092478693002 111
0.2787841378317849 0.27087699200012916 111
0.2839839077575037 0.28323386633781955 111
0.29329781548147865 0.28595602475422954 111
0.28992214930759735 0.28834276314962576 111
0.2997806821301575 0.3002050949588342 111
0.29012681759830283 0.2884744597167575 111
0.2999010628081141 0.301203046039439 111
0.29221223435291394 0.2887622725028143 111
0.2877528473766524 0.2841016125669352 111
0.3045247803132695 0.29414640595873626 111
0.3010758831766827 0.2993420032333515 111
0.2926627928699316 0.282512047938932 111
