training...
0.1678477875424076 0.11959253662638816 111
0.2330310092249825 0.19235539207444793 111
0.25249118005653143 0.2263372410275305 111
0.2727662528187456 0.26880724623745184 111
0.2777486232331166 0.2677864041093311 111
0.2741619906449395 0.2710508446665053 111
0.27799393025169405 0.27318546561002915 111
0.28613080238394933 0.27653666458599147 111
0.2677310847057449 0.25783750658027066 111
0.2888699760274569 0.3032805753211927 111
0.2920194460732584 0.29228459748808955 111
0.2896035310800708 0.2887731616863209 111
0.30582345573173647 0.3113675676685497 111
0.29498012178231686 0.2845049846365694 111
0.3009956056941784 0.2885319440069352 111
0.2922103152805132 0.2783643450646943 111
0.28863071545814417 0.2896999356460009 111
0.3050254594546385 0.2920723777080221 111
0.30713848579240194 0.30972485012237533 111
0.3030594665038598 0.30906964671988835 111
