training...
0.08711093238015179 0.03347547355142946 111
0.12150289608555974 0.05964161233910188 111
0.14281074325332996 0.09433256300290344 111
0.1698250249175036 0.12272305297200997 111
0.20202189612819219 0.15789824679767786 111
0.21266639444548702 0.19593042914117756 111
0.21836406636908987 0.1795175800221926 111
0.2290763390757653 0.2145589726312169 111
0.2267755627394075 0.22697257496121676 111
0.2341291164491284 0.2258294218872856 111
0.2438904063396992 0.23778030279205292 111
0.24642875302603914 0.25695811020294157 111
0.24710163345428335 0.2347346518829828 111
0.24837302689247087 0.23088481151166096 111
0.25292476937301767 0.2524045534577487 111
0.25270154495463604 0.2263515096597101 111
0.25381292564097957 0.24811486870216132 111
0.2555835234791586 0.25208666736010343 111
0.2587300639062484 0.26801462039202656 111
0.2566360379953275 0.24450998088805506 111
0.25532715889245466 0.2453443880717482 111
0.259021818836179 0.2582871365879848 111
0.25846158265916086 0.27017543087278056 111
0.2639983390072397 0.24815028423460603 111
0.2626946886257803 0.250136065360553 111
0.2676951133965999 0.2600548105339521 111
0.2667183043387681 0.25885214632110354 111
0.2667001357478847 0.2775632617168747 111
0.26851519662635304 0.2655875867347876 111
0.27171612718131893 0.2579836986074296 111
0.27519179396520305 0.2729190825759454 111
0.273760328772032 0.26413388833827467 111
0.2738574253093142 0.263393162617833 111
0.27414802441064545 0.2561609107672406 111
0.27876019234700244 0.2836910253787907 111
0.27397704121044464 0.2737603608290391 111
0.28111199355480637 0.28216425134450906 111
0.28101858050029727 0.28113764352899817 111
0.27917849259303734 0.2720941959258141 111
0.2795927217689687 0.27068429619630824 111
0.27701524792859666 0.2532119990650437 111
0.2787911616785864 0.29016633307475675 111
0.27692705386509336 0.2758963862029485 111
0.28024919455801417 0.2752003643293364 111
0.28264101904682876 0.2843236679979987 111
0.28438459543225864 0.29399472478137845 111
0.2852927141762396 0.2800273107957317 111
0.28474870467872165 0.27658496477466565 111
0.2784786479104064 0.2798059120147769 111
0.27726602860046273 0.2626491412064864 111
0.277396665427453 0.2681447848676706 111
0.2862258879715924 0.2941595051715168 111
0.28692282769866523 0.2740355643592338 111
0.28922589779901864 0.2940005613861293 111
0.28618081782324983 0.29214798158744104 111
0.2913015466691424 0.3074156633621276 111
0.28140939408669224 0.28072594050595706 111
0.2886313769878919 0.28735060501583115 111
0.2873596168681768 0.2661769994400399 111
0.2906689330689998 0.29330520782680514 111
0.2867889270326673 0.2823143794868686 111
0.2826946603290979 0.26776470809163455 111
0.28457465140476906 0.29130214239810576 111
0.2871514752418423 0.2979569106174101 111
0.28740511994001167 0.2943326292220947 111
0.28405957076985705 0.2841118839098511 111
0.28741261771887666 0.28105078455487903 111
0.2859184737599447 0.2944923793952905 111
0.2848319533670676 0.2851799842375498 111
0.2905913201326663 0.29963587864294866 111
0.28607794211083754 0.29246330369916684 111
0.28258861674379065 0.2910572571868612 111
0.2862363767116433 0.26248346215604307 111
0.2885760071911764 0.2937814337576038 111
0.29453636174802883 0.2905393861697335 111
0.2898581331202614 0.3054010701456131 111
0.28937092126379155 0.3007761468416433 111
0.28620501099473383 0.2778696482438332 111
0.28976048195481413 0.30464231606487574 111
0.28166328938963964 0.28873890994887463 111
0.288248556997434 0.28857752107044066 111
0.28655909061291457 0.27069441836532776 111
0.288913579275673 0.2905008441218168 111
0.2939892862679012 0.27557547975954344 111
0.29069669945001575 0.2817476067477893 111
0.290992372891691 0.2897960466048444 111
0.29050874847414465 0.2832931424769239 111
0.28804429824675876 0.29137853840452543 111
0.2909948897523749 0.2962590463762802 111
0.29218918354174 0.2817774673292151 111
0.2936961779407459 0.27543616029480145 111
0.28818265148846206 0.3008541421338284 111
0.28954891922412 0.3025943992396099 111
0.28667394834678234 0.31190244928173644 111
0.29059856342442136 0.2785031764545174 111
0.29167398642354375 0.2922027668804757 111
0.2889154149171998 0.2984180542671537 111
0.29400381946769866 0.27976585815626387 111
0.29061597557892804 0.2635772555924599 111
0.29550470819832225 0.31994569275741197 111
