training...
0.22717703791691646 0.12484312878464776 96
0.2421606555370576 0.13486181535877667 96
0.2746837475250064 0.17200623961704653 96
0.29220985489381307 0.2257495633920012 96
0.2996141373992758 0.22555519495593285 96
0.32304450288552333 0.24381217187479656 96
0.36067445492201067 0.3170594894428794 96
0.34080046534065317 0.27286259704091775 96
0.35742942251340315 0.3048733160515033 96
0.36356712880858183 0.3203086456657761 96
0.381711198736668 0.36083863308130926 96
0.3797173076086575 0.35564377299999483 96
0.38609963093815125 0.35177375854103765 96
0.4018958226819433 0.3745215428831081 96
0.38984093644581413 0.3575735023166432 96
0.4023090567775686 0.35277556751602934 96
0.3977859216242902 0.38686831832496016 96
0.4049496550501381 0.41646424827727513 96
0.4171941216201553 0.41639618579258947 96
0.4158212648536695 0.4134372446147494 96
0.4122840103540179 0.4215775247732465 96
0.4334923510282933 0.4423821838973464 96
0.42001977044300237 0.3868143280975835 96
0.43159378596601133 0.4569756569289445 96
0.41912320584649415 0.38866433922272975 96
0.4267731889938012 0.4458046644911996 96
0.4343020460037948 0.44951934044098346 96
0.4239980250818178 0.42008242745353064 96
0.41160381678585295 0.410090069022952 96
0.4178825901382943 0.40155315360850585 96
0.41883747087318496 0.431677685995684 96
0.42529775649923635 0.46178482328275083 96
0.42421406776197096 0.4301953555111011 96
0.42795373528382363 0.43689127527582206 96
0.42853446696540276 0.380808182422021 96
0.419028348564017 0.40996398216233254 96
0.4292618238414146 0.38637623361805595 96
0.4306173521230581 0.43115377557388784 96
0.4285697768439171 0.4350323588603904 96
0.42706971815460903 0.4450995979552072 96
