training...
0.1698184356182393 0.11913693278708304 111
0.22881018670281233 0.19656612622616804 111
0.25517938800765305 0.24961191769231034 111
0.2625861841661557 0.2495265137392993 111
0.27601156046372494 0.2723598235661369 111
0.27228460809346877 0.2641526341239042 111
0.2750399187798726 0.2532452111548331 111
0.28816314224050116 0.272858344010027 111
0.275116927419773 0.26478343188874354 111
0.29278722838726084 0.2805619719144358 111
0.29385621435532944 0.270953553472901 111
0.29059306088567444 0.2810428439365262 111
0.2995296716896335 0.2956643675590737 111
0.2957498665242419 0.28817547518791287 111
0.2999485074656247 0.28116721788311444 111
0.29068535100809023 0.28465541954097867 111
0.2838668963703477 0.2689003975605679 111
0.30294949158650664 0.29385352781189317 111
0.2965855185112481 0.29066099792531147 111
0.29976928617596965 0.2985852432385159 111
