training...
0.29313096676795486 0.2456100380451923 96
0.2972723564861291 0.233629462845724 96
0.30993423733962594 0.22422204967852952 96
0.32498197267779333 0.2395957460716091 96
0.3402706223986205 0.2909482544010443 96
0.3436453832052802 0.2764739388613987 96
0.35478420889113843 0.29840571513121106 96
0.36547134958447 0.29938766336648454 96
0.3644373137431908 0.32074403660504597 96
0.37049905200232086 0.30807774947688704 96
0.3710103011011636 0.3062989961623622 96
0.37555967119728945 0.32218473519418167 96
0.3830017307496006 0.3488313630935995 96
0.38298121978711164 0.3289496660102925 96
0.38763688199237695 0.3722819810397502 96
0.4001169932422748 0.3885410197278232 96
0.38598966076975955 0.32287607033663157 96
0.3908859982464135 0.3515289727783685 96
0.38457326018464616 0.3761332988819873 96
0.3939295902549125 0.3857150125370141 96
0.3923862019215962 0.38258686538083486 96
0.4061375715521985 0.40389997859130794 96
0.3953492304615956 0.3459130944965151 96
0.4087123510913074 0.41020634945782025 96
0.4008133440888744 0.3904398708908077 96
0.4059032209819196 0.4109828394050513 96
0.4083357945035318 0.46881304512305455 96
0.3979750451093222 0.40160710333171423 96
0.41497842433130305 0.44844922102877716 96
0.3990847999998735 0.4087238574038804 96
0.4087757181505207 0.4043042324335884 96
0.3960263293589528 0.4045505928656786 96
0.41890426009269327 0.4459752335501744 96
0.4118692890442415 0.4257897234544368 96
0.41492755103354934 0.4326385197319902 96
0.40582992050569616 0.4210899709348571 96
0.40695580959665795 0.4277979923772332 96
0.40660947424187505 0.42733750828653466 96
0.4057369699316231 0.4087903550386681 96
0.405851599261055 0.4026034116601188 96
