training...
0.09732558864996585 0.04031933575853261 111
0.1230883635428804 0.06862052390909856 111
0.13579340794784192 0.082792756421636 111
0.16462609408749426 0.11848458929473411 111
0.18636229399503204 0.14189617682794187 111
0.2097504055523691 0.18258615362147837 111
0.1905515163904244 0.16361832652061709 111
0.2059477888622054 0.19576073913148737 111
0.22010506798932009 0.21414994226958395 111
0.2244740826929829 0.20249441560292683 111
0.22823969112412357 0.2124280238408208 111
0.23307681835616767 0.23126372681554452 111
0.23675205398408494 0.23948883819302588 111
0.2438504146025292 0.22330320824728261 111
0.242707097914999 0.22998542128357063 111
0.23595032999431054 0.2232221868606051 111
0.24332321258122552 0.2362695962158728 111
0.2431899413193054 0.22866268539647358 111
0.2523403826798293 0.23787924326465595 111
0.24954631199317492 0.23273766956612013 111
0.2504926302081696 0.25377156281729907 111
0.25537435242037976 0.23714655275135565 111
0.255732052758639 0.25938631320634264 111
0.2588945917617309 0.2529953980161555 111
0.26357779494724276 0.26702899299200333 111
0.26316409721539136 0.2515300625839825 111
0.2546082789704419 0.26052548551204424 111
0.26563667517588513 0.2733586932558648 111
0.2669896522185632 0.2609542195061727 111
0.26347963151775583 0.24929684818254558 111
0.26339026800943943 0.2590352770576537 111
0.26767982216689384 0.2489494692043001 111
0.2668529262906874 0.25924810668760506 111
0.2685091979769043 0.253804319826841 111
0.2748000224136681 0.29085483732624584 111
0.2724061199300479 0.26876177936667994 111
0.2711627290312014 0.26343689556541144 111
0.2718044973140854 0.2658115087467524 111
0.27281496746837486 0.2485771282615593 111
0.27366019785612095 0.2824296815257309 111
0.2723923456162996 0.25707794891911406 111
0.27570006290577603 0.26812654549037834 111
0.2721570876793202 0.26395782279437885 111
0.28130792957201567 0.2856751032169917 111
0.2800701774303311 0.27825790699349656 111
0.2839378235522594 0.27753521718169977 111
0.2795697107300134 0.2792234684021994 111
0.2826106486937292 0.28819134518892453 111
0.2804787303238724 0.2864280025654141 111
0.27572538182972767 0.27300472223508254 111
0.277505439083613 0.2819396499291083 111
0.27451695684499366 0.28285213140151627 111
0.28095589030013984 0.30045656274927324 111
0.2808831416206066 0.2724636093292638 111
0.28476756909557616 0.3096740100607638 111
0.2825412667972488 0.28199261708126805 111
0.281282532870184 0.279668777942943 111
0.28837522484073963 0.27419179946658323 111
0.2872787535489498 0.29216458555187685 111
0.28185830453294064 0.2854844388467317 111
0.2843820235605697 0.27864976753665 111
0.2837312458087426 0.27356481905383917 111
0.2882694777253029 0.28396466887980537 111
0.2813110911678376 0.28298743778089724 111
0.28200716343784615 0.28003145517899314 111
0.2913609781045732 0.26141251667177584 111
0.28078745754855966 0.2688776535720486 111
0.2868236270337237 0.27873547449724684 111
0.2888518271636796 0.2865310984614252 111
0.2853871086800953 0.2835992525232684 111
0.2872622325167328 0.30633010606004246 111
0.2843587489654327 0.295990543806775 111
0.2856210315863434 0.27885503217509444 111
0.2860895685681139 0.26932839754308535 111
0.2870548495005409 0.2788998370529711 111
0.2808596824239094 0.2809952669036226 111
0.2916730406247473 0.31336023622073617 111
0.28530120174141654 0.30020552097343933 111
0.28768034256472136 0.31040015199024845 111
0.2867098409763584 0.2830953002977103 111
0.29091871472605363 0.2997065634739795 111
0.2832568753418907 0.27961596988311155 111
0.28811601602432774 0.2923795566559597 111
0.29126009773500744 0.3091428399003111 111
0.2842080147499087 0.26998642329784023 111
0.2922386492501404 0.29230541095092466 111
0.2903533647420279 0.29256427163611276 111
0.2882861643861364 0.29047930283980244 111
0.2873369267339751 0.27979142010393654 111
0.2846012007086673 0.31472659034499895 111
0.2899759368467012 0.2744497307197664 111
0.28638697110257916 0.2847875193380991 111
0.28817074080979166 0.29151452949080686 111
0.2879506048230346 0.31052407906890195 111
0.2884794575111002 0.2847357271774136 111
0.2907921653089476 0.3022618866144717 111
0.2912681834581886 0.30153952817777036 111
0.28885321743489684 0.2960496816989603 111
0.2933211327817446 0.2870880704669691 111
0.2909877697292242 0.29584925535916146 111
