training...
0.3602170096197969 0.35308058897255423 100
0.4138268533085656 0.424453909353416 100
0.43665519372127604 0.46701908583411283 100
0.45111521373417857 0.4903243940443004 100
0.4572404006585921 0.4807530620318481 100
0.4591272853941244 0.4865747202810517 100
0.47205429035893554 0.5170503664938148 100
0.48423591618096085 0.52556144612951 100
0.4779366250461146 0.5298448565581537 100
0.4743133942928535 0.5041439876464962 100
0.481180260109317 0.5317840400762499 100
0.48054036681156115 0.5308338322787642 100
0.49270348804999303 0.5407070179100444 100
0.48511330742200337 0.5303360810391943 100
0.48877629161343633 0.5213537125707624 100
0.4908260313909038 0.5190885372168004 100
0.48899340594429097 0.5213786235386193 100
0.49115519124915247 0.5279723983300908 100
0.49579302341738746 0.5306698612104312 100
0.4958301138397712 0.5221895247457221 100
