training...
0.2496179959104552 0.1805858353836812 97
0.2567827642351356 0.19609552956985543 97
0.27097004925499574 0.21830121840457667 97
0.3022474351191515 0.2842375615942089 97
0.3099430026569255 0.264971235431759 97
0.3296029618683565 0.2851123195763402 97
0.3281372000073124 0.31339482692807813 97
0.33163437954090497 0.33908178776637377 97
0.35697275665711165 0.32662804349550933 97
0.349839661564098 0.3543469794476328 97
0.35337029362819145 0.33593930200081795 97
0.35821906353150457 0.34217656160232074 97
0.36826748249382263 0.3554813047356949 97
0.3713267131286778 0.364288765857444 97
0.37873832089844667 0.3708233249906436 97
0.3701385123474101 0.35571215346270996 97
0.3769695558833815 0.33257372860470136 97
0.3643769877981916 0.3779586652165516 97
0.36692670411789596 0.3447581607596611 97
0.37453091998144245 0.3388282651847025 97
0.3724520813940951 0.33095605501057473 97
0.3856918319801102 0.33929257620104225 97
0.37504794202573133 0.3551522540395748 97
0.36490841902517956 0.3307102528838772 97
0.3900371588678922 0.3698609280711427 97
0.3880650353964131 0.3503077963161377 97
0.38930070919806514 0.36915019209950634 97
0.38681473193292987 0.34059910220747175 97
0.3903866868912696 0.3427615240944807 97
0.381674156817376 0.33201829660856846 97
0.38990338391314044 0.34754377707292833 97
0.38036938908211154 0.35909427923348425 97
0.38764139192761177 0.3582521219654226 97
0.3815689755395662 0.38263835036819444 97
0.39176602355563933 0.33447748051534704 97
0.3888729401794122 0.34918822204560024 97
0.3760022953564529 0.334689133582317 97
0.3847542983888823 0.3394228914544728 97
0.3718428896345783 0.31791226745055184 97
0.384862803773484 0.357972849054725 97
