training...
0.27401197460195154 0.17526472341730762 96
0.29338089726833455 0.20289223950408994 96
0.3071969275739777 0.20804810718127723 96
0.31831563389259987 0.2386339884944317 96
0.34391592281152467 0.25428424991295107 96
0.3411113233170906 0.27582033379648474 96
0.3587304410988237 0.28549234890678965 96
0.37012029275454505 0.3082055578584121 96
0.3660801630096002 0.30099541982917566 96
0.37076936965783763 0.28592307697039226 96
0.37875676131583863 0.31503660907017444 96
0.37322826013574045 0.35067616071290286 96
0.3739536147824987 0.3233676312856451 96
0.378131609140887 0.34946054421620865 96
0.39213929185468716 0.3475965802947888 96
0.39175787551517804 0.3550529965327517 96
0.3856752712975044 0.3748099095566607 96
0.39803435384829267 0.3502676868937702 96
0.39267481897994333 0.34628704660859333 96
0.39965842900919596 0.3604440438814545 96
0.392748138834285 0.3475170857615215 96
0.3956835061421024 0.37866014371145107 96
0.3960523496364449 0.365926300465986 96
0.3898150775135784 0.34394384682761076 96
0.40064234273623245 0.36386404852241194 96
0.40104113884311515 0.3638057450216997 96
0.4019521125424967 0.3563131662224719 96
0.3978375525317246 0.37628145190214823 96
0.40224483451432547 0.3787677000291847 96
0.40969934606725494 0.3795426899704285 96
0.40698820707057637 0.35670167409569964 96
0.4052131336883055 0.3634514499006614 96
0.40280372805052184 0.3714905481198811 96
0.40637729592366706 0.348958311743525 96
0.4066375570975642 0.3304997364272064 96
0.4093148557928621 0.36767456199280657 96
0.39793755477049286 0.3378401801785683 96
0.3943424029048972 0.29604428362229296 96
0.3986618535646748 0.3476696502100918 96
0.4098503208793254 0.36321671246171694 96
