training...
0.08480531607553093 0.027824279137736937 111
0.13319434885462653 0.08142920499315189 111
0.15725011606466233 0.1247255585802552 111
0.18828508700567473 0.14607539221303398 111
0.20421045686211955 0.17903872288660658 111
0.21326334463435545 0.18657608302537423 111
0.20944917360657486 0.18286159202594007 111
0.221629854467132 0.21145419643858446 111
0.22761146699170548 0.22236698505181357 111
0.23107657068176146 0.21261851165890647 111
0.2380019066570987 0.25209958317867603 111
0.2400911931863118 0.23897863792995874 111
0.24015055146947548 0.23516901035085552 111
0.24484538330663053 0.22500990162574844 111
0.2467551731116426 0.24508162643311346 111
0.24549855731638298 0.23917021818678713 111
0.254038241246374 0.2372183662659112 111
0.25198127059834313 0.25380179612759884 111
0.25026166222424484 0.2370807088057567 111
0.2565184043582888 0.26152565705077535 111
0.2554569352529281 0.2568851441743684 111
0.2603039551380436 0.25675773712292616 111
0.25829816592636107 0.2527145785782547 111
0.26229564986847265 0.2611158720873627 111
0.26575049275365137 0.2588741895786577 111
0.26612273636907663 0.2551966967009109 111
0.2726604594999376 0.2908272797649024 111
0.2687852526573696 0.2810681017833748 111
0.2726989143072619 0.26586840036622533 111
0.26244501677176846 0.25710623756329304 111
0.2662329364684878 0.24814234257197074 111
0.27461873892225447 0.24985356924710486 111
0.27766752160387725 0.29205200285634714 111
0.2768116320150216 0.2907926228194325 111
0.2793093058061817 0.2879385704714066 111
0.27881599377134836 0.27762897138573256 111
0.27978317219948606 0.27060314822736264 111
0.2804048923451206 0.29673130123172226 111
0.2803559207820785 0.29213855491512564 111
0.28298111630481004 0.29920385061521987 111
0.27666797980771657 0.2713939156462163 111
0.2814065066793434 0.2608344525537607 111
0.27870235633928003 0.28827341925638966 111
0.2841834625481696 0.2858514997747103 111
0.2752907023596344 0.2554123069864923 111
0.28767043353599303 0.2725094042621992 111
0.28496883548353763 0.29375250964210015 111
0.28337210674612073 0.2941757559216688 111
0.2839878375340862 0.2898933232851373 111
0.28147064411059924 0.28009119872074967 111
0.2850520759545678 0.27808538023181273 111
0.2839989954789294 0.3020397645237126 111
0.28879234196766085 0.288149706314041 111
0.2868606028978373 0.3067361609462816 111
0.28460207509695823 0.29204454170383193 111
0.2876733913034985 0.29613316201664835 111
0.2885858371027964 0.2841968305442673 111
0.29047672976684313 0.3203859421488193 111
0.29275355990507806 0.2997461946835961 111
0.2868523435522139 0.2853523834023106 111
0.28921669553403834 0.2973472886704528 111
0.2841112174440868 0.2999762073133136 111
0.29014253569348647 0.2887415784261218 111
0.28503979603987123 0.27558367426558567 111
0.28580204695374245 0.27954752925268644 111
0.29107061663634315 0.3001030590507207 111
0.2890847837759061 0.27988835076990615 111
0.28808867870007115 0.2894134736613406 111
0.29211753364632237 0.2877420229101075 111
0.2875019398322783 0.2824009334407358 111
0.2869179475811634 0.285958056491629 111
0.28767381152187654 0.3255736478352046 111
0.28915653157732274 0.28400192205999053 111
0.28358881402340785 0.2794485059378182 111
0.29187662370973766 0.31409503828873847 111
0.2974550136443099 0.2927425767997991 111
0.2947094960290299 0.28910611821911086 111
0.29130633238984943 0.29078700651462647 111
0.29077466398709906 0.29666130983458716 111
0.2906740424436975 0.30574310459428367 111
0.29426324560279843 0.2926868985756616 111
0.28824589658329935 0.30327459509681404 111
0.28614080819648113 0.2583381836586431 111
0.29034910280259063 0.2697378496125736 111
0.2936922262287667 0.2970395271983659 111
0.2923652882442962 0.2775619914357034 111
0.2897706499447377 0.2756697679156969 111
0.2951723064285341 0.2999975223448459 111
0.2950221906221532 0.294863547776768 111
0.2937978452716296 0.3015929790861586 111
0.2926877389602453 0.2942379368847502 111
0.29192153079691185 0.2925088805849671 111
0.2923931460969627 0.27703760405202993 111
0.29147599329164375 0.3085337631910375 111
0.2950914960453008 0.3157647419898739 111
0.2912742898503718 0.3149155696173198 111
0.29274241528897404 0.27322121612659017 111
0.29851221455110244 0.29370800174243317 111
0.2919395628985501 0.31410526511072434 111
0.2936277284802787 0.3011728212805488 111
