training...
0.29176866650343863 0.21066395700928428 99
0.334739509291792 0.25531607388010136 99
0.35368091968636917 0.31743059236297183 99
0.379074998018592 0.327002873229703 99
0.38871761159992646 0.336599785553811 99
0.397760080546148 0.3785803549772374 99
0.39897290087792786 0.34928034739831587 99
0.4042095355009886 0.35374000303909814 99
0.4168627187118297 0.3454729193791473 99
0.41237958369776395 0.38511522772373596 99
0.4158779575854757 0.35118994852415664 99
0.41500117289366434 0.3781949999672469 99
0.4143461436909698 0.3822278702345227 99
0.41102770347242845 0.3647867963731738 99
0.4172220549251559 0.35100190355044 99
0.4168730714394809 0.3847684615156522 99
0.42124701812279536 0.38472712713753865 99
0.4172601555210024 0.39251523816583894 99
0.4211575840636327 0.39540731087004033 99
0.41504551381356836 0.37521716976623043 99
0.41353769738072194 0.37851065958766833 99
0.4199375938865804 0.3639640466800476 99
0.4218015160940038 0.38328826229776897 99
0.4204332012942318 0.3463735343289779 99
0.41713607225360066 0.32524031728580616 99
0.4197765771688304 0.3483446915680896 99
0.42737028822517376 0.39541505380059677 99
0.4230621164832056 0.3458648009950971 99
0.41599419600014137 0.3605732303661372 99
0.4200673441823863 0.34148452025431375 99
0.4268107239932681 0.36150037860454315 99
0.4113873817115456 0.34699639819416833 99
0.4359575038804041 0.3766187497048512 99
0.4315699771512485 0.39811845926556183 99
0.43435956895524225 0.3741226155705178 99
0.42885835284792456 0.37339259699695737 99
0.4294484350267975 0.3888804847505426 99
0.4283530585353508 0.3696799616260081 99
0.42730354437061385 0.35097086817865547 99
0.4172197801283392 0.3372550250132813 99
