training...
0.06516792295838582 0.017937365863932728 111
0.07107955872763257 0.024674187271211432 111
0.10126552716808439 0.04855039348162127 111
0.09919377581030885 0.04497123295489093 111
0.10669331600459292 0.04972689673740916 111
0.14266215473163793 0.08805349229116102 111
0.1460745486358229 0.10274422089105215 111
0.18156258346510531 0.13537342883382306 111
0.19941617522310048 0.1562287908170954 111
0.20112165720141145 0.17677212025560582 111
0.20879831437625052 0.1786417907290508 111
0.2136400878037503 0.17932280376269338 111
0.22036207722365425 0.19166171678385902 111
0.22314564998828693 0.18507003149267084 111
0.22142331972674206 0.2066302850495768 111
0.22341732285599855 0.19638294531002282 111
0.23432898447040826 0.20902975300036294 111
0.23154057692304839 0.21209338043439221 111
0.23446000732781452 0.20800812373557767 111
0.2448478215698781 0.23972025389372043 111
0.23970548638439687 0.2162246192236178 111
0.24041460393401606 0.22747896206532647 111
0.2457979940816495 0.23960573137361837 111
0.2518322700478764 0.24216253278974997 111
0.24613008401406364 0.22730749760994565 111
0.24688085947978605 0.22819258588350425 111
0.23624782106221637 0.2142296967857272 111
0.2516738456237271 0.24309438389661261 111
0.2583232468212956 0.26051587218536904 111
0.2546021913075089 0.26567738478002195 111
0.25179548487347503 0.2519760785113336 111
0.26138570680457046 0.2765003395403075 111
0.2575830578591389 0.2678991145020452 111
0.25872446437946023 0.26292347872314115 111
0.2620897377923304 0.26047116051365954 111
0.25894427164637845 0.2621889818517663 111
0.261978811025667 0.2775160845740251 111
0.26332677982871766 0.2755176478870234 111
0.2618422827293844 0.27068934342122164 111
0.2638127152494722 0.2771587462424534 111
0.26697542624547355 0.2617785264870201 111
0.2655100783119441 0.2501362513772622 111
0.26448730397764225 0.2768929097582026 111
0.2625258116517082 0.24999975641723637 111
0.2656597110041814 0.28396826395770336 111
0.26966017411415355 0.2754661419244414 111
0.26744491842694385 0.2602372486236805 111
0.26744500959002176 0.29056229055745636 111
0.26606089624664986 0.27074641823741247 111
0.27246273137764004 0.27094979080605236 111
0.26785359814109744 0.26334103176587936 111
0.2728995120303535 0.300036600892881 111
0.26905059738670795 0.2755640522781404 111
0.27578301077132783 0.2631675009846574 111
0.26974208182008813 0.24626305594565215 111
0.27249819740256 0.2782435112846334 111
0.27266751199238687 0.27881180926760435 111
0.2721342235894022 0.2668024162876746 111
0.2751018016718089 0.28240784343273645 111
0.27334546006191884 0.27426562724024517 111
0.27332103142073055 0.2611194814929704 111
0.2719461663197146 0.27942703463249163 111
0.27116235852411025 0.28422736584779645 111
0.2693024801727199 0.2697976034298505 111
0.2739716763809745 0.29543231064326075 111
0.2756479188554243 0.29101205948264447 111
0.27469906455380844 0.2830519334694377 111
0.26280314626899026 0.24501260504111622 111
0.2795390936591637 0.26355392110781134 111
0.27609502082131776 0.288674751883509 111
0.2710977661614702 0.28672522781847387 111
0.27490881960227354 0.2510447587978545 111
0.2760193250655453 0.2728857540215698 111
0.27655408751755917 0.26114147720456626 111
0.2802241658352579 0.2992005514728754 111
0.27777534980544655 0.2830539593527306 111
0.2753543847504083 0.2937016383680563 111
0.2779236035224145 0.27417702623439216 111
0.27921857393804245 0.30968700717843384 111
0.27381804482035843 0.27005024894803037 111
0.2785680255210349 0.2727503065442304 111
0.2730543914390765 0.2672503230387833 111
0.2753602561520851 0.28383521630381686 111
0.2789397092960871 0.2645938114817799 111
0.28002279742235514 0.2899956720687604 111
0.27567133098697644 0.2782374182957369 111
0.2805720938550321 0.28123013023149124 111
0.28015251645074457 0.261838549507723 111
0.2803120347412088 0.2917433934390419 111
0.27513104279753914 0.26353510470257907 111
0.28012744883304747 0.29124002356830136 111
0.2826522173857629 0.25423982971939446 111
0.27692473175399696 0.26265820167912396 111
0.2805236227267724 0.28761282088016704 111
0.2730206649168771 0.26583637454851916 111
0.28284412321233565 0.27365618124641355 111
0.27993983587482485 0.27841531272456527 111
0.28166134430676043 0.2500088083390095 111
0.28154616260745197 0.2713417199535965 111
0.2778812976879889 0.25691104599604 111
