training...
0.1703306358969993 0.1263317861714704 111
0.21347543975032304 0.18310527450134098 111
0.25003467330900564 0.22980637775288776 111
0.260167298770275 0.24013627290079134 111
0.2674211676306202 0.26012684800963465 111
0.2709927726436676 0.2698807981329409 111
0.26962224584850913 0.26133295855859995 111
0.2841533131401564 0.27407685300236695 111
0.28273598978035175 0.2837817140838089 111
0.2813507362725852 0.27387228345762854 111
0.28827643861824964 0.3174001008486818 111
0.2898793283093024 0.284414453900545 111
0.30042332733979993 0.31910835595024317 111
0.29229370658109594 0.28585794114491797 111
0.2985701233119896 0.3067629861385008 111
0.29199231185457275 0.29587952288520547 111
0.2899298864166031 0.2979182758040682 111
0.3079769112234091 0.31167715226184234 111
0.3019259077710108 0.3109168941639169 111
0.29484269104708755 0.28981429018345634 111
