training...
0.2754326675234335 0.18875577260817705 96
0.29339878038267103 0.20780527020127237 96
0.3215477872530981 0.2638296395978943 96
0.34084249737458633 0.25903563466597945 96
0.34883662183742153 0.320022109801991 96
0.37075717219803334 0.2982145105404371 96
0.37443959999080006 0.3050959307192478 96
0.3842008184297858 0.4129007124831413 96
0.38215242665323457 0.37991382264718754 96
0.3930706058151959 0.3895923670977415 96
0.3833501005915781 0.36321397545062106 96
0.3929855136161225 0.39918831315219416 96
0.39019463246223673 0.3703189818151631 96
0.39777611337319296 0.37669163927778604 96
0.4058050010329158 0.42964788598164505 96
0.399434354792967 0.3590646390271858 96
0.4056178888907022 0.3703875688334075 96
0.40184087343210706 0.3839641050854788 96
0.4054545395077283 0.38324371870763546 96
0.40246562289091914 0.36765400463952547 96
0.4099169882677654 0.3874295095110789 96
0.4091336817174011 0.40721592376942634 96
0.40556452262179477 0.3681113074172666 96
0.41229188793256144 0.39358229355703434 96
0.4081932191120255 0.40739443136776005 96
0.4102447279995956 0.3899851567694873 96
0.40068392676235026 0.34031864719592075 96
0.4142509981894196 0.3726872097816898 96
0.40175274847541287 0.38957567903770296 96
0.4117867015121039 0.39605476288535957 96
0.4154810646913032 0.40717863966682777 96
0.42023930523263536 0.3641444355741189 96
0.41401301924806405 0.4089532796833154 96
0.41831258730783366 0.3859514809426826 96
0.41770203909493425 0.41059289046156056 96
0.41112864318557546 0.37415100816250735 96
0.4148006345067463 0.37651727048297645 96
0.42190288908316004 0.4156439860162092 96
0.4142668086824468 0.40105325457594754 96
0.4337569468243807 0.4157374687464734 96
