training...
0.0993328846618235 0.03767332096819871 111
0.13549173698128278 0.08331445512555058 111
0.14100353118841688 0.08347881412373487 111
0.1691211125591309 0.1117355620464527 111
0.19012670235872262 0.1563746681753595 111
0.20595992468772314 0.1801553297317078 111
0.20620197137835725 0.18543306579929647 111
0.21668453506693874 0.20539255970355733 111
0.22317787770383957 0.21694576073720914 111
0.22624981777066971 0.20940256768639517 111
0.2313465226398413 0.2153138496359647 111
0.23432054863652854 0.21791442401849004 111
0.2403783868035283 0.23095750747001045 111
0.24454400162328813 0.23286487702827277 111
0.24632402607992077 0.22963724007911682 111
0.24362671928346907 0.23487880381092466 111
0.24938265041037005 0.23751566752584946 111
0.24355487160765757 0.23191373753277789 111
0.25714537214440636 0.26277149671053124 111
0.2555207207564376 0.2643562245454992 111
0.26021532083275767 0.27619029779063176 111
0.2565735681611956 0.2562365140482261 111
0.26300941756961915 0.2836643408587465 111
0.26391961159535143 0.25459026508835414 111
0.2616626633312249 0.271097440729093 111
0.266591476937147 0.2514955330184574 111
0.2641970019267312 0.2553424559372304 111
0.26474127156660626 0.25834318568326714 111
0.26871720518786657 0.2749456631321936 111
0.26670285398367893 0.27338860611098803 111
0.2726411797749092 0.2693502989965383 111
0.28128037886693313 0.29815668262041467 111
0.2747720479166571 0.29022101446116655 111
0.2745519926193141 0.2577594685156371 111
0.28389317030263406 0.31372347707194415 111
0.2791644499224217 0.2917739364656703 111
0.2800599551282504 0.28226486746903173 111
0.2764755902272272 0.30374508562324626 111
0.2754640349789362 0.28938244114594114 111
0.2803305372503973 0.29668652965324205 111
0.2755679986266959 0.28385342404601904 111
0.2780788641903966 0.3034591529080822 111
0.27949992271223034 0.2826302930772752 111
0.2817218358537081 0.2920063351931478 111
0.2786445274053187 0.2947391653218903 111
0.2875969118875466 0.2818650827942896 111
0.28402226500194944 0.2960643707551486 111
0.28803779144730723 0.3014426969092149 111
0.28598969811373437 0.29600040379113934 111
0.28418068286645276 0.2943888567050452 111
0.2757157078935956 0.274679731798579 111
0.2868262551683777 0.31306213122755333 111
0.2897666945148162 0.29952837398124565 111
0.28157704035313785 0.27154069089028254 111
0.2807942919357242 0.28840726176249204 111
0.28674790862109295 0.29112344401664847 111
0.2853599621230556 0.2766336318676886 111
0.28702433023832086 0.3034109926812731 111
0.2851753887119577 0.2832620279835779 111
0.28554087606896233 0.3056257346854247 111
0.28596889290113947 0.28829388526306415 111
0.2844347116570304 0.30454899237205424 111
0.29451738710301656 0.29132541686603325 111
0.2839111309601583 0.25723468296010155 111
0.29028002007705983 0.30266458874757 111
0.2911702306688934 0.28771046374810766 111
0.2909858538061517 0.29997354693972295 111
0.2875498391838451 0.30225905260806407 111
0.289861179001096 0.277927950547015 111
0.2894775689782128 0.30261851744507245 111
0.2918909436207587 0.3054216260699711 111
0.28444605961278036 0.2685515006900689 111
0.29188770977142675 0.30732179767624995 111
0.29227606138332457 0.2885074154404796 111
0.290124394751169 0.2815348921680782 111
0.28819344692822835 0.3053714200480747 111
0.2917635372609764 0.29990306118386256 111
0.2910738653594252 0.31460602134197907 111
0.2966313536731665 0.29976956917070136 111
0.2929537644737491 0.2962987046643621 111
0.2928241645948655 0.30267944291750754 111
0.2911953186199647 0.30529096888168455 111
0.3002932881228708 0.3184785470620697 111
0.297138306767883 0.29784477890197325 111
0.29064628706923673 0.30041684473978303 111
0.2945788131914689 0.28627325653605684 111
0.2986779818032213 0.29347910216759954 111
0.2939218041658023 0.29530311596298325 111
0.2933444627279381 0.29127372361346565 111
0.2943995717382578 0.2592463667544596 111
0.29293797227360335 0.2768870126254241 111
0.2919543427288815 0.27676056905609786 111
0.29370891209371053 0.2908662232793613 111
0.29378410239277203 0.2639335751758718 111
0.2908479480791941 0.31609419335419425 111
0.29207223222730166 0.27591281630225534 111
0.2953850456177913 0.27929920738873476 111
0.2978767209470208 0.3154041162183674 111
0.2974189488772117 0.3078796674442839 111
0.29867963227124616 0.30918802654682387 111
