training...
0.27485956315947163 0.17883295402243515 96
0.285287853465019 0.18706961710081593 96
0.3065057755680049 0.22948899044278426 96
0.3216776040586949 0.24299433178087243 96
0.335932356833984 0.28520977075242937 96
0.3448398739741266 0.27087352737978565 96
0.3629656541640301 0.31320499589422157 96
0.3634851674688009 0.31498387389052684 96
0.37522013054411985 0.3677537427850869 96
0.37914153867780226 0.3453041911007523 96
0.3777388132884188 0.3671516466483964 96
0.38644125925213596 0.33925405270148645 96
0.38591791868725656 0.32452216378765864 96
0.3780232313296327 0.30930189485692794 96
0.3991388017385349 0.34073019054627174 96
0.38580335977580144 0.36864024606725593 96
0.38954556610819985 0.35637562915025656 96
0.3845318348495293 0.3507699182769891 96
0.3884927506802562 0.3281033920072795 96
0.3941125191574642 0.38579811384701745 96
0.40439537319512314 0.36990670376169055 96
0.40284534174424574 0.3764093700613974 96
0.39299387644219635 0.35636315638670457 96
0.3896883786193357 0.3420756365196198 96
0.392300298872426 0.3575144191071496 96
0.39083749354153374 0.36310771872558895 96
0.4057283868125758 0.34886069635784056 96
0.39999142855223796 0.34883696966005545 96
0.3942661304990697 0.3955662557915803 96
0.39371568442058463 0.37313113888589594 96
0.39873060139534244 0.38774535963577494 96
0.3925723329484019 0.3984995181482319 96
0.4016110466831608 0.403596211379944 96
0.40443119869378724 0.36094323322379157 96
0.395275899049774 0.36094685824649386 96
0.3931294409582243 0.3629800064028817 96
0.390821501753338 0.3172516120973551 96
0.39969612667775706 0.33400238922964737 96
0.40502309261435304 0.4080486236109472 96
0.40623610836232255 0.3885647664514568 96
