training...
0.27848879428077983 0.21123863091708858 96
0.27320868910862517 0.17258445211891577 96
0.30651088141411037 0.21463900334818803 96
0.3212991909587136 0.2468646423083418 96
0.34508696989547466 0.2350403986316358 96
0.33866273908582434 0.25027260185616945 96
0.3586495657613229 0.2969876754459001 96
0.36646148282144936 0.29261739789768315 96
0.37032901778539423 0.2951227499061555 96
0.3794520387011518 0.28923050221359237 96
0.37838623026212387 0.29915268289780206 96
0.3807165291353745 0.3294378905258337 96
0.3851924853732389 0.33555033621652774 96
0.3867896696817555 0.3365022408581105 96
0.39293606188007785 0.3312518821515401 96
0.3895549258977904 0.3590148563390975 96
0.3970325552319962 0.3764104495388426 96
0.3960637053974518 0.3716110302439487 96
0.38790487749337893 0.3761292715024789 96
0.3981074448560357 0.37885504545744136 96
0.41000318100334415 0.41327585176727405 96
0.3944849437350901 0.40329674612073996 96
0.3998753069414307 0.3995602728839185 96
0.4034409776061447 0.3618516722575962 96
0.41494681813423046 0.39105426180893765 96
0.4049549722313383 0.3977115009188122 96
0.39744968143891296 0.41666677938984453 96
0.4007812638798344 0.3500891189911295 96
0.39867143308261427 0.3636848429845086 96
0.39844208043272866 0.3640644737283632 96
0.3941210813022657 0.3601408690245069 96
0.4138711408455089 0.39065739869281935 96
0.392095673277349 0.38424358033824557 96
0.41076367567195965 0.4026212971739759 96
0.4009770812210349 0.368534596585678 96
0.40192115416077384 0.35599437676958356 96
0.401909856353849 0.3809806049636261 96
0.3960642544758337 0.33338515412228936 96
0.41012261620457374 0.35125976729020947 96
0.3985808110738964 0.34330579583752985 96
