training...
0.08676832798567445 0.02570555406597472 111
0.12820199578828867 0.06694756861317983 111
0.13858524319689372 0.06699525951330422 111
0.16292703239461548 0.12157450984296474 111
0.19429574940049554 0.16231191517927054 111
0.198369693146775 0.16937253069620364 111
0.1961285419611117 0.15543151005390618 111
0.21686649310855774 0.19669298640385094 111
0.2257414999828747 0.22034742448002678 111
0.22172343368505332 0.21224694740695663 111
0.23052785822160327 0.22044539038330635 111
0.23520684388861232 0.22109517556737257 111
0.2313489063285609 0.22900038732442635 111
0.24868062082826956 0.24801899533723432 111
0.2441345351395629 0.23470421750464515 111
0.24456096924074158 0.22710187721082933 111
0.24592579162465855 0.2408190971374597 111
0.24793863779449854 0.24140400153295324 111
0.2496749041712362 0.2380668150025516 111
0.25673494383957207 0.25061494133321566 111
0.25371213435036644 0.24394813391626186 111
0.25829192984384425 0.25385291965181284 111
0.2617190434179868 0.2489491433524695 111
0.26034420012788634 0.248794580211499 111
0.26167933207000793 0.2522166199481779 111
0.25847803616013726 0.2543534891126529 111
0.2614394422951296 0.24409363202597875 111
0.26956510820306867 0.2677450009350953 111
0.2688549100251729 0.25780363408471385 111
0.2635229424498204 0.2596972878819952 111
0.26880639579691795 0.2553057524509003 111
0.27751032411167437 0.2856723040102853 111
0.27099584036196667 0.2690559709629236 111
0.2661758966466004 0.25368905367149214 111
0.2764470710365176 0.2743985257384625 111
0.2738961351453945 0.2667918636306438 111
0.27415212702009345 0.2668309139505327 111
0.2777619617356452 0.26141802283422816 111
