training...
0.305300127548338 0.23339843840367686 99
0.31664328482190013 0.23051285477162237 99
0.31628218708537265 0.25711789757189163 99
0.3324662564387057 0.2214417552640881 99
0.3559377552811773 0.3257314690898486 99
0.35963050546894265 0.2850123461541816 99
0.3694295741333101 0.3609870768457187 99
0.38536771071714704 0.35800893556673813 99
0.39130565704280457 0.38435883786665254 99
0.3871315923945306 0.3716826186603183 99
0.397966660331965 0.3474827710628366 99
0.39623846615165614 0.36461112081169794 99
0.39149389986177907 0.34846828670891233 99
0.39302296507764317 0.3637018854096119 99
0.40344677269780893 0.39167783557413083 99
0.4146255558983194 0.3736613200450407 99
0.4027159086981904 0.3400072020965102 99
0.40741323297760423 0.36995911646384344 99
0.4067547931065888 0.3605560618485035 99
0.4100780961943275 0.3731374311991614 99
0.40852512867707613 0.3684650334659515 99
0.41834518281755273 0.36710618903054115 99
0.41069315565958286 0.3694405688625762 99
0.40869189433444236 0.3561351088246951 99
0.4054400794959244 0.37542273881699145 99
0.41563278021082667 0.356816653951252 99
0.4108255086030649 0.368925659259785 99
0.4092439875849699 0.35307687533375925 99
0.4205651701197374 0.3817661936075832 99
0.42466223183134644 0.39853590907197445 99
0.41806826260665075 0.37621655404015036 99
0.4252995898025614 0.4157692576121323 99
0.42318579251256444 0.3788341955695047 99
0.4176346865001298 0.357669367397788 99
0.42814978293858535 0.374108668356255 99
0.42735015258414877 0.37209599011709377 99
0.4218597016545593 0.41188191714844136 99
0.4221679559086548 0.3485603422027412 99
0.4225439524799116 0.3389817183620726 99
0.4262884520440271 0.3781721054662512 99
