training...
0.10302943027480552 0.05556555695487672 111
0.15262119979975058 0.10220545464477541 111
0.18081390818750218 0.15083087687479618 111
0.18526903243144235 0.14537621351407476 111
0.20723899716091723 0.16158038295147598 111
0.20671874851520727 0.18276356080857953 111
0.20810003241873223 0.1822163808155997 111
0.22055615532006292 0.2046191534975763 111
0.23051356433857717 0.21545451374285252 111
0.2296515398946085 0.20116385597950784 111
0.23280039546694803 0.20677618893988814 111
0.24330910059398153 0.22186827758050892 111
0.23863385484797625 0.21600218218704195 111
0.2437746211959731 0.2231185573880981 111
0.24742096797341606 0.22615614182191518 111
0.24358023234364248 0.22238298582053523 111
0.25091636513683246 0.23728327729943843 111
0.24331740567425908 0.2224204267157346 111
0.25048575107153087 0.22520809420528776 111
0.2579166295715138 0.2555036871431995 111
0.2571245422118209 0.24091026932460025 111
0.25906714971912587 0.2635850933900766 111
0.2535191459695041 0.24679477612502207 111
0.2553175558413101 0.24022373622784685 111
0.2550606416344479 0.2557495484562479 111
0.25571531163086825 0.2381158464268682 111
0.25481277422740944 0.23958057371253236 111
0.2671453061491685 0.2712396621611377 111
0.26344776647948287 0.2710019556907981 111
0.261674054718748 0.24110323975970108 111
0.26444949172362386 0.24809952603923024 111
0.2656759093124374 0.2518120472077617 111
0.26661851209584675 0.2534926189687408 111
0.26806198946723164 0.2681576006998013 111
0.2627413153037673 0.26096844767935273 111
0.2682796803501602 0.24168848831822418 111
0.2697465214342554 0.2546368914721782 111
0.27366686888860065 0.26132372426464945 111
0.27213606066611534 0.24714206651956142 111
0.2701544867764047 0.2527069205167541 111
0.2707288483293626 0.254261271578396 111
0.2695154642363782 0.25887630430640723 111
0.2741992717915235 0.2640893272366754 111
0.27859798665265756 0.2665539937251241 111
0.27369709832367334 0.25629235420758373 111
0.27308132818515096 0.26591730010900744 111
0.27865072439110816 0.272765720168638 111
0.28050855466751995 0.2577480532037412 111
0.2762904492524814 0.2539359017313814 111
0.273968524820666 0.2597072621166286 111
0.2761614802301029 0.272727519596652 111
0.2812894320785627 0.24830400513151685 111
0.2760997998586251 0.24910772243965584 111
0.27743004026258655 0.2633028823587555 111
0.2760577240395456 0.27655983110067506 111
0.2879314084102808 0.282892816239139 111
0.28069663362137365 0.252180860537262 111
0.278085430436888 0.26817193181901694 111
0.28078076227009896 0.27098297089683704 111
0.28450361034559 0.24885867557715627 111
0.2816837363286454 0.2512392016313103 111
0.2796259485474967 0.2715141148125493 111
0.2820314504281219 0.2739051069766015 111
0.28181650033273453 0.2655982559464052 111
0.28522245460122114 0.27906412089393096 111
0.280363046636177 0.26467131035157865 111
0.2828166776762229 0.25865634278416744 111
0.28524422632863833 0.2816371909246553 111
0.28247212110466907 0.2538274162957246 111
0.28996964775392514 0.2884851963641317 111
0.2793810465968834 0.2639092882695142 111
0.2748627120572791 0.2720655757933688 111
0.2791357775807108 0.2501547230395162 111
0.2834876385864551 0.28276148961898256 111
0.2842605635068533 0.27945009215112965 111
0.2871615448305343 0.28961983323051804 111
0.2867187472760702 0.28407521352020315 111
0.2898707792926684 0.2832951511942688 111
0.2882644693744445 0.2910887758148437 111
0.28570131220593875 0.28323745775113085 111
0.29047320136831484 0.2882287146499081 111
0.28679815595769753 0.28424394484324866 111
0.28331381096829455 0.29141953492245326 111
0.28172149951054615 0.27389575418415224 111
0.287484619292595 0.27742047035837597 111
0.29177410890798233 0.25956185646655344 111
0.29075046739072896 0.2932336157447787 111
0.2845908005451377 0.2771127446085251 111
0.29104500914977965 0.2900631590434274 111
0.2866313818341654 0.2952424130618315 111
0.2853906802273791 0.28012986742031143 111
0.28650219023199225 0.28228155332719046 111
0.2896240495727152 0.2908498594320335 111
0.28475977905733185 0.2889967017810219 111
0.2908448043342091 0.2807799090154907 111
0.28825170266124267 0.2877628025143813 111
0.2870739646667107 0.282718507886938 111
0.28559322721051367 0.2768650779492062 111
0.2868523970585572 0.28761876325553215 111
0.2873726949358901 0.2876821591995508 111
