training...
0.1729375341365573 0.12447711939618926 111
0.22237212071719817 0.18201786759679453 111
0.246916440713157 0.21799520560524532 111
0.2653742843055525 0.24848652683736358 111
0.27069251536899597 0.25803374094274073 111
0.27690926695567414 0.25259334301583736 111
0.27816538104879535 0.27472229785896335 111
0.28975142345529636 0.277723796042023 111
0.2816911960212411 0.27422717577649564 111
0.2845183802072003 0.28025258076896886 111
0.2973397027362909 0.31284862268499175 111
0.29060163181753 0.281764506425713 111
0.2983501477859737 0.2991546967090922 111
0.2991689390045418 0.30290149633711144 111
0.2950876526933526 0.31290568942859903 111
0.2978879025677453 0.30054808703244773 111
0.29599248110134024 0.3113836609802672 111
0.3048482041083464 0.2990631787460029 111
0.3033183528886155 0.3184129278611005 111
0.29316883639550695 0.29406533229261944 111
