training...
0.27956569365207967 0.16876719050149225 96
0.2738906578721985 0.2052682764261166 96
0.31229827345067535 0.22472534901789315 96
0.3220748509302316 0.21205120025837795 96
0.33570090632340094 0.2703844539887575 96
0.3484488112729374 0.27769212663087744 96
0.35585381423388524 0.27042239974023924 96
0.36167025651587337 0.26461069769602436 96
0.3649169261697877 0.2975815340261351 96
0.36598532151780744 0.28611010665952763 96
0.37374362872767447 0.3128014180423928 96
0.3749888273785476 0.34475091751469256 96
0.3698411544789167 0.3287504304119089 96
0.3882035297092443 0.3430501841302967 96
0.3892518547724209 0.36688460811468904 96
0.3991685362501351 0.38589456761117436 96
0.40080933872904817 0.37745061133560515 96
0.39768965588509114 0.385380830760792 96
0.39406586098910507 0.40765884545648823 96
0.3973251346231051 0.3657448186423954 96
0.39605261661494734 0.3877475024787868 96
0.4034492740183701 0.4073929416164463 96
0.3956681761459597 0.36452504640324557 96
0.40588491139395133 0.4013587083669464 96
0.4020966389870824 0.39370129282264366 96
0.4013214119435394 0.33115117040520975 96
0.3968624769609313 0.35987012471748997 96
0.3975037575267595 0.40164116687941925 96
0.39772079307397273 0.3647956155617758 96
0.38981380315884273 0.35399870491843655 96
0.3980138458434735 0.3686278029563956 96
0.4009689776606167 0.37991721088302643 96
0.4044303235460945 0.3747179096368819 96
0.4080052008075901 0.4023396598875718 96
0.38538579545039875 0.3470109886980782 96
0.39856375374126723 0.3543007222249826 96
0.40431710714383035 0.36765631903892165 96
0.4079320287287465 0.3634562175435555 96
0.40172114215222915 0.41167807674039375 96
0.39361381554558433 0.3452614430754442 96
