training...
0.38936734803209844 0.33704595349099853 100
0.42499560834335603 0.4038896880582359 100
0.44625138352917254 0.4399178589886381 100
0.4576271734241387 0.43829660944063914 100
0.4653042283449724 0.43343036224917847 100
0.47154237462462517 0.4608858709005292 100
0.47256456890830334 0.4542782852126851 100
0.4752388024381085 0.4792751279715849 100
0.47792985551581874 0.4614656388057898 100
0.4772196688118495 0.4575456869268553 100
0.48014988310249124 0.4691415718131716 100
0.4789335278828515 0.48244750523137847 100
0.48004328669385765 0.4671827323094184 100
0.4839114697353411 0.47432928703379496 100
0.48589862385504995 0.4836259984930191 100
0.4854647440228293 0.48046201665379207 100
0.47961397122271615 0.46885549790694225 100
0.48525196359447087 0.47229718526941983 100
0.48543520981911764 0.4669764491586022 100
0.48547190352589104 0.4780241917618404 100
