training...
0.22211770268082018 0.11193046026800603 96
0.24805808583478306 0.15230039728828756 96
0.2749645964335042 0.16970421908840572 96
0.29886075736249573 0.2232641937123202 96
0.29108017976583517 0.21863272576457857 96
0.33065763159182754 0.2868394383686679 96
0.3411833674150144 0.2841907591535354 96
0.3418424549837158 0.2893609170798298 96
0.3553716400268045 0.3038728161788279 96
0.3555579651715943 0.29729748989758853 96
0.3750902508832025 0.3250407088354267 96
0.379244002483677 0.32407444161487614 96
0.3831203515937302 0.30915670217653546 96
0.38887603187738273 0.3447113589822453 96
0.379765272654548 0.37993147824450785 96
0.3959556488079527 0.3798011605409115 96
0.39573066806590873 0.3312537710968223 96
0.4047887669068497 0.3932257135303714 96
0.4025826851131038 0.39912059257215793 96
0.4093961023919654 0.369459807524581 96
0.4135540689131692 0.40217214185604083 96
0.40833022930652024 0.3835684687398553 96
0.41689338625757033 0.37357120437863145 96
0.4098786063467634 0.4017783554118498 96
0.4085862885378904 0.40279839121530403 96
0.4085787920149105 0.40287428063598774 96
0.42369496347834074 0.42093354924122733 96
0.40888722844619374 0.3589136288005217 96
0.41544008855218717 0.42634523778415745 96
0.41557051933387346 0.4221016940736472 96
0.4172167455304132 0.4225772511856122 96
0.42649822031968393 0.4003648480879106 96
0.43162025469014753 0.42103979050544826 96
0.4246167442609267 0.40596206827568904 96
0.4173369987416547 0.35806341949240844 96
0.4240621373220563 0.38362342977318553 96
0.42289906284388445 0.4172135094079551 96
0.42741191453315713 0.4019635003449463 96
0.43532366665151107 0.39401586757137363 96
0.4346604800328482 0.4436019664854929 96
