training...
0.2721598275047663 0.16633349441369027 96
0.27424333363957815 0.19350177645316696 96
0.3074529622404072 0.2371002350652103 96
0.3182845150448226 0.2417340272017573 96
0.34193526007300346 0.29214976838450535 96
0.3443498396957401 0.29492321284730527 96
0.35619182575059893 0.2855610682650449 96
0.3647444059681546 0.2987467423111382 96
0.3683231117198325 0.29176768074712023 96
0.3807750121143107 0.3176173275421804 96
0.3828134377470736 0.323436491646591 96
0.38604518498426144 0.31834148831206943 96
0.3790343262977454 0.32983004493390333 96
0.39082452057721495 0.3384083870721585 96
0.38543655307951874 0.34380626898300665 96
0.3877185361354826 0.3526918057683527 96
0.38943877948212585 0.3325769109520835 96
0.40041674308486885 0.3359330641913852 96
0.40210248854480124 0.32210537466844474 96
0.40605280608112754 0.34267210104633905 96
0.3974051754762784 0.32768871710773173 96
0.3868666929473785 0.3177322604610695 96
0.39646978277236683 0.3245445384954501 96
0.4044586984496346 0.3204302558623351 96
0.39469634972165446 0.3380729965371865 96
0.3942781461068832 0.3391126797848397 96
0.4029768984602964 0.3669348356287509 96
0.40318812651097274 0.3591975343923205 96
0.3976416615815011 0.3451559819970376 96
0.3894640984877693 0.3063696708018602 96
0.3995131610958069 0.3769166334745748 96
0.40276769631133735 0.36867251284819424 96
0.39807103852761516 0.3451600854951098 96
0.3980077730968394 0.3473009507388508 96
0.3882696950808944 0.3222470027259754 96
0.3955953741578489 0.3355816008253655 96
0.3898467782071993 0.34190263292191303 96
0.3857201230484237 0.32762249656152986 96
0.39110257128861714 0.3425586758379995 96
0.384920985835212 0.3334895845978465 96
