training...
0.1715136625507034 0.12388713076755783 111
0.21247177685963756 0.18918324443658782 111
0.24309116132588932 0.21899931084211605 111
0.26251709843891485 0.25045625822181566 111
0.2686544884167978 0.26814348020982853 111
0.2717926726481153 0.2611163914351946 111
0.27017147448521633 0.23930399663127028 111
0.2881932679933345 0.27109209099713755 111
0.2778579649652613 0.28565939253461836 111
0.2801284651636282 0.2747887196952459 111
0.29499262551021144 0.3042753074041018 111
0.2907551090730528 0.2696428758138521 111
0.3051502194241589 0.3138292994202236 111
0.293433630950769 0.28502808026910714 111
0.3001176408694109 0.29209923222454787 111
0.296409235060258 0.3049444824502886 111
0.2891968166914394 0.27612467949980873 111
0.3027699353965056 0.2931206953619638 111
0.30317294928313704 0.2888628197638974 111
0.29939617977518107 0.3023626495149919 111
