training...
0.23654285928601002 0.12252195039245964 96
0.24654038214156493 0.13371986531902053 96
0.2690577378076931 0.1745064556035417 96
0.298493271102669 0.20814371795145004 96
0.30496589419209513 0.21290564103169812 96
0.32975610113926185 0.2903559963417125 96
0.3386637981364046 0.27781569172777176 96
0.35672697627534405 0.3305447914645433 96
0.3624133196199562 0.32337720447882623 96
0.36736950681907404 0.32209549470209836 96
0.36520431932536734 0.31437725585071685 96
0.37675939971196376 0.3183684606973414 96
0.3855965856241485 0.3635402272234026 96
0.397305718916666 0.38242097779033 96
0.39824784924849 0.37512496145081564 96
0.4008772636365503 0.40882461618795407 96
0.4074817614903877 0.4261896823793593 96
0.40379564627354725 0.3401998432090525 96
0.41777198354585415 0.40341726967108915 96
0.4081662434905408 0.3827923979642963 96
0.4060216139977458 0.38603131044984795 96
0.4207753205911004 0.39674844454652936 96
0.4174820183997108 0.39345947176328167 96
0.40093166769506333 0.369611290725328 96
0.4160647100236092 0.37423416679097554 96
0.4127177009008835 0.32992433639299434 96
0.41931719691027797 0.4284300377026937 96
0.41572994379435757 0.37525518451280326 96
0.42174221182658744 0.4168927037882092 96
0.4186056766856329 0.37207892732574926 96
0.41874615342670274 0.35683515908700447 96
0.4131698935428774 0.35134946015233526 96
0.42456201717208036 0.4040526667730622 96
0.4170613741141292 0.3887607903462996 96
0.41678929700481565 0.40422416641530834 96
0.42216893429784513 0.41037193334869393 96
0.4274103488937729 0.41656569695695567 96
0.418210929668616 0.3961921052526567 96
0.4111302440046334 0.37401178547086933 96
0.4098016355286857 0.3524952269971697 96
