training...
0.22567845598161348 0.14391552649419712 97
0.24306999938555215 0.18004248660367853 97
0.2890246751455885 0.2366249096723593 97
0.3099663222772111 0.271685105196494 97
0.32752860375197296 0.30924339306326776 97
0.3261974317450322 0.3311795307194854 97
0.3450355833675779 0.3206127682181671 97
0.34538068673753713 0.3596177168276547 97
0.3506680496040695 0.3572752460288909 97
0.3625173685481884 0.35496390983501824 97
0.3633671794921699 0.33744252193836444 97
0.3582761834862592 0.3175316659554 97
0.36000338932722453 0.3099600583823231 97
0.3733056784710779 0.35734805088637855 97
0.37604668976668354 0.3444823973080954 97
0.3767323400705659 0.353602251726644 97
0.37531054111963796 0.332045258806094 97
0.38357556232248 0.3558987228066019 97
0.3786870032038232 0.3557589343601188 97
0.37416303191523087 0.3318717099263491 97
0.3864383568539058 0.36954250207877454 97
0.37069622563930926 0.3375827688035468 97
0.37000859866519675 0.3273385174538214 97
0.37325551854949285 0.3373558348201509 97
0.3930226568031289 0.3645443544164583 97
0.3681809710252735 0.30000220086067786 97
0.3766446684792399 0.32730516669971044 97
0.3848863496940473 0.3325701900618472 97
0.3866416104561796 0.3498726154569917 97
0.38164411164932455 0.3472339816130561 97
0.3813709774618802 0.3144569509649935 97
0.36919120987981907 0.28979663619792717 97
0.37488188495616814 0.3524467833448053 97
0.3654611654251044 0.30968309383194126 97
0.3778766242033215 0.3151040168357864 97
0.37398296809403625 0.34486372040293123 97
0.37662838882464433 0.3242284294320556 97
0.3755007026829874 0.3259468988340577 97
0.3637721178316779 0.29830672755544513 97
0.3706376054891165 0.28231583463161675 97
