training...
0.30601822747416535 0.24263088522836587 99
0.34734938239402985 0.3096541160149885 99
0.3614669240559625 0.32490633720387035 99
0.38199984805420784 0.36127837317496725 99
0.3819544111159113 0.3314738689649028 99
0.39707638546454677 0.344410296855909 99
0.4066349901116749 0.36964438879513617 99
0.4171453360549683 0.3871198695746213 99
0.4103021001347945 0.3566454996319861 99
0.41000945152221757 0.33988110617246026 99
0.4199727179050191 0.3705304293604103 99
0.4115192754252277 0.33566045379877385 99
0.4256621531535633 0.41127366969096424 99
0.4230878819442991 0.3933949654453067 99
0.4292381468149419 0.3759715612777062 99
0.4180866286958286 0.3641407327930255 99
0.4169307306532598 0.3816042591406169 99
0.42100608707672876 0.3736315177902058 99
0.41807791858273113 0.3512956850798046 99
0.4236530474339142 0.3678461129464733 99
0.4247147608672638 0.37345880041343005 99
0.4214710835894593 0.36845991792443095 99
0.43022743076516207 0.37602785968558805 99
0.42341032815997665 0.3674221162656569 99
0.4250437290724117 0.3789290490423934 99
0.43324298454539373 0.39121671462547103 99
0.42106576619448877 0.36847719021985775 99
0.4186237641521185 0.3714070542947853 99
0.4264486966885488 0.3742366995812819 99
0.4314731935701931 0.39394637510164293 99
0.4311517378489395 0.3941915792648972 99
0.4211829474109757 0.3431282269345281 99
0.4242627389442241 0.3598043692737393 99
0.43342890108311305 0.38576352857513163 99
0.4392463695801173 0.3916289421980852 99
0.42715977605653405 0.37556452429652243 99
0.43058959458144863 0.37706622722433547 99
0.43751045512342285 0.381361484640562 99
0.438766979758235 0.3773455090087788 99
0.43019483641923345 0.3675764845673659 99
