training...
0.07093576753113708 0.023864970730009344 111
0.08279652501007762 0.030869149225981878 111
0.10319042688191198 0.05805055768128248 111
0.10458380017394145 0.05567119505093059 111
0.11565972089086421 0.06046970803548953 111
0.14938455297348424 0.1046992787810126 111
0.15199306917316818 0.10760897897920534 111
0.1635856629332659 0.1173500907950103 111
0.18499258388705564 0.12480848909267386 111
0.20099341186958383 0.16197308124009635 111
0.2088459377020736 0.17889711283469592 111
0.21543988125755506 0.18787177108369937 111
0.21878530079004954 0.19419877540896088 111
0.22442426952935512 0.1829577843151273 111
0.22721377460322037 0.20381389502822703 111
0.22588180625044127 0.18755070231838666 111
0.22975887544395235 0.20087709392541508 111
0.2268644587129846 0.19927019497912196 111
0.23476747995014086 0.20278832372687988 111
0.23567842161407584 0.212446187919064 111
0.2424559673899723 0.22628109400034335 111
0.23932124030412288 0.21687893956094031 111
0.24376366963966883 0.22127109424088554 111
0.24232203828825022 0.23073999424017758 111
0.24261294596263186 0.22627771679470418 111
0.2465424602069296 0.2341713624470517 111
0.2451114867137044 0.223688840511875 111
0.24640431196314694 0.23263611096489661 111
0.24786992032956154 0.2319410951355214 111
0.25571480712660455 0.23066550781034192 111
0.2486719874268444 0.22732891404540698 111
0.25683228967423527 0.2568446620485627 111
0.256770297539258 0.24219292962632813 111
0.2583977479872249 0.25009963287816445 111
0.25891040472992033 0.25020946693277857 111
0.2556489218191512 0.2414914411052887 111
0.2561674011456656 0.23625626649507553 111
0.2644074926265413 0.24706378132861348 111
0.26037468635828254 0.239938601978025 111
0.2555898269390364 0.2492545848167375 111
0.2620775139323482 0.2469619294838492 111
0.25953950676517 0.24184184961297958 111
0.2624072020675221 0.24596571987577573 111
0.2532754821654181 0.23300005806263135 111
0.2609971572864706 0.24122286638611184 111
0.2664247390678777 0.24810857116397553 111
0.2626595516568197 0.25575762172602706 111
0.2632997575196106 0.2458479017956401 111
0.26078569950837427 0.24864448131165956 111
0.2619173002895849 0.23315784526335454 111
0.26667231852842144 0.2622219541222229 111
0.26476278109728 0.24619426358894486 111
0.26890176212639755 0.2588964005165478 111
0.2683447104851384 0.2623451059862259 111
0.25785164812244504 0.25317841318576767 111
0.26327025892311184 0.24085740064241162 111
0.27076593640689445 0.2696735909626923 111
0.27349152153328954 0.27137844241214176 111
0.2697825177993158 0.24356667627093043 111
0.27108295797124177 0.26396869983840265 111
0.2705652396346989 0.26071076689905065 111
0.2708072148809365 0.25827517618408075 111
0.26910013118203074 0.25481427327587186 111
0.2641107963643696 0.22386409716801017 111
0.27345489732700934 0.27027120148441397 111
0.26943798898862853 0.27053066762224814 111
0.27450913233550794 0.28187483565582566 111
0.268243646827222 0.2618512337573174 111
0.27151063938903386 0.24637114831414667 111
0.273784898817806 0.265720141490166 111
0.2753320113485307 0.27885849061577195 111
0.269458951116501 0.26221591264639993 111
0.27491832473419686 0.2631652427397992 111
0.2735643868903441 0.26549545240499645 111
0.2735392593263645 0.2675235311948868 111
0.27456252062971365 0.270225992934361 111
0.27613416098536786 0.23881881357773854 111
0.2737129091362244 0.24180511587405215 111
0.27521700653246833 0.2670092344658185 111
0.277984987987394 0.26371806856117674 111
0.2781586348588723 0.2630811936573945 111
0.27625222722571013 0.29016735143008904 111
0.273853650679332 0.2508814878812301 111
0.27826456428498747 0.2749641096282017 111
0.2748281389671195 0.2445701582445085 111
0.2698702085119625 0.2540603842518751 111
0.273105166748925 0.2568130319319137 111
0.27437041722089534 0.2557630984520263 111
0.2717279843081935 0.2691089970851023 111
0.2690262730059874 0.23696223050251528 111
0.27925114961598196 0.2582277333245497 111
0.2658883603417016 0.24978493467654517 111
0.2691802227425702 0.2704683057255005 111
0.2783530999880884 0.26350569854245104 111
0.2756627684015701 0.25233784199414405 111
0.2801055237702228 0.276296191825018 111
0.2783465418284573 0.25644055570601887 111
0.2800880308156731 0.23256104067951164 111
0.28246336215224155 0.2799844595660738 111
0.2755223160999828 0.25833387628026605 111
