training...
0.231666016773203 0.10831665348899736 96
0.24581918297852048 0.15758585832420546 96
0.27444671869705617 0.18562182171877326 96
0.29245614552130883 0.225657055416905 96
0.3007059734085344 0.22125422259423927 96
0.32632371545614497 0.2490158212272784 96
0.3466592489331246 0.30850883184289757 96
0.35594659415849933 0.3179618512110563 96
0.3659306796432451 0.3069484434344621 96
0.37282493301984915 0.3212901885002024 96
0.3775854987939334 0.3015946547194176 96
0.3886909113888894 0.3178000771110409 96
0.39165917982247084 0.30443433790926017 96
0.39132626128273174 0.33143354656470186 96
0.3870783366847104 0.3360713109429496 96
0.39809936512487826 0.36617933533702474 96
0.39779541666613333 0.35189689574423344 96
0.4112211844743742 0.3872209002125036 96
0.39937407778027323 0.38291000986247503 96
0.4034246282636291 0.36215047975389364 96
0.41268466271277654 0.3837502950340246 96
0.40894361397192885 0.36752423961786046 96
0.4072296783202276 0.3611420186791398 96
0.4084779889120837 0.32512095821575865 96
0.42248292924069847 0.35175811341253205 96
0.40682364877299104 0.3539527088042487 96
0.4036183650890055 0.31613162849713816 96
0.412054726941045 0.3505642077055689 96
0.39208352456105794 0.32907704779501135 96
0.40308092519872235 0.353194258802203 96
0.40690620087150803 0.35715912115111975 96
0.4029942532175845 0.346913650613918 96
0.4062351277776255 0.3678686901866024 96
0.4103031401729897 0.3608114979256828 96
0.3995268693713247 0.3628501052372237 96
0.40980852332185447 0.38803743995708984 96
0.41509703369299245 0.37497362057868594 96
0.41866424732740587 0.388224692960043 96
0.4125619464909021 0.3771765777360945 96
0.4047237212789883 0.3646324825576688 96
