training...
0.2741873878328966 0.1718951713713826 96
0.28905221245215135 0.18344867819872024 96
0.3183451224583496 0.2240241554683799 96
0.3302508757467599 0.26162755169616225 96
0.34893268606335 0.29500485704129753 96
0.3434087897710632 0.2472569919212942 96
0.36835227479362315 0.29361454035072676 96
0.3695290532913167 0.3275750180947692 96
0.36932526641480407 0.2860649649106034 96
0.3784436575143122 0.28407882573486065 96
0.37818076624247104 0.3032374652457314 96
0.38503891002596163 0.31193395711832245 96
0.3816672348870431 0.33929930154564153 96
0.38629281630911155 0.3330917111419104 96
0.3943584649559449 0.3354152475699901 96
0.39488431704629207 0.3524621926491661 96
0.3878643187992055 0.33194465503683745 96
0.4028666407351602 0.3676374768398303 96
0.40123544230430924 0.37793799127009303 96
0.40298427154488575 0.36510834935553826 96
0.4053846521953866 0.36032254144376413 96
0.41691159985915816 0.37933457557947825 96
0.4056559003965064 0.37053359229385063 96
0.38835149044729617 0.32276824080021893 96
0.40847850096362376 0.35038703198954235 96
0.4092251601474322 0.39633938144535663 96
0.4041459753228092 0.36279463260052847 96
0.39830777677753987 0.33574577921263205 96
0.41890621339575135 0.4022215965512075 96
0.4128096338067087 0.39093938326856587 96
0.41186291580945406 0.3477691959670858 96
0.40643201131875406 0.394785733877369 96
0.4058446475170318 0.35807570861051885 96
0.4118595537429246 0.37250294819205443 96
0.414281169660212 0.3843040068730452 96
0.41152097589775133 0.39459401343554146 96
0.4144288658397879 0.3485261499174209 96
0.4072207513052872 0.34749836456454325 96
0.4131062330632395 0.42431554325793464 96
0.41904220008359444 0.3857783530353537 96
