training...
0.301381069990687 0.2278048382083198 99
0.32653004529518426 0.26300801962748027 99
0.3524230162656088 0.3031264702687745 99
0.36999898749873117 0.3354328400022843 99
0.3832193811065713 0.3369561594521498 99
0.396671177848328 0.35680430277040004 99
0.39832686263872863 0.36455446756748494 99
0.40815319375200954 0.36917584437113354 99
0.4062765589696785 0.33107477135894336 99
0.4166237284722463 0.3710051531371959 99
0.4186434362251675 0.37531979087427714 99
0.41247169622329904 0.33785561519797114 99
0.4175815456641632 0.3561182732094575 99
0.42156535205246204 0.36662954729649505 99
0.4398644000166729 0.3876758143530723 99
0.4304621676797637 0.3904596824200414 99
0.4378568939742353 0.4297682906307311 99
0.430535764813201 0.39221932358761824 99
0.43138892659737865 0.3836072001117689 99
0.4406099592307943 0.41490843045435977 99
0.4418878040008764 0.4111966279375915 99
0.44781419355295626 0.38791954128537115 99
0.4379414377936829 0.43249070021226393 99
0.44126052402942134 0.38687453040972447 99
0.4336605535234666 0.426640283681231 99
0.4296290091914325 0.35986844012995384 99
0.43094531147913717 0.3842602290074982 99
0.4259882348672426 0.3685612746100947 99
0.44529429965679507 0.38709651506095744 99
0.42853480815702377 0.38166973882152766 99
0.4171514606975064 0.32706385329603543 99
0.4415068242274405 0.3971302300119267 99
0.4379357312869664 0.4035725915876736 99
0.431054789504931 0.39287190677953515 99
0.4434484605488654 0.37757089393471155 99
0.4437745378168166 0.3603352017618963 99
0.4461771205109266 0.41041886329785543 99
0.4416042652177838 0.4298309279196407 99
0.44113728720797857 0.37708368213148036 99
0.4403848940587337 0.4208588844745914 99
