training...
0.29753212972971904 0.22090430518650256 99
0.3115198424827922 0.27834331041699567 99
0.32869734744553786 0.28389657010955976 99
0.34505177791596353 0.27805298694977965 99
0.34746248272485497 0.2916914975255658 99
0.36161397035561044 0.2989741921011706 99
0.3670496193674233 0.32392971226255357 99
0.3670075586887971 0.2987346968817871 99
0.385684960519898 0.31971733996671453 99
0.38717787363309436 0.3527469157520783 99
0.3895487557232231 0.3003918950981164 99
0.39292594459955066 0.33667583801166195 99
0.3946910881860339 0.3739508839900944 99
0.40095561522783485 0.34803633729952665 99
0.3958599067340838 0.33047888221474925 99
0.39866397401850795 0.33819251601068473 99
0.40607774176022454 0.3131075031600567 99
0.39708066418027227 0.3194253343434377 99
0.40765329889667373 0.33121396210203863 99
0.40362482742597905 0.32906583705846637 99
0.41354176699997536 0.3447713999287548 99
0.4043458277043083 0.36031468390427135 99
0.4059297442728001 0.35815262716653523 99
0.41738213247067113 0.35800101147593344 99
0.4035199112473931 0.3441047628335227 99
0.4131735667166367 0.3422985566185262 99
0.41626663157014987 0.3549400805076024 99
0.409356729795123 0.3320897823277368 99
0.4138274006535606 0.3578082707619446 99
0.4164873290082422 0.34346606574140726 99
0.41324217301837746 0.348813804265226 99
0.4318841687709154 0.37401025925996884 99
0.424159393020109 0.39141082974213137 99
0.4258653221495187 0.36613551926003773 99
0.4220493595785566 0.3339083895720256 99
0.42250181315935503 0.35685399677438345 99
0.42675680731392757 0.3731959855204179 99
0.42387281660393966 0.3698987207530501 99
0.41755743280594326 0.3501401247892649 99
0.42212784290202193 0.34917594934251234 99
