training...
0.06627847225306611 0.012087374497277365 111
0.07199452551292833 0.021464725630703046 111
0.09419171054392451 0.041476180803889526 111
0.10205465959671273 0.050382385555875674 111
0.13879891834367708 0.09561356451046094 111
0.15546189392352472 0.1036309802477601 111
0.16842372778471376 0.12625877289137144 111
0.19108163143323156 0.15738574581835485 111
0.20280796653622243 0.1546185999684159 111
0.20637302963227686 0.16415059284478906 111
0.21647444607380753 0.19254718168400028 111
0.2172495141767434 0.1737778746234448 111
0.2160578747891101 0.18243471358818872 111
0.22432189447120007 0.19517070454655358 111
0.2278617852314957 0.2054715257896254 111
0.23206522952350464 0.2238757744471408 111
0.23394512148255248 0.19691142124184702 111
0.23090969451816157 0.20699028111985818 111
0.23683853289842907 0.2059429077199446 111
0.23855755346443025 0.22013780232189398 111
0.23954184666275666 0.23068461206045277 111
0.24284466360110543 0.22631803945760315 111
0.24041594935035057 0.22184739936126402 111
0.24699373085101628 0.247820517078856 111
0.24807158685333416 0.2256288399484234 111
0.24036573902327793 0.2363960851812036 111
0.24761089912480236 0.23390106539144043 111
0.2503029267433342 0.2403269443868201 111
0.24744085608393257 0.23198023980226487 111
0.2487606453557746 0.24102711485193418 111
0.2541208488328236 0.25476401803402804 111
0.25750261475102126 0.2545602287133948 111
0.2572689492479696 0.23096301371247413 111
0.25807682296127593 0.24469279451680634 111
0.2557154525515879 0.21775049125006762 111
0.262729418826564 0.24655013724797614 111
0.2630202561827715 0.25164444106531114 111
0.26097261116321985 0.23871244870988353 111
0.25775764517098476 0.22550479744745153 111
0.2623545126617691 0.2492851848210281 111
0.25899361572943935 0.2419209167763588 111
0.26468599060544595 0.2667466610485394 111
0.2694802268889656 0.2815162415442168 111
0.26271792485308215 0.24432725451012155 111
0.26192504953558526 0.2600681463410741 111
0.26177555828387494 0.2434871164840948 111
0.2655374256894697 0.262163247661558 111
0.26598838620873744 0.2551590282276855 111
0.27175494137166833 0.2554727249374249 111
0.26805913664919134 0.28400740334228425 111
0.25917615931035437 0.23511212327289377 111
0.27208601897337353 0.2546157411152829 111
0.2659361677635911 0.2491469849516919 111
0.267238849190945 0.23544004748255748 111
0.26870025182823604 0.272800333900929 111
0.2738039303198676 0.24155044644355728 111
0.27348828156834476 0.2686017498007842 111
0.26904958112580213 0.2582177834391835 111
0.26943379977168924 0.24629159518606214 111
0.26414668414885806 0.26675312978667126 111
0.27026091128573215 0.2571314921509919 111
0.2683321749319208 0.25904447600033353 111
0.2691212965494194 0.2616524441134961 111
0.2712291897175738 0.2568324544112309 111
0.2685164959380559 0.23946843238952284 111
0.27638377647920453 0.2628518230619051 111
0.27347390323139786 0.2478628701037729 111
0.26789970774753397 0.2577296315827391 111
0.2744300553562003 0.26295820433099254 111
0.27204241137646257 0.25805657863836645 111
0.2732101664355675 0.2556648467702317 111
0.2718545383884757 0.24658679751906698 111
0.2761419611061293 0.27232325303313243 111
0.2751096630864665 0.2677107255422364 111
0.271606796635304 0.26380676057978714 111
0.2704710662613532 0.27983937573388534 111
0.2730158363672978 0.26478229315421153 111
0.26946084268520676 0.252337631193177 111
0.27632340792352067 0.2667723672792495 111
0.276522778392501 0.25655668135353005 111
0.2735653397502616 0.26375041517958125 111
0.27111390441408034 0.26480976984756094 111
0.2687804452118066 0.2630822795751605 111
0.27163196915048776 0.25940496567903226 111
0.2749281939987994 0.25013641236592665 111
0.2773979446406253 0.26218311835994257 111
0.2771757579020877 0.267643541655091 111
0.27462870582502186 0.24721663127044965 111
0.2766080715381091 0.25939729760422436 111
0.2759812435043843 0.27106258206051426 111
0.27274809659549293 0.26959146617672086 111
0.2708181683469664 0.23742530165515144 111
0.2733872372979485 0.2622256600216384 111
0.2714055782605831 0.26261324748989995 111
0.2772963184344266 0.28121078160101454 111
0.2713155095869404 0.2628297111591253 111
0.2746053269332624 0.25074425173983905 111
0.27164520201539766 0.26686004835612326 111
0.27234147946576054 0.2453880265205982 111
0.2734469939510514 0.2350258110832672 111
