training...
0.3033172709111386 0.25386148730263597 99
0.3380501838599609 0.317035750168938 99
0.3574135495339173 0.3476691806078151 99
0.37085258774796276 0.3510526029315204 99
0.37117843714745496 0.3530590533762458 99
0.3955137871691686 0.3689907952800513 99
0.39663922543277325 0.3746532977528337 99
0.3994166769731097 0.38055499991506286 99
0.39767348930358715 0.36200851841228177 99
0.40607635380859763 0.3361367786779747 99
0.40047497987520864 0.3670132147045363 99
0.41228404611495123 0.4000200070102409 99
0.41502473756132896 0.3467345450744813 99
0.4169937816406904 0.370841370358423 99
0.4070426599144951 0.3610190372799289 99
0.4113954382526399 0.35661061039489095 99
0.40972458935791856 0.3471386497319242 99
0.41585904333941826 0.3539519745742012 99
0.41211490581091514 0.36468224817993106 99
0.404710491900193 0.33671042150557484 99
0.41533376323783155 0.3474970166688912 99
0.4144066412885121 0.3458144939151453 99
0.4166885588496501 0.3357429993797286 99
0.41637402726197364 0.37563899368500203 99
0.422939321806024 0.3716216420862184 99
0.42015331596638006 0.37293984015408044 99
0.42186993004793244 0.3385683999486585 99
0.4159191163756179 0.3602225339767796 99
0.4217554323590056 0.36732718662692315 99
0.4271291474620308 0.39850249288692613 99
0.41921002611740005 0.32163788976187063 99
0.40802069663828233 0.3094616465582604 99
0.415847473087703 0.35121202928667905 99
0.41901406579086 0.3397669413692509 99
0.4214434290435085 0.34698860926733477 99
0.4315731256207314 0.37435870369640833 99
0.4149507249200423 0.3305835544549798 99
0.4010358671325753 0.32659533685093944 99
0.41669632596725 0.34434858855642114 99
0.41525705257587303 0.32121822986035775 99
