training...
0.16095937598692392 0.1118740678060508 111
0.21523888407217814 0.17995716067555592 111
0.24138515235649122 0.2164397086704583 111
0.25828655501652703 0.2718975831104991 111
0.26267182411881007 0.24048399355229572 111
0.2708744566837979 0.2502547218011003 111
0.2650401314429133 0.22977483667161755 111
0.27742445219303025 0.24648286229135338 111
0.2774090811982972 0.27552686778228325 111
0.28036031499217595 0.258833746253063 111
0.2923543627395092 0.29141604965264395 111
0.2813227463375517 0.27559660559272986 111
0.29406921530106017 0.267313801953151 111
0.29123356194170225 0.2908511217879551 111
0.2989161821941261 0.2962698690560467 111
0.2905411120481206 0.26580666239133466 111
0.2858132131705218 0.26835133467057537 111
0.3024330671428104 0.2803527497434333 111
0.28958431921252914 0.24704124125893875 111
0.29220426202470046 0.2920723077225386 111
