training...
0.06222965277034433 0.01568279908015279 111
0.08456321914995546 0.032580225219917366 111
0.11300171174713754 0.060104842037297164 111
0.1386356456090492 0.09622852423232128 111
0.15260526840903044 0.09930372414063011 111
0.1701372808826732 0.13284792750940033 111
0.16231893491295038 0.11931389378093413 111
0.17302034447486542 0.13776421052549223 111
0.18474073941623995 0.15055520162098837 111
0.18579530013108136 0.15823527218234007 111
0.16998250640431126 0.13177438593144247 111
0.19059794168272157 0.160028301552655 111
0.19235011621390974 0.16103112950521456 111
0.1894590125499077 0.16456959044873692 111
0.20067469080004063 0.17509918827447488 111
0.19586433757629196 0.16893617407547246 111
0.2055842865051401 0.175713274303391 111
0.20597191597136552 0.18901806033122392 111
0.20938354986721977 0.19071493496109182 111
0.21282670729074193 0.19730769713031038 111
0.21311958861198715 0.1855279690789424 111
0.21731212070117556 0.19751708477070937 111
0.21357552693583312 0.19175573653838232 111
0.21977722183734816 0.20490155308124897 111
0.22428821757143472 0.19907941516932393 111
0.21891800237707507 0.20571487603098731 111
0.21955374095347002 0.1963691661574588 111
0.22547235243233302 0.21316037307865301 111
0.22945648212512215 0.2086543197162654 111
0.22066548061316255 0.21263974721204146 111
0.2272378745977852 0.2096587231810128 111
0.23363512807722756 0.20868835621380777 111
0.23081928326355253 0.22260435596310038 111
0.23469830999803676 0.21649058447028394 111
0.24035635679340525 0.24284096262005395 111
0.23832622177316684 0.21397759009838874 111
0.23678781341995245 0.23348861571284305 111
0.2382755157294335 0.22261715553777578 111
0.2323853423260411 0.22073111362520156 111
0.2381220812600584 0.23608258715745983 111
0.24310913837344328 0.23245089807806227 111
0.23726986194309446 0.2056758670347572 111
0.23508771773700385 0.2120871103895346 111
0.24374557883869255 0.2337794105790451 111
0.24086484774236744 0.2324203692200809 111
0.24333835412419783 0.22516494198843262 111
0.24651801713915247 0.21683950206740232 111
0.24095683791901534 0.2085281042172786 111
0.23950128111924354 0.23228599576246467 111
0.2506388988595155 0.23766389411421843 111
0.2414244219073697 0.23458105554998185 111
0.25441548080700827 0.2493250440676894 111
0.24736635407906035 0.22620066846903478 111
0.23904393769004945 0.206178779076118 111
0.24056463194034602 0.2078114933282461 111
0.2478686878692635 0.21241508634528186 111
0.2420205182975036 0.21918884098512578 111
0.25714858820491737 0.2627552264401476 111
0.24585664315105704 0.22512198578133327 111
0.2549480407895317 0.2610925397418985 111
0.24538627137732136 0.22310694617345486 111
0.24485564237277485 0.23632606448217508 111
0.2506810733215026 0.2517482114310916 111
0.252439377039595 0.24208073810636813 111
0.2538933391209591 0.25304472903628167 111
0.25404641680166307 0.25137122003655726 111
0.25611213262830596 0.25984769845748923 111
0.24594445928524583 0.21889378437551682 111
0.2535831777620513 0.25506798576609 111
0.2545225587953328 0.26533993500277403 111
0.2555898307404594 0.2369552672818765 111
0.25193549701125395 0.2278965676154817 111
0.25697059932418437 0.2571223558302637 111
0.2473666424078997 0.2165577925453208 111
0.2511552375925532 0.25766045690792605 111
0.26080906446426116 0.24690892347939244 111
0.2564842565269505 0.2438704184882021 111
0.2529041068639039 0.2203737821745609 111
0.25543806796987073 0.2611938408718092 111
0.2586935439452947 0.2614314365585947 111
0.2613665377906587 0.25878151855802356 111
0.254599744429177 0.24381323290330226 111
0.25993037432357824 0.25091602553485215 111
0.26175559767068374 0.25104876145419125 111
0.2663500095352074 0.2658574387615136 111
0.26302270495346375 0.2571256721377185 111
0.257041007747435 0.2309989804858548 111
0.2561932586852837 0.2450754791402977 111
0.2603784419843923 0.248674085126055 111
0.26260935912456423 0.259888232570524 111
0.26388910034680063 0.2601748295677202 111
0.25936480846994364 0.23602916530475848 111
0.26156330821983337 0.2589005003028134 111
0.26203002594434066 0.2620009733907709 111
0.2621438163387805 0.2474543144970753 111
0.26483352889672424 0.26436198071280853 111
0.26241375990827315 0.270414959327035 111
0.2595430339599059 0.25455041884469365 111
0.26753064021231293 0.26350992791767225 111
0.26146919033370364 0.2513888820462254 111
0.2651416505947081 0.2608573859110779 111
0.2662511708269349 0.26172627203572657 111
0.2630302846703832 0.2556680795778708 111
0.27056969275409254 0.26171625276931193 111
0.25957457340781487 0.2573208736411127 111
0.26693653239273596 0.26847991871965926 111
0.2670985623679685 0.26267986582212177 111
0.26488896205909984 0.24178159693286963 111
0.265946494951957 0.2580466744384602 111
0.26555929106739995 0.24106605369037956 111
0.2584243686367012 0.23519829681797208 111
0.2688225426634814 0.2648411038376323 111
0.2615706629654012 0.2540297442557819 111
0.2599185438814507 0.2591524059934088 111
0.26341505486123346 0.2664865170334809 111
0.2691156149313957 0.2746012411218785 111
0.2717531916050202 0.2777029050534053 111
0.271223554947352 0.27083253235438576 111
0.2694129095201136 0.24784822340961782 111
0.2670024716752605 0.26758983027157396 111
0.2644465243202768 0.2593531642938949 111
0.2655218583872905 0.2614609025783143 111
0.26438801865360945 0.2542661615278833 111
0.27120882977317756 0.26363009426264855 111
0.2602322365066878 0.26840506438447703 111
0.26985239077634043 0.25786527456827235 111
0.26285084834091454 0.2377593606301582 111
0.2628828584034286 0.2611884596259278 111
0.26716472691586435 0.24504793709810824 111
0.2642787150832986 0.24003181875241328 111
0.27150446019790825 0.27414141279799087 111
0.2699232673867544 0.27627366725067964 111
0.2641139409575484 0.24508015664899208 111
0.26481037576840083 0.23936214800152966 111
0.2677677346841645 0.26968396853439847 111
0.2739543200136576 0.2813561079932849 111
0.26737481231689386 0.24929169654787756 111
0.2714093420935144 0.2748591378825057 111
0.27149126982241145 0.26684093523409835 111
0.27170468834431555 0.25955818569798944 111
0.2732464299262276 0.25603506379811103 111
0.27046206712423915 0.25937535095745756 111
0.26852236697389265 0.2533696464782258 111
0.270460039396075 0.27140926354836065 111
0.26926276747615174 0.26883736585459284 111
0.2711168126270808 0.2540918472434416 111
0.2723538981239756 0.28458637208633714 111
0.2680443446916211 0.25910370583252185 111
0.26929549545661874 0.23501288683842858 111
0.2690923023904931 0.24003437558035928 111
0.27217708929287354 0.27863301368952503 111
0.2673683049648123 0.25167960962459546 111
0.26741882891570085 0.27107172660996987 111
0.27117286530198076 0.26637491115852074 111
0.2677596135034787 0.25139777136774855 111
0.2695916969196129 0.26497400032611174 111
0.26532244817370715 0.24345214486468772 111
0.26697894700964203 0.25395607857986424 111
0.2715310645306205 0.2573284105776347 111
0.2671498654290567 0.24065672855958947 111
0.2705804784253174 0.2667211837598857 111
0.27007738322807806 0.24602535022528205 111
0.2698048959335481 0.24657108308075124 111
0.27472107200668533 0.25949061449189936 111
0.26842066866045655 0.2547960842550758 111
0.2746299556828946 0.26443940180521613 111
0.26772758041443845 0.25400279978863033 111
0.2688862098510628 0.2472712288796696 111
0.27159383051180097 0.2560060596979842 111
0.27380003371855827 0.2692765539358662 111
0.27091083190573567 0.266283969427061 111
0.2759076427962768 0.249249482298907 111
0.2733458316362844 0.26262070709752033 111
0.2698784805977499 0.2433243656526252 111
0.2706758505422355 0.24990002822770566 111
0.2689454005298852 0.2579233494038151 111
0.2750811589878967 0.28482943999421895 111
0.2723533225449395 0.25516299571347106 111
0.27214206944092856 0.25779459228032336 111
0.26758028721590355 0.23316233949329754 111
0.27165985837759604 0.2638650600256802 111
0.26936969139438155 0.2669615766528281 111
0.2736366761825407 0.2617979171493367 111
0.2700004227824264 0.2518550017713158 111
0.2677716621745574 0.2613281229935236 111
0.27561614051460775 0.2536067439052283 111
0.2769152700597745 0.25571418033087534 111
0.2723224740859675 0.2726684221730481 111
0.2707855542543388 0.27843727303450344 111
0.2725823012024508 0.255615926889094 111
0.27073434434531984 0.2663507035504189 111
0.2784298380866111 0.2558511688800254 111
0.27733113861793335 0.27034034366871934 111
0.2688469007310594 0.2571494040962882 111
0.2696458309365177 0.24730263354402215 111
0.27379020638077883 0.26156277729967264 111
0.275945665003023 0.2748570723636136 111
0.27522292247292807 0.2852925100099944 111
0.2761295095539375 0.26278916179395634 111
0.27524318287578947 0.2641910416997938 111
