training...
0.24048543985580825 0.17308066766108354 97
0.26182673248495764 0.19651700065623195 97
0.28401859281181857 0.21293646937859645 97
0.2907578299591099 0.25180246484445945 97
0.3103315468720434 0.27286861957525405 97
0.3288070729241047 0.27661387678147625 97
0.3376348777023078 0.3087840014927395 97
0.3373044710113288 0.3065170445939502 97
0.3570025875848504 0.3553059179551344 97
0.35902604612911804 0.34173123543597994 97
0.35744370443910345 0.36733180689671135 97
0.3683840199067379 0.3700159565394007 97
0.3744391040034329 0.36793392877823866 97
0.378142092876805 0.35066148714530493 97
0.3783680227381146 0.37382704494673047 97
0.38329943384933446 0.3664677617787972 97
0.3832983246163211 0.34310931680319534 97
0.36743429046497444 0.32184577712118806 97
0.3900533563338816 0.3649671527660465 97
0.3836153794400262 0.34910582770741205 97
0.3896578734433962 0.3403351964487112 97
0.3838135313761677 0.36007492037549504 97
0.38615792068801685 0.3709573142348649 97
0.40114009335421713 0.37607418984192525 97
0.38693076130548226 0.3453951261543526 97
0.3842242695810766 0.3459728368531294 97
0.3959888688279869 0.34083916860178815 97
0.3894870765931328 0.3582862047308495 97
0.3895159515053633 0.3533437939047015 97
0.37502751013015007 0.3385806011981042 97
0.39810275696465675 0.33470638927421253 97
0.38849992478508977 0.3336977032470224 97
0.3904464593096591 0.3665339586838148 97
0.3987989528998311 0.38739916949493525 97
0.39505090949029875 0.3522386417347624 97
0.3777314655108692 0.33464957911358467 97
0.38148477389178703 0.3370209019277377 97
0.37739895318561373 0.34549763862115984 97
0.3839067594428247 0.35170562594572435 97
0.39311540336857487 0.3716212528122259 97
