training...
0.10164588566456316 0.05162868563983747 111
0.15693305748659633 0.10253165442349545 111
0.1742638336364676 0.13241972385145506 111
0.19179794206158432 0.1568378277697357 111
0.21201272329737714 0.1976322026680474 111
0.21178450681175215 0.18701322035103057 111
0.21759449375031106 0.20029783735080656 111
0.2326212206867136 0.21224254412825316 111
0.23269156254806397 0.23051932274518427 111
0.23593381933916924 0.21623220447965008 111
0.23863720079254153 0.22181943492102876 111
0.24565680184701702 0.2272820067354857 111
0.24042633088821602 0.22329018766717462 111
0.24993522504918367 0.24531813975375508 111
0.2587556697211106 0.2601226991711783 111
0.24988089742411748 0.23453301466259852 111
0.25443953772069 0.2479612199993282 111
0.259419511250546 0.22209590387125774 111
0.2595848209822936 0.2588210808258323 111
0.2590192958305897 0.2513416170141824 111
0.26389497539976203 0.2681971464789184 111
0.2688898117737991 0.27273210800164205 111
0.2611450724294839 0.26038372555196104 111
0.26725795298648414 0.27574771880059834 111
0.26386542555439396 0.2543705175740696 111
0.2610656542405338 0.24710032542913393 111
0.26333517230631587 0.25231938110757024 111
0.2646671208786658 0.2641936415123812 111
0.26928620764559247 0.2793060126082021 111
0.26936159022485523 0.26619775403501744 111
0.26726806081248383 0.23668568360067882 111
0.2782726828489876 0.2661202504936967 111
0.27101620524232983 0.2701425318267196 111
0.2717323998945819 0.25425451662105203 111
0.27566426659261284 0.25981638514390026 111
0.2761586858548936 0.27042208071250334 111
0.27989150016343955 0.27372600255718427 111
0.27788463021324306 0.26655998698643885 111
0.2713707399960027 0.2514584963199077 111
0.2754475762062818 0.2577285767253285 111
0.27738095069815627 0.25576905837038844 111
0.2835137250007158 0.2708796595128243 111
0.28444161273190893 0.24451965356868383 111
0.2830370058072572 0.27713317309765007 111
0.2791116494761137 0.2764348388321308 111
0.2802830287212807 0.24212782619884668 111
0.28115094735188906 0.24679677760290514 111
0.28055653804591435 0.28151354745792245 111
0.27476097409714856 0.2479440320480354 111
0.28030787347159714 0.2788229263025825 111
0.28084415790750217 0.29802787742442316 111
0.28660090688698275 0.2914452566575036 111
0.28420592067149725 0.26064410649698694 111
0.2812682962283785 0.26672147942732355 111
0.28036723086168547 0.2622163412533955 111
0.2848064796375961 0.26245735681316146 111
0.28396154471135504 0.25328124425182236 111
0.2863329510257269 0.2775708794460415 111
0.28774535948631835 0.27803441794114536 111
0.287833585568552 0.27964914669623736 111
0.2783142533320842 0.25899443987054843 111
0.2811535954487412 0.27635515467224353 111
0.28460446051209753 0.27430425307386513 111
0.28167478076239105 0.2792656360669691 111
0.28364036141846355 0.2659827503334688 111
0.28686125466417295 0.2689164354728258 111
0.284847384538038 0.2653449758333548 111
0.28447858745689486 0.26770278136822234 111
0.28951508068318943 0.2792805202065838 111
0.2810102599202668 0.2551447806318184 111
0.2828839697556856 0.2651145632115977 111
0.2763673854745607 0.25414932377884353 111
0.2831019914058767 0.2725141819044864 111
0.2820587423315948 0.2649912405567809 111
0.28265331074593175 0.267712846924576 111
0.28238321829602375 0.2621935187009976 111
0.2836432108233546 0.2657687685756915 111
0.2813531830622637 0.2731966942777862 111
0.2872580397933296 0.26269019521734366 111
0.28601194542172453 0.27597372968643485 111
0.2867228493759959 0.2720021773338877 111
0.27858320116299146 0.26211969754018627 111
0.285239842353696 0.2649564806265723 111
0.28391990103406983 0.28314681713862627 111
0.286413117114719 0.2486671722052328 111
0.28989563055977957 0.2883282490109424 111
0.28868416457629664 0.2772286798349872 111
0.28621414891906466 0.28291440651329414 111
0.2880918189684291 0.27692014929971087 111
0.283772418862192 0.26978337709232497 111
0.2871540950884239 0.2848430957589255 111
0.2885142659175766 0.28617498394740537 111
0.28812369484741884 0.2932457892786572 111
0.28107074223555156 0.27391364100981413 111
0.2846816147863208 0.26801590860151 111
0.2869273644006424 0.29830048989203667 111
0.2890645364323765 0.27169361403020986 111
0.28141318377619445 0.2585729851039615 111
0.2870789759005407 0.2729412887975932 111
0.2815223900063156 0.2826020961727853 111
