training...
0.07037046269644151 0.0198460629731503 111
0.08455474012969676 0.03849895998953265 111
0.10426273081803647 0.05171567803937155 111
0.09295650913231038 0.03994913544294426 111
0.11287472492378216 0.06012928893097261 111
0.14727356573612985 0.08964414113798978 111
0.14917363389884183 0.1025931110371031 111
0.17556511596913896 0.14426817457442723 111
0.19669770297793246 0.14581796746071277 111
0.19137015654473696 0.1418281139624036 111
0.210089553306024 0.17706234340097307 111
0.2169495748893983 0.1810368893672918 111
0.2097292817535405 0.17868649356844699 111
0.22009241731762394 0.17809432207631398 111
0.22273946139911804 0.18801001361349673 111
0.22388007580036956 0.1838319167945261 111
0.23064550994214175 0.20155201600312614 111
0.22509124041058587 0.19480050454910114 111
0.2323774038720743 0.2085647493926751 111
0.2322633081833497 0.21329144530563462 111
0.23304945601484 0.20805171003689274 111
0.2373095537442492 0.21947391218248533 111
0.24036478637464537 0.22057751054154306 111
0.23705400553050582 0.20626436433042378 111
0.24019293342981654 0.19751094060204863 111
0.23927068001003324 0.2244263249473745 111
0.2420818661024714 0.22913885823236535 111
0.23888536613511047 0.21339120031572512 111
0.25099598882676216 0.24424748342232747 111
0.24390156106159944 0.24341245269227738 111
0.24616512694438944 0.22514287979298764 111
0.2536426340094844 0.21465821081758776 111
0.2508593250580982 0.23522666272441806 111
0.2538087635670854 0.2201697580709858 111
0.2576240246900903 0.26082853594506394 111
0.2530037463126159 0.22820660733218273 111
0.2568703711324857 0.23553850442048932 111
0.2530130411968112 0.23377112092248234 111
0.25925799053115745 0.23163900493704914 111
0.25839537971279053 0.2282341827690128 111
0.2550685612386988 0.2281354746162923 111
0.262483013454181 0.24604882095981115 111
0.2587127780308543 0.24200012186775638 111
0.26069873807495325 0.24783999511122495 111
0.2606578620942307 0.23205477017415213 111
0.2665131638653569 0.24596095837641363 111
0.26303822252022335 0.2387175081703696 111
0.2614376739149372 0.2428756972960945 111
0.2636418568754498 0.244254926868553 111
0.26382130441326607 0.2613487396992899 111
0.2606883701283667 0.24187012159318189 111
0.26722175900650597 0.2572671610972286 111
0.2694088582702153 0.24556232033586053 111
0.26515626044459356 0.2479277685465703 111
0.2661843627512315 0.26423715229546035 111
0.26822057216132855 0.24245334266148053 111
0.2641509445768788 0.23488936775324304 111
0.2663522675681222 0.24866492841351975 111
0.264183342948623 0.2400670927191298 111
0.26354154193222806 0.2446568643929469 111
0.2642226065759614 0.24629968672942382 111
0.26584259759303247 0.23101669407325537 111
0.2667160027595963 0.25132379563347285 111
0.263732121182263 0.2388913853133335 111
0.26446550638851957 0.2314195570905311 111
0.2694908125665657 0.24279239719807455 111
0.27073523964091023 0.2512989971750542 111
0.2646876451853597 0.23485780929780736 111
0.2613519968706716 0.22549846848353905 111
0.2725562696926004 0.24896837622373588 111
0.2659262927403095 0.2626086278209064 111
0.2692117278335781 0.24232527324267994 111
0.26380661323764026 0.23143787027755178 111
0.26691323694212915 0.2550531138247432 111
0.2699138646137113 0.24752307369511722 111
0.2670422057143372 0.26034362773127584 111
0.2674980968062683 0.25224399752715715 111
0.2708545884605306 0.24860421839442934 111
0.2677715795082826 0.25382501668183893 111
0.26596308621323445 0.2200420778832966 111
0.2725441260152 0.277311869861423 111
0.2663255857979015 0.24881390239146137 111
0.2734734110286387 0.23150271449410553 111
0.2682609572365322 0.22992163043231667 111
0.27078707323068735 0.23821391126865807 111
0.26857200235627826 0.25846415233275144 111
0.27112061647617075 0.24886996623591093 111
0.27303496109483133 0.2146234571700795 111
0.26831324700275194 0.21425864661830274 111
0.2677469565352037 0.23139754318424854 111
0.26626274824056645 0.25945739802318435 111
0.26834370573654576 0.23605829010543522 111
0.2679525039622259 0.2418225434199377 111
0.2719878350563487 0.25115005549419683 111
0.2665237759521054 0.23007857430530143 111
0.26765515870846623 0.25200269623387594 111
0.27114681441782135 0.271312385286914 111
0.27609136242040416 0.2500841149479854 111
0.2692323771141138 0.2382902360520728 111
0.26865107899010066 0.22422858473767676 111
