training...
0.09588691345163801 0.04119582382215724 111
0.11465999306265637 0.06319994165615236 111
0.1601210525138165 0.11985425936947072 111
0.17468249693028512 0.132862153990043 111
0.19695877379493187 0.1650477678383185 111
0.21789817422804278 0.18173350919414483 111
0.20932659022697547 0.18733888730948703 111
0.2262206913066188 0.21125363872355576 111
0.23510743410764856 0.22774880416842283 111
0.2339000588006285 0.21999468787408705 111
0.23966662391198115 0.22489791602606238 111
0.24383220547686818 0.2319253039292459 111
0.24540794919558304 0.23637412422180434 111
0.2453414591486534 0.2509794747930275 111
0.25634760757109076 0.267650201941568 111
0.25122678225128975 0.2586801055883335 111
0.2532940569457006 0.23670691026998858 111
0.2610475816924399 0.26698292644657745 111
0.2617224546473351 0.2542486318361691 111
0.2631839871015336 0.2519715124634673 111
0.26358390392710757 0.25952164501607183 111
0.26442087074894977 0.26546552973556864 111
0.2688392030526205 0.26966241171460215 111
0.2668935399845594 0.26612431025944955 111
0.2718188942340533 0.2647657126227539 111
0.2729645987184155 0.2919595590475588 111
0.27239561429918596 0.2778731455010308 111
0.2677815104131732 0.28252357354405055 111
0.2744226303054892 0.26520560324758874 111
0.27372542766589736 0.29282416674776546 111
0.2721349396613646 0.27070105328894983 111
0.2779775123283123 0.274488401173941 111
0.27337422170720294 0.2490212136208678 111
0.28306807139819823 0.29657370215772183 111
0.27754100251381314 0.2819320720081453 111
0.2766981754186186 0.2603688156475726 111
0.2828293013504993 0.2719698118222619 111
0.27618587969463626 0.27809659375061985 111
0.28253050980259775 0.28582809979118434 111
0.28558335754275443 0.2782556489318163 111
0.27909063123795835 0.28511134657782716 111
0.2792430746189621 0.29616151443132266 111
0.279519329517081 0.2579207593314402 111
0.2841817664777303 0.29117859488169806 111
0.2784345879827314 0.28985561845456237 111
0.285692725208899 0.29220634236056314 111
0.2862471746218826 0.2611258740897659 111
0.28165548110821054 0.26530960376625967 111
0.28487252853374423 0.290535600120891 111
0.2804537521693911 0.277061314136499 111
0.2794515473525891 0.2810955728595502 111
0.2830756526562342 0.2830005720706286 111
0.28899850490883644 0.27429915392130616 111
0.2864322601074478 0.2654675874473003 111
0.27888172468787625 0.27305965610850746 111
0.2879544938737899 0.2866381475641712 111
0.28358603342932853 0.2844956504761599 111
0.2858273153198024 0.27927356075397364 111
0.28560077901449105 0.27892242587866106 111
0.28231938793568745 0.2842762277321642 111
0.2876692100303082 0.2812787031229763 111
0.28488436046887483 0.28260549476717417 111
0.2857210663151337 0.2824591695708071 111
0.28272709383017397 0.2686184920597685 111
0.2875682124975671 0.28818895371134123 111
0.29160094672499154 0.29831605991891247 111
0.29011384970395093 0.2877589203588053 111
0.2902208150948614 0.29087807772577523 111
0.28729320980065287 0.2876131125260102 111
0.28906601496024814 0.29834558158561164 111
0.2945132466346528 0.2725054100699575 111
0.2889817718109921 0.28528815323244217 111
0.28758281831003174 0.28959327636645565 111
0.28520680398211806 0.287276931907228 111
0.2873096666366092 0.3010470434112833 111
0.2909098631355124 0.3011861068820159 111
0.2912573365628031 0.2718661226476274 111
0.2919057815331195 0.2847684839831297 111
0.28969430207648944 0.2843084846517938 111
0.29237717978348726 0.2918109563759403 111
0.28972000239112267 0.2854535638477152 111
0.2893203567652593 0.29058236444654545 111
0.2933542595401657 0.2917978114225993 111
0.2975784381378421 0.3022751357983526 111
0.2919339315108822 0.2801451502208913 111
0.28636016090349237 0.282274970900322 111
0.29218749524656984 0.2670507818967207 111
0.29370337510687095 0.2811844847808342 111
0.2945270421499742 0.2871498581039519 111
0.29140947976630044 0.28795814566666683 111
0.2905873772290498 0.28715599664867 111
0.2910124818477576 0.2865594736342201 111
0.28978300924012224 0.2994187192775534 111
0.2886006172005378 0.2861767062278991 111
0.29714760637088194 0.30202222448316285 111
0.2920944526596818 0.30145838916850665 111
0.29198898428428305 0.3035600929363715 111
0.2913711242243509 0.2971471808019723 111
0.29118099370737055 0.29292167516800727 111
0.28815797785232566 0.2829471561107171 111
