training...
0.25036612979420736 0.17231655792548933 97
0.26825908919409036 0.20637326754353882 97
0.2888903498227497 0.24659726522164466 97
0.2962395427708071 0.24103962485548078 97
0.3207491351451468 0.29424329811842426 97
0.32900795698607965 0.2929987307356235 97
0.3366629947757164 0.33020771445791974 97
0.3427810265551798 0.3344564458765791 97
0.3608500117006658 0.33382209310418076 97
0.3718098727499733 0.3545837602869444 97
0.35454795603078787 0.31642337303048546 97
0.3640763344138873 0.33373876557970805 97
0.3811272739627989 0.36970199302765366 97
0.37669577119163683 0.36151294058930816 97
0.3681206957780264 0.34464639486927867 97
0.3711550478878985 0.34579054478070675 97
0.36447789728928137 0.3189819636952434 97
0.37911009999625783 0.35312468781939943 97
0.3759243769756265 0.35472151039711836 97
0.3796005430722071 0.3483730398974004 97
0.38233860448614276 0.3354608092851868 97
0.3914809794997897 0.3572151247955877 97
0.389433971908561 0.35284049140613044 97
0.3874805578622601 0.3401177524107866 97
0.39726110562662303 0.3405705582539449 97
0.38368613291809023 0.3685027877104284 97
0.38289710282829037 0.32748735859533357 97
0.38171964724932506 0.3480912657049673 97
0.3849070665287179 0.3489969097314104 97
0.3868835939106333 0.3401234525252915 97
0.3893684896686146 0.3416499813765071 97
0.3931246844870188 0.3676204377722541 97
0.38382226545321946 0.38295238514188035 97
0.38305736043785515 0.353398361757069 97
0.38382094793730404 0.34655092405839827 97
0.398950494531313 0.36427272356528334 97
0.38462872649912794 0.36410566590366084 97
0.3861246349971243 0.35777398005946676 97
0.3846516636731922 0.348691283583387 97
0.3769959562933902 0.3369724331423626 97
