training...
0.22286155102407576 0.10914179542156384 96
0.24767188389744055 0.14684315645422374 96
0.26995510527022953 0.1773347609721079 96
0.2958391170720302 0.20566681712621765 96
0.3050147536492054 0.23668944027533095 96
0.33467521946091194 0.25495015452429226 96
0.3301609894329278 0.2502506716144017 96
0.3434694299707106 0.2504497235703179 96
0.345898108867513 0.23885736422412168 96
0.36950023660356895 0.3127071975804382 96
0.35970554391874376 0.2930017702194532 96
0.3766680187069358 0.3179161680160366 96
0.3765178021756539 0.3354587885388577 96
0.39172618099759077 0.3533939096706055 96
0.3776945580842959 0.34175184162089667 96
0.3916023753545585 0.3266536932737276 96
0.3908525379985876 0.3629280234687491 96
0.39694265141510526 0.38023611814853986 96
0.4001585163938219 0.37352045633887343 96
0.40261954219379303 0.3704009800591749 96
0.40343003963117874 0.3697476255760928 96
0.40848914318943447 0.3897589770831097 96
0.3951103566389638 0.36933704802417744 96
0.4112937958666536 0.4134892315050498 96
0.4109703118689561 0.41472288309566674 96
0.421327700672615 0.41422184442949006 96
0.4200339882768891 0.3833462957032401 96
0.42136955798602377 0.40537069071777126 96
0.4188343503433533 0.40739147091317135 96
0.4228142543156566 0.4255446121493203 96
0.4074906575328597 0.39211503382672885 96
0.41379132769328447 0.3877903668574334 96
0.4236575829393698 0.41131151306261393 96
0.41385001282684497 0.3947171889092097 96
0.41851450780299687 0.38447628875269907 96
0.4047043365528329 0.39090152676000584 96
0.42097066075056516 0.3862012504946212 96
0.42365451557320205 0.360310917949101 96
0.42251883954385766 0.40990572480915966 96
0.4208348377090128 0.4325675364850692 96
