training...
0.29861818231280784 0.2004881095169006 96
0.28711658000715784 0.2089206547955017 96
0.3277507676196632 0.28819531496890854 96
0.32466476720457577 0.2720037258997924 96
0.3464954796596556 0.32732429468986046 96
0.3454197821926044 0.3072738649594391 96
0.3602531175513823 0.32919751172312617 96
0.36668303343839836 0.32337124069531187 96
0.3680821833024092 0.3044890223156642 96
0.3830208519369684 0.34476007075976345 96
0.38027188598239503 0.30220188003308357 96
0.3813932961644941 0.31375375354781665 96
0.3810231473679721 0.3259524556948158 96
0.38802626901526915 0.3126311531748559 96
0.3914463533688736 0.32315050816362995 96
0.40497416373158274 0.3335591367994415 96
0.39259003031528267 0.34107705335079025 96
0.3940733906211619 0.32263967878885225 96
0.39265332924030744 0.3615873398423483 96
0.3891425339103278 0.3176764305765976 96
0.3991364340880834 0.3415889023700394 96
0.4043424641527252 0.4125835675105348 96
0.39645487069625834 0.37379696393064576 96
0.3968391378673874 0.3612610394398911 96
0.4023249600935353 0.3648672687798835 96
0.40479019757096285 0.3490609017101679 96
0.3969184059169799 0.4077060692700075 96
0.3987677973140884 0.3886605031893518 96
0.4051604298245079 0.38304496446909103 96
0.41074131698638067 0.4032157699600051 96
0.3989400687561729 0.3788910726059161 96
0.3931188826083669 0.35836419397481467 96
0.38309875701644064 0.33467213535682255 96
0.40711504369816737 0.43477773416461507 96
0.4015333844129812 0.36715434013766135 96
0.40126942119208026 0.37404722648643984 96
0.40375927432008596 0.3245364702336734 96
0.4041017797247874 0.33620832193246264 96
0.4050503895065531 0.41479840790618866 96
0.4045138205919423 0.3754381985238535 96
