training...
0.11063219860983846 0.06843970803702099 111
0.14355047788531092 0.09590301363453502 111
0.167460383242015 0.11344141236624354 111
0.18046688281323353 0.1425694538485718 111
0.1913745862051023 0.1517218859466924 111
0.2001928614337037 0.17649350743279146 111
0.19865773259170544 0.18009722300208306 111
0.20595396465912996 0.17212344126206744 111
0.22035990972314737 0.1954966451694726 111
0.21399275628980582 0.17926808951253612 111
0.2148963995525941 0.19655357910303392 111
0.22372557577292648 0.2018960823283839 111
0.2265479697128393 0.20030950877453643 111
0.23121048464004493 0.21015455611485406 111
0.23012386493689235 0.21143940162950844 111
0.23178434815577315 0.2018607058568037 111
0.23628669584787765 0.20715034606971341 111
0.23912090519133924 0.22607749569049732 111
0.23742737149570364 0.2211052241229536 111
0.24592581329773328 0.21638315186616103 111
0.24145170564469404 0.22007534577324622 111
0.2456189507974681 0.21671998968987496 111
0.2428281216023456 0.21953481698034144 111
0.25362330254937065 0.2436948248130421 111
0.2525047821300114 0.24626488603253388 111
0.2533147021345504 0.24198399397669332 111
0.24976053055879302 0.22169211557633994 111
0.25876059452892564 0.23277918591829735 111
0.25931286442954543 0.2293147845903274 111
0.2489877926917551 0.20109618155652403 111
0.2597816873366017 0.24554463804216872 111
0.2591488303990733 0.24365133648345186 111
0.25482182859908814 0.2293965647210227 111
0.2561931955989705 0.2420544434078084 111
0.26798457143969445 0.26079527279392223 111
0.2657142761652263 0.23615875991656152 111
0.2650052194298433 0.2634327809125326 111
0.2659053647854495 0.266530674452821 111
0.2663608646881168 0.24718723318887978 111
0.26308877833733335 0.22657047712412948 111
0.2652137603822683 0.23538822975052046 111
0.2629885893716484 0.24633404306564877 111
0.26585704010657696 0.23667179875412378 111
0.2650181349450402 0.23473898352408376 111
0.26199461731665324 0.23806832243670095 111
0.2684709159880232 0.23965111410788037 111
0.27171294369895643 0.2694542323129204 111
0.26460797109262724 0.23655381883309146 111
0.26653737717107745 0.2558062239205421 111
0.26818831106952606 0.24702835005000323 111
0.26601298164726783 0.24917089361089564 111
0.26851072047618013 0.24993698397329833 111
0.27050113710209356 0.24687709039845904 111
0.26744165278967585 0.2532805694642448 111
0.2696323142178107 0.25496683861821806 111
0.2625233101036878 0.25108225779380483 111
0.26489517841226273 0.23322548973111926 111
0.27321624704054076 0.25176773186776324 111
0.27208259082547226 0.2511518803373486 111
0.2639039538335562 0.22651453911888922 111
0.26042684104443153 0.2355141948452943 111
0.2633487130995396 0.2305661894171204 111
0.26867075269641205 0.23923468246306756 111
0.2704686131173416 0.24513891139736388 111
0.27232066520264925 0.24008417982018349 111
0.27448361000151306 0.24352689920230391 111
0.27220992619706336 0.24960465018127287 111
0.2666618086551134 0.2525181825570978 111
0.2714547426819186 0.25768274132343094 111
0.27206634179734324 0.25983660248434737 111
0.2727551320246676 0.24531073453767213 111
0.26860741169333757 0.24412930532177274 111
0.267768088229692 0.250016325256421 111
0.2682191714058409 0.2423878403893167 111
0.27169438159876946 0.25700302083125354 111
0.27588367828401583 0.24127584140377337 111
0.2749892137134582 0.25368384597253557 111
0.26949722910937485 0.24979363027180085 111
0.27342144872595103 0.24755049423755468 111
0.27088784619734474 0.2558666328504584 111
0.27242020942717937 0.24719470710751842 111
0.2658922970145349 0.24380967120376978 111
0.27182748756919706 0.26615266657162817 111
0.2739909880146058 0.253401770238616 111
0.27735177415571305 0.2520446557470062 111
0.2732288247290188 0.24478409423022054 111
0.27386389736560807 0.25338568223233443 111
0.2742225392947511 0.2527980276960607 111
0.27499077947416894 0.2589115029000401 111
0.27666161153184343 0.267335932806304 111
0.27801039329578825 0.2510041366981803 111
0.2756712575479577 0.26870264212311923 111
0.27411190094272103 0.23991668173526182 111
0.2730312583963775 0.2544220942961524 111
0.27772988631707923 0.2484311230481315 111
0.27804151626876816 0.2571937209443998 111
0.2724377311433661 0.26184065146575547 111
0.27450651868803005 0.25571639463454626 111
0.27531537229001 0.25757884308690354 111
0.27715419714791717 0.26350049397022846 111
0.27913819946474494 0.26395184154797546 111
0.2784919563624911 0.2699464575838228 111
0.27614418780401334 0.2543122114693681 111
0.2859204740265276 0.28736334249292594 111
0.27459838578860063 0.268333573053066 111
0.279387228088435 0.26900304182736706 111
0.2808575293737967 0.2748156926948807 111
0.2748267401171524 0.2798482106250547 111
0.280915431291276 0.262149038184957 111
0.2767322069592189 0.25169446798325235 111
0.2724398169355611 0.24360459694450015 111
0.2791441183368749 0.26186474199175463 111
0.27836599787064265 0.25380494817518057 111
0.27172867578238746 0.26001931974692083 111
0.27420913375618733 0.25481696186743835 111
0.277093573219641 0.24359042222675886 111
0.2810767170500147 0.28476741806553085 111
0.2818724471029205 0.26652743945313406 111
0.28114089226342154 0.26423127846759614 111
0.27893389237177196 0.24852823315513423 111
0.27228642535667175 0.24791301914775904 111
0.2734331180366731 0.2465234645662197 111
0.27953919487866685 0.2544480279201343 111
0.28121200920175976 0.27274847602918156 111
0.2718333989408366 0.247918876958281 111
0.2773542359775807 0.24612978880306283 111
0.2798793878859679 0.27343789436543176 111
0.2744789623067862 0.2640022724569299 111
0.2825792180726758 0.27619357027120767 111
0.27427850276814664 0.22967961541627133 111
0.2839479256939307 0.263838323611943 111
0.2820813997230317 0.27050328444027816 111
0.2754724062823215 0.25404574945037606 111
0.27993170488589914 0.2537535040250512 111
0.27654537938594626 0.2707168424364785 111
0.2824348084556281 0.25887258661472917 111
0.27723427342193063 0.24572638487172813 111
0.28230660091439974 0.2632654516549412 111
0.2813418713812864 0.28047267322693886 111
0.2821232219657225 0.2545293104207763 111
0.2798000640073414 0.2616175056996419 111
0.2819212183191487 0.2624874955944815 111
0.2790687752121608 0.27698865675231005 111
0.28138022955357506 0.26322532299126516 111
0.2760083045420086 0.24920118172879802 111
0.2825612991714683 0.2575611360814618 111
0.2827404307057349 0.26623364792272713 111
0.2787891991761055 0.25238517197475424 111
0.28040952650822765 0.25130267032155396 111
0.28068327518094816 0.26083833330030404 111
0.2863127929954922 0.2774720894868255 111
0.2853065071765604 0.28547410229291836 111
0.2801611917570712 0.26792002123462516 111
0.28174448252785955 0.2814964292543193 111
0.27663360456938435 0.26248462195702793 111
0.2822768951187289 0.26694312298589723 111
0.27931783843297314 0.26752405885665737 111
0.27698630105062283 0.25632482208793733 111
0.28285330055080476 0.2820418049903282 111
0.27913223971351037 0.2570799828321914 111
0.28114037334868325 0.250404183613992 111
0.2788099462113059 0.23562088005580864 111
0.2806508848082364 0.26856247804844996 111
0.28407209550204066 0.26634667483653623 111
0.28141823426004625 0.25743609078820584 111
0.2860463105178786 0.28853462761399457 111
0.27815065669563827 0.26267932212153766 111
0.2824452701836106 0.2537075228414891 111
0.28529381741719667 0.2653591411406072 111
0.28283710655581495 0.25551909734520767 111
0.2840786565998739 0.27206107919582956 111
0.28512752902024613 0.250092419998901 111
0.28136189337644707 0.2633755881623445 111
0.28048496237035375 0.2555350526328014 111
0.28321120100091196 0.2629570445521725 111
0.2794945948131054 0.2692655340110426 111
0.28003139441275515 0.2644534058399796 111
0.28271078217979284 0.2590740102494212 111
0.28143346351978443 0.25749547709399306 111
0.2813586129270347 0.26501634243814537 111
0.27831718059353483 0.26626574038481954 111
0.28158852151647523 0.25938052886118396 111
0.28520649715100604 0.2777806466176994 111
0.2809203564226926 0.2717668886025691 111
0.2862130312748011 0.2751216109212301 111
0.2865176247134589 0.2551989993972445 111
0.28683743370956793 0.267333297067727 111
0.2829729488980664 0.2528052433579312 111
0.2827231615697429 0.2573989934624585 111
0.2858052655856309 0.26495623881340463 111
0.2824987721325246 0.2590592022620529 111
0.28151423941741704 0.26787821375197807 111
0.2832976085560655 0.2591121729809305 111
0.2798084025319894 0.25557307708660876 111
0.2796022346671566 0.26254080170542976 111
0.2820988355959316 0.2578482034263168 111
0.28245191388823576 0.2629852825664093 111
0.2863921451494408 0.26319290892404773 111
0.2845931651694182 0.2677581980139345 111
0.28523692270340284 0.26665016469861297 111
