training...
0.06929544957353459 0.02363831148617324 111
0.08409344100028361 0.03372650831064596 111
0.08129190151867473 0.028271895482926048 111
0.09890863352536192 0.0481540521062821 111
0.12240586155234824 0.07367967926166188 111
0.12869758673894083 0.07139020407608171 111
0.15283042355266455 0.10790740912788388 111
0.17477353603237153 0.11798739427834001 111
0.1996518115984233 0.17277565152489202 111
0.20420984523920205 0.17037607069566327 111
0.20785988987190776 0.16575463974913707 111
0.2167815539358534 0.18192488692702513 111
0.22256673330896115 0.18682559787218342 111
0.22960307767619684 0.1954884869877799 111
0.22483977226763865 0.19269303248250663 111
0.23189637875356442 0.19177713697119747 111
0.2291828685162105 0.20644442357464718 111
0.23771392063355085 0.20652574358237524 111
0.23577808425809393 0.19794321055964834 111
0.23581916257613517 0.19709630271311912 111
0.23833850509377477 0.23337739787669198 111
0.2368948631836621 0.19456168108423585 111
0.2489074776247463 0.233142302134934 111
0.24418783679139838 0.2206574072780912 111
0.2495116135028434 0.24709844973285586 111
0.24886446651899483 0.23485844098529457 111
0.24818083471306152 0.234062628216819 111
0.25157996954934064 0.23887381910723798 111
0.25604141601708374 0.25307009926623736 111
0.25363512664090077 0.24657117489899064 111
0.25196058601191273 0.24140316755095045 111
0.256182595551547 0.26345591050716294 111
0.25813017322354415 0.26216065627460317 111
0.2504062494567385 0.255136551025384 111
0.25722848796919917 0.2600082584829574 111
0.25661301992533714 0.24948872616151396 111
0.2572685235477749 0.24238226857603337 111
0.261894810340246 0.26470930851190816 111
0.2626604938815946 0.25486382935216406 111
0.26426806220122867 0.2628611706428144 111
0.25695267958466805 0.26225243194770986 111
0.2611042882994445 0.26445049689287237 111
0.2677006514988476 0.2692433635376064 111
0.2619378076755642 0.2556448712677286 111
0.2625493448448891 0.2553766529092418 111
0.2665202132051047 0.26327441979935695 111
0.26759074348664225 0.25382926348048884 111
0.2693486405792143 0.28408040539134627 111
0.26272019925446505 0.2577166156945663 111
0.2648612015405242 0.27992725560940807 111
0.2627670215531759 0.2870960255035998 111
0.27292158527517757 0.28017174007664003 111
0.2753873956959088 0.2738130403860725 111
0.2682416570777617 0.2816553914210727 111
0.2713381087878775 0.2839439395378379 111
0.27080011950732724 0.2678266175887143 111
0.26794092561398186 0.25396453469937874 111
0.2742859458402842 0.2607042396657068 111
0.27530752412299403 0.2859618924756687 111
0.27114960150809936 0.29157814041134167 111
0.2732063728920858 0.2749915724384762 111
0.27168326033649237 0.26624242166976675 111
0.27602639571593923 0.285838126567711 111
0.2680858703152659 0.2563237367345779 111
0.2728381554051874 0.27916521133179073 111
0.28001619769264874 0.2810453026386104 111
0.27084962304733545 0.2805557370776748 111
0.2647597788787689 0.26480026033497317 111
0.2712223102213519 0.2441522278649725 111
0.27165631581041605 0.26981155408747615 111
0.27080216066373247 0.25777649617874043 111
0.27248267390098585 0.28887833389725814 111
0.2740142479825372 0.2897580370370156 111
0.2738153354616447 0.2867149208975239 111
0.27642226048629054 0.28626541380785586 111
0.2794953351182791 0.2810251698787634 111
0.2781162934242507 0.2833370882372407 111
0.27187200658547217 0.27894987295909873 111
0.27738749062941126 0.255606971061243 111
0.27660804541952466 0.29756052119689863 111
0.27522610119560664 0.2889837425096514 111
0.27715669378636304 0.29160479906134135 111
0.2790050101815421 0.276478434215962 111
0.27415281888554305 0.3064537389031613 111
0.2746340022836825 0.2821520881787893 111
0.28268315842089076 0.30266879011084796 111
0.2809504456412795 0.2804468058689319 111
0.2749935430266393 0.29413340032576024 111
0.2786451995946258 0.2831090652374136 111
0.27723408022525003 0.29883203367451844 111
0.27687627764423056 0.29011218154379675 111
0.2798297782353881 0.2764614815048117 111
0.2763677627401007 0.2731715362486161 111
0.2759928357015408 0.2714264505190276 111
0.27907996811901425 0.3000988276986147 111
0.28267146778415575 0.29316729839161754 111
0.2774901481102063 0.29275280208279114 111
0.2771596744240104 0.2680056466625364 111
0.2803299718297992 0.29181134877518095 111
0.2774208114413785 0.2701561523007679 111
