training...
0.3217252685894609 0.27636397988103567 99
0.32405911711269386 0.2471806926627142 99
0.32352172530815737 0.2134992518111472 99
0.3353373392910364 0.2967525329185291 99
0.355966212115607 0.3112369305061189 99
0.36768617514254676 0.3186332246507698 99
0.37117150049739644 0.32716459387324803 99
0.3679017701431294 0.304193937438244 99
0.3777789927848084 0.3029260719154187 99
0.38863890291271114 0.3216091280490102 99
0.39065754505860983 0.36541668918520087 99
0.39371956519284473 0.34537535056587715 99
0.3967170890140551 0.3488707749144513 99
0.40532641591231294 0.3533880324214362 99
0.4061506930023207 0.3461407782674313 99
0.39994665021439635 0.3627240875560862 99
0.409435414645755 0.38939123520241187 99
0.3997839977038116 0.36301990357383873 99
0.4134108193477393 0.3860948877508916 99
0.40767610154334327 0.3593324342240059 99
0.4152079867061502 0.37004570588045305 99
0.41035691468263924 0.3557574126554209 99
0.4093228954480751 0.37549808304096194 99
0.42911541970753037 0.36353423650218253 99
0.4152540224719656 0.39865650385125984 99
0.42055536297997176 0.3491205823403705 99
0.42677380946583854 0.38597099694226844 99
0.40930428566431454 0.34886461181188005 99
0.4296391697491541 0.4167409060399376 99
0.42609486000303953 0.40614330031121076 99
0.4363704749326971 0.4062038875264374 99
0.4354644581872373 0.39544298957185164 99
0.4296405631139987 0.38803267159595156 99
0.42012210100070674 0.40610234966673747 99
0.4258132559165804 0.4222143726194658 99
0.43139004682911963 0.39587476894128315 99
0.4291612394869474 0.37001567374873984 99
0.43843033097132467 0.3918533349860641 99
0.42788247161119114 0.3824755220328338 99
0.4398197297455429 0.41827148458400126 99
