training...
0.0641860936008268 0.014814445268695011 111
0.06461604129574935 0.017381606795591812 111
0.08678380347602703 0.03349321354370151 111
0.1045388570179504 0.04337361525199501 111
0.1248057760776566 0.08242330215897391 111
0.15974973688055982 0.10582578539534117 111
0.16943815200580348 0.12913992538899807 111
0.18480248302963037 0.13885774013207672 111
0.1999485235461438 0.15878614368670144 111
0.19992322432532142 0.17696390268610795 111
0.21125108958849606 0.16853119352019186 111
0.2173235775731204 0.18678945731438287 111
0.2187530798190369 0.1933988437721531 111
0.22803431662128976 0.22929600704001274 111
0.22518659660019702 0.2121183956523531 111
0.22676961541356716 0.1991124523276363 111
0.22921565406660044 0.21292050936107326 111
0.23329660556904305 0.20615344067696673 111
0.23296689952051483 0.21856083526097356 111
0.24422698954815936 0.23307482731363147 111
0.2402298956450242 0.23421664781746615 111
0.24213294723629356 0.22352956125600082 111
0.23995018929316717 0.2304002116981109 111
0.24421736496891347 0.25165190641213214 111
0.24232841791322374 0.24290078191243708 111
0.248586447618714 0.2310780721619748 111
0.24870784454388017 0.23600145215331897 111
0.25395101058674374 0.23090727833172217 111
0.25306973976090796 0.23251358554786514 111
0.24675621151402058 0.23483500021229242 111
0.24521726280582046 0.21770326167317886 111
0.2592599888037451 0.2543399544100584 111
0.2567988890717587 0.2655191830224707 111
0.2567385520047682 0.23680201140234822 111
0.26098356182188104 0.25998938126388305 111
0.2619021080294162 0.2645283271271614 111
0.25759577830174335 0.26329636611251434 111
0.2599612021179421 0.2698132749566149 111
0.26314408114543214 0.24420401049250337 111
0.25968107416221936 0.2657342211475285 111
0.26211706219084296 0.25739247073065263 111
0.2624865542979266 0.25572877347746836 111
0.2623752491683754 0.23985819733085556 111
0.2662417197057867 0.25080567993102926 111
0.2581993308477677 0.26586457696003546 111
0.27125565701909177 0.2760209054491162 111
0.26753681739521085 0.2758907757279929 111
0.2715779909876554 0.2791696361216591 111
0.26227078915604624 0.2649434840029508 111
0.2683296798870797 0.26350217355026234 111
0.26522717817131775 0.25876210879500355 111
0.2717321317623236 0.26377196888106547 111
0.2703587085652821 0.2626493311839822 111
0.26944219739235015 0.2439842639851641 111
0.2660605320813903 0.2610988096444955 111
0.2756654180734731 0.24421225709650904 111
0.26946913563183117 0.27290464251989177 111
0.2698036215511788 0.2857429915934257 111
0.2725009214857176 0.27905184135921013 111
0.27107485080383 0.2608433765927482 111
0.2683938043877338 0.2579655977694071 111
0.2773981795678202 0.27898329174305525 111
0.2709788730046807 0.2944504478902656 111
0.273117669063801 0.26210479443857077 111
0.2707386129178024 0.2601529585096055 111
0.2740321862068053 0.285957903785428 111
0.2713817389723264 0.25868320439721915 111
0.27343553159525047 0.27289549286860704 111
0.2727176340133445 0.28942404710159436 111
0.275011771115188 0.26997825626722893 111
0.2747415810931122 0.274053147903856 111
0.27922113752272154 0.271915222531702 111
0.2786874788388852 0.276186531683232 111
0.27493645906529973 0.2534208319259704 111
0.2780123787755288 0.2879192329451762 111
0.2773569728832718 0.26069835686952064 111
0.2711755221066068 0.2653216173618333 111
0.26955158127106976 0.2590094065783956 111
0.2729631099790163 0.268148219412943 111
0.27620927285860775 0.2761565507277022 111
0.2788860564971859 0.2505968394223666 111
0.27274960234990864 0.271878120641763 111
0.2811914484640355 0.2852512902250164 111
0.28135415473515285 0.2650514903719646 111
0.280615925122808 0.28269970696717783 111
0.2739536295952364 0.272797861293111 111
0.27987646335458355 0.2578273866025142 111
0.2787775449611778 0.28695370830578604 111
0.27389269835738683 0.2725486969095204 111
0.27213206695935277 0.2543055699815314 111
0.27865375214222216 0.2881412207591586 111
0.27559915350602804 0.27344803977951176 111
0.2772584573172164 0.271983232684741 111
0.28024778022348146 0.2665213582513819 111
0.28702990015612195 0.27938514343707804 111
0.2794363404490163 0.27625633002750055 111
0.28100199244648233 0.27694627803520466 111
0.27490888510996603 0.2575546185786743 111
0.2781477908779231 0.2797625085288753 111
0.2761190372390018 0.2570869527264744 111
