training...
0.16786944729831912 0.118051303052914 111
0.22597645789035808 0.17825433027876914 111
0.2465837483409271 0.19547862322459456 111
0.2692582601644511 0.2583840490323955 111
0.27482929078478496 0.26463745134314154 111
0.27746340753359827 0.27331268138960557 111
0.27841400875133027 0.26637529915899943 111
0.2836529162844553 0.24701606779384283 111
0.27277080886372795 0.26137390037559055 111
0.28691124017409675 0.28277092522199954 111
0.28903080485963567 0.26958587517901805 111
0.29044029987993036 0.29844689124751417 111
0.29862205575845857 0.319902084195001 111
0.2902240100009265 0.26860536482778363 111
0.299293556145846 0.2894020528945208 111
0.28299395012234557 0.2564943627333662 111
0.2881051183184941 0.279339104798685 111
0.2988581225179983 0.2673251341388888 111
0.30212131299732176 0.31170974235296334 111
0.3013831996329394 0.3013231899098925 111
