training...
0.24338966045416124 0.1656037325442702 97
0.2730469269935664 0.22772730453030168 97
0.28708428627574745 0.2565857991504369 97
0.29295677512888535 0.2494537722842776 97
0.31846131603367694 0.3007003100777322 97
0.3312184015464409 0.28352303900675196 97
0.349430346264524 0.321927074181258 97
0.3453398992452538 0.320247247532175 97
0.3615218342011831 0.3413812238842757 97
0.35808357538120855 0.3332043166056782 97
0.36455237331652385 0.31534590138547897 97
0.38225413359955396 0.36064162125231186 97
0.3668163758647927 0.3504191716596067 97
0.37731478474342794 0.3475592513086284 97
0.37968665673893276 0.35813949919411264 97
0.3816556272694446 0.32569606509280624 97
0.3835820782654781 0.3509048690509087 97
0.3835698201986973 0.319188404695335 97
0.3715050047841286 0.31254171906428063 97
0.3731138231899258 0.30397093068760495 97
0.3838748615589344 0.31144309709131396 97
0.3953957497109812 0.31815240794777166 97
0.381634276858703 0.31823029645656065 97
0.393812435463802 0.37325261157359374 97
0.3883943098366925 0.3186631911189863 97
0.3772249404902863 0.33097898947821325 97
0.38745204395750604 0.3456086254548941 97
0.3957343009047941 0.33774112294155734 97
0.39048074498543933 0.34466425890395 97
0.3893461020568912 0.342650850763618 97
0.39614754350484294 0.33676198787338735 97
0.38981405489637366 0.3625128538618906 97
0.3818474750756313 0.33088215836786833 97
0.37817080555025867 0.2809806278316817 97
0.39050177669317315 0.375109609720966 97
0.3954741196730447 0.3660653186860614 97
0.40133073446918555 0.37097216712212777 97
0.3861288543300613 0.3327009568263572 97
0.38791372440898486 0.3590114400085733 97
0.38943665442808234 0.33259354683244874 97
