training...
0.17739903819671582 0.1243414441404873 111
0.21358175039178995 0.1736648515259572 111
0.24253403023241904 0.20739803241453536 111
0.26155641591441653 0.2453404319536112 111
0.26322219277891684 0.23371332133482128 111
0.26918844358623883 0.24974735070899173 111
0.26742861041240157 0.23210227693474722 111
0.2837847732533804 0.24862480754695676 111
0.28210722382475395 0.28232448394079124 111
0.27952251204837886 0.25850127966737557 111
0.29304151044153187 0.29547772605973444 111
0.2911360481533579 0.2874427484015458 111
0.29903849759039086 0.29044014866563295 111
0.29557900333657683 0.28743357664981245 111
0.30269188901269567 0.3062703465699689 111
0.2964706286814776 0.28559561787309146 111
0.29014510633136503 0.2802761762453279 111
0.3036658201942963 0.32246642782049917 111
0.30307946092524635 0.3054191634982283 111
0.2955707458338022 0.2919949539629766 111
