training...
0.3074403685742776 0.22689142724920783 99
0.31584359054469835 0.24883552590327068 99
0.3119614898916065 0.23648514342037455 99
0.33816582545943885 0.2647037211158269 99
0.3380008064340174 0.2984862894804538 99
0.3513539912634915 0.2831744230088035 99
0.36434406242656253 0.32546721964564357 99
0.3773524015666994 0.3157925384761229 99
0.38393250391855527 0.3381934649902554 99
0.3911661352615798 0.3689564748066471 99
0.39618554573379 0.33566130886520334 99
0.3902148210990261 0.33031946939113915 99
0.3893830361975866 0.32891231483858624 99
0.400333451881779 0.3598793319782222 99
0.40387018269768254 0.3387580341048159 99
0.4041723510604259 0.34555786999893096 99
0.3978523459919766 0.35186277405597577 99
0.4011244091677595 0.3482298642314322 99
0.40614377903387633 0.3653862789358893 99
0.4064320407135729 0.3484776582787208 99
0.4112021872394752 0.36622521171467726 99
0.4128186447265634 0.3187988264367653 99
0.4200720915425774 0.37178437903799355 99
0.4218642963063358 0.3712634517972329 99
0.4122186024671744 0.35473744659737383 99
0.41590036956154436 0.35202285863501853 99
0.41899591092193533 0.3325712234750881 99
0.4201190209911996 0.36584218514803085 99
0.41403093632268023 0.33175180443071806 99
0.42009933081660056 0.38280562121661244 99
0.4158928850336437 0.34346052741407557 99
0.4206499560813702 0.36066095682494226 99
0.421142214212435 0.35116333715239234 99
0.4166585634920279 0.357099713722023 99
0.42363516859871986 0.3817486945359724 99
0.4293782019718856 0.38913967080160844 99
0.428105392715974 0.383929419776637 99
0.42742806205838607 0.4142211905274555 99
0.41527579114270763 0.37499223008904625 99
0.4245746727715301 0.4058231282103105 99
