training...
0.1672204211426989 0.12160632995066979 111
0.23037336340972742 0.20646006233330244 111
0.24551288549098862 0.20935710365891316 111
0.2680616585464955 0.2680846946847564 111
0.26667887756211145 0.25490254414551367 111
0.2729418924485068 0.27615033944633904 111
0.2735395738617344 0.25154823678825233 111
0.28545149101669814 0.2500093595870608 111
0.27714335392360767 0.25337379365052143 111
0.2860805566144908 0.2796613253943988 111
0.28690812933883186 0.28769135989156913 111
0.2882366915676461 0.26766464965807896 111
0.29374998701546856 0.27755366847612906 111
0.2913496704094407 0.29121019030656586 111
0.2979371403112611 0.29470845426313 111
0.2898978875248358 0.27571576060585035 111
0.2893798192616861 0.26190804578401045 111
0.30305828754542824 0.3005679568121575 111
0.30118103182446904 0.27766741943367745 111
0.2980352686183976 0.2954354522657435 111
