training...
0.16382328188338777 0.11614934107778879 111
0.22903479651345254 0.1869785603208584 111
0.25168890081553835 0.22433476030393237 111
0.2729774121454217 0.2716162532199763 111
0.28524937934663785 0.2743770837603836 111
0.275820138895126 0.2728436775123646 111
0.27879375363869113 0.2528808039324413 111
0.28948743543222705 0.2686609046558763 111
0.2781280964923117 0.2610317404736653 111
0.29205340433075333 0.28874623378061826 111
0.2926804696647789 0.3064205297518986 111
0.2927717135851036 0.2905550755153365 111
0.3058494819413469 0.3096479415644096 111
0.2916162364925939 0.28541292916436894 111
0.29934293286580305 0.30668332775750795 111
0.29567631649107146 0.28740498649024177 111
0.2942085760559811 0.26926301395268876 111
0.304744668221113 0.28013282836133807 111
0.30385861825266036 0.3209482821578703 111
0.30375806326729005 0.2991732020856141 111
