training...
0.10241794703678099 0.05213866662281977 111
0.15791212142805502 0.10884971135611898 111
0.18130507525883424 0.15443782955546392 111
0.19234312321204497 0.17609324918557667 111
0.2065217843970243 0.19863339554501402 111
0.21468572522760812 0.18757211995608392 111
0.21131797871802718 0.1808752803082971 111
0.22988749120849195 0.21624910232038078 111
0.23212502099773197 0.23298099106642858 111
0.23648238332084215 0.214064383149347 111
0.23675909235541884 0.21577258047654646 111
0.2389625121967228 0.21991254106937655 111
0.24124179509696134 0.23937234782664793 111
0.25099043589231573 0.242481016186319 111
0.25095087093613305 0.24688749561184148 111
0.24620661266762642 0.22514352589578568 111
0.25342565899005776 0.24071968658959358 111
0.2506763262813151 0.233093701581847 111
0.256498712223951 0.24060392174677556 111
0.25653124275255923 0.2430546278705441 111
0.26473847358580477 0.26450763330417093 111
0.26433659856200903 0.26237941419733324 111
0.2647788987928855 0.2485426870320435 111
0.2701418713890301 0.2626479392591238 111
0.26578629117061875 0.24649082512169504 111
0.2667579748494715 0.2714010580053478 111
0.2681439247376535 0.24768698916494689 111
0.2691297666654345 0.27060756955896936 111
0.27117299246006654 0.2611768281230623 111
0.26647627004594143 0.23585007466935967 111
0.2750716498903455 0.2681547109175923 111
0.2757692571813592 0.273255347033685 111
0.2708281270649071 0.25767468486456807 111
0.2774893237574052 0.277379954505421 111
0.27982570891297814 0.2809784348442388 111
0.28005141523059646 0.26763100895989067 111
0.2834819937378477 0.2817835732335746 111
0.2812992696702347 0.2769847558028496 111
0.282116765385031 0.28267672556917145 111
0.27452417167212323 0.2629896808572047 111
0.27689802054455714 0.2823174795648086 111
0.2743625550755673 0.25746610146440546 111
0.28149196213506766 0.27378118016173336 111
0.2786668462345764 0.2840785632299849 111
0.28056267908582927 0.2725947330329991 111
0.28087219133769203 0.29517453958040346 111
0.28294300203011447 0.2688066612140642 111
0.27721838393159826 0.278931439910849 111
0.27643086586111726 0.24512093944401642 111
0.28551110986737355 0.2878633805413296 111
0.2797001293161392 0.26264068552533043 111
0.28848822013773 0.2979012163388037 111
0.2889099025503672 0.2631248843170152 111
0.28445430030353963 0.2772700760264024 111
0.28088541935223577 0.2725419345250192 111
0.29018426265984276 0.2797880669149948 111
0.2839053076733166 0.25599887965087065 111
0.2818378323579729 0.2923578638136232 111
0.2846918111490112 0.26830622313298813 111
0.2861146239314316 0.2794899018340434 111
0.2846217511892769 0.2750013783258402 111
0.28815233666682416 0.275917743002767 111
0.2838893917052562 0.26028126140671665 111
0.2796701339584764 0.29016744671437655 111
0.2859884881186995 0.2587478202851311 111
0.2890005454550941 0.2951612340007607 111
0.2890638443475674 0.27526304039324423 111
0.2836848351425152 0.26927227319520425 111
0.2892704512833333 0.27925391865751514 111
0.2833032005495451 0.26848721824575866 111
0.2889324095969746 0.2770207664477776 111
0.2870238527049507 0.28243810603818753 111
0.28957466746269334 0.29129449953624154 111
0.28997822938512646 0.2825884001916463 111
0.2887743426703212 0.2805597487442281 111
0.2866340918649028 0.272815239725115 111
0.28668083421057733 0.2674060812547648 111
0.29159100730229176 0.28239520095152754 111
0.291455015235448 0.27309193872365317 111
0.28999001359691706 0.27469880072340697 111
0.2944459016834382 0.2739544787433139 111
0.2906529696279648 0.2707719328170999 111
0.2903126100585739 0.2615994082032434 111
0.29111145185287673 0.2733373954053625 111
0.2932956200886464 0.28045111814093776 111
0.28905244938222857 0.2541421392192564 111
0.29230489955818234 0.26301550372459626 111
0.29484042326356147 0.2513664970573325 111
0.2914509098837244 0.2725002067257758 111
0.29259336808091335 0.2549820252466587 111
0.2931945221213608 0.27089430627281863 111
0.29236179747105145 0.28308610712711124 111
0.29473585844914535 0.2712069801582815 111
0.29065587407006643 0.27615227949919835 111
0.2935182999712885 0.27516733846196034 111
0.2929448708403229 0.26856833405660246 111
0.2932345913029183 0.2755675586415165 111
0.2888156617213093 0.2801005204282059 111
0.2941838171289925 0.28866185847565645 111
0.29037075947243346 0.2696296382686138 111
0.2912630355506701 0.2513102761485583 111
0.29180436353290456 0.275266609364832 111
0.2939935065661325 0.26970356753489955 111
0.30229449319779045 0.29105484739487375 111
0.29502021500204095 0.286200960357123 111
0.2961718101697686 0.2835053704000412 111
0.2944212954059027 0.28071333792544034 111
0.2937276165677222 0.27870681510424394 111
0.2929726744257957 0.2756485535868494 111
0.297318540787391 0.27864279897635935 111
0.2951882778933419 0.27449684210392755 111
0.2935348940375697 0.27178328711590705 111
0.29812527404804884 0.28269305660022476 111
0.29532978824505934 0.2716782736499875 111
0.2897668323459408 0.25865046922561524 111
0.29464458719363595 0.28999226005456735 111
0.29767565263757306 0.2832712564382399 111
0.29274316567149955 0.28027046132939615 111
0.2938312082132238 0.2716820323430718 111
0.2900813125212455 0.25805909839668717 111
0.28950652282095046 0.2642944408400987 111
0.2946051450460188 0.26271542492250644 111
0.30269484111738787 0.28270022614162216 111
0.295333639107148 0.28629643931162674 111
0.29553003607971434 0.29658465409190254 111
0.29490535314331184 0.2625370253105058 111
0.29534052057109544 0.27208080774242277 111
0.29726645077347785 0.2973992144139971 111
0.295560008733178 0.26986224871840947 111
0.29501098609380005 0.28410705346423143 111
0.29448136635554706 0.2749234068367147 111
0.2972908873266528 0.2819951088190914 111
0.2954608063165147 0.2889326841624933 111
0.2969028390247629 0.27310390754118363 111
0.2965568394790269 0.27877686499851567 111
0.29847207655050473 0.2723219266197214 111
0.29431845585666677 0.2951036456460545 111
0.29576228338986765 0.2918592099033542 111
0.2979093954241395 0.28155514536016474 111
0.2934464875225263 0.288610523522142 111
0.2985673820492079 0.2778611084126328 111
0.2957001366858411 0.28007695019187595 111
0.29504240075934296 0.26875635996065605 111
0.29397173445001346 0.28471332457989573 111
0.2927245193136264 0.2742519131275988 111
0.2943708324741624 0.26068242291228405 111
0.29612489209055937 0.2853399265833873 111
0.29413336408123525 0.2740741412565182 111
0.2877062441955117 0.2662576384506463 111
0.29083341800394485 0.24559953235000206 111
0.29349693241029723 0.2872947083578678 111
0.2931963346692499 0.26923081820995926 111
0.28970325882346865 0.2731716286760359 111
0.2948248007010978 0.2767594671514653 111
0.2930889862762285 0.2683067299654674 111
0.2920593739741276 0.2783207627375659 111
0.2881308514126017 0.27255139747289675 111
0.2949144464987593 0.2764762472773644 111
0.2938760180844586 0.26265964993050644 111
0.2938302310410693 0.2836446836036187 111
0.28945978039046527 0.26291024238354416 111
0.296973850562996 0.2748091246060429 111
0.28955049344251554 0.2715630023466029 111
0.28982414274434076 0.25716974339074355 111
0.2936563514095281 0.27826616419684436 111
0.29327147540230947 0.2801647700146682 111
0.29131649951458066 0.26843360186629267 111
0.2923808817403995 0.2632345989111287 111
0.29311794792021706 0.2819356332588856 111
0.289890377128459 0.2773267354479871 111
0.2940194816658118 0.27447375117886436 111
0.2875483513679155 0.2594527412087036 111
0.2863312559069606 0.2648813074853549 111
0.2903949777567066 0.27744775013191525 111
0.2937531661903002 0.2841036237908013 111
0.2894630065217108 0.26000473689567477 111
0.2920927758412529 0.2669531937819359 111
0.2937240857913483 0.28535673932980427 111
0.29237398488659017 0.27790143690348357 111
0.2911094495664282 0.27976412572254306 111
0.29335220881354224 0.29375868414360634 111
0.29470103959499055 0.2936588137201728 111
0.28939488185650836 0.24199155827293192 111
0.2908684900138662 0.2699665541718678 111
0.2969279095277248 0.2736394156101686 111
0.2907828312210905 0.2892581865627955 111
0.2893383188390391 0.27196607014200824 111
0.28643072718559925 0.23973320763771716 111
0.2957975331726976 0.28645891860831135 111
0.28972914279440254 0.2641743680435517 111
0.2928155085617045 0.26423029561534933 111
0.29329610542932716 0.27913418021657777 111
0.28935675596900773 0.2530049358354272 111
0.29110668197384415 0.249424720372715 111
0.28756004005350644 0.2725455139237076 111
0.2901564323546926 0.2710777975842938 111
0.29404071935722975 0.2660585767077166 111
0.2898410403082946 0.2548772933526929 111
0.2927669993587715 0.2698499223082451 111
0.28638348739836683 0.26578989903861583 111
