training...
0.09524951805763149 0.04345415678694538 111
0.11907387718770247 0.057747058784994656 111
0.1385637131884693 0.08258054931814195 111
0.1572918643959425 0.10574142354349587 111
0.19250343926972457 0.17880614631044323 111
0.20333809195123095 0.17446971831463368 111
0.20550883428172653 0.17179001791505968 111
0.2099931107368492 0.18940546515018586 111
0.22626914513731278 0.20497183591164905 111
0.22972967047437404 0.20930324025202796 111
0.2403688800995534 0.23161936340047554 111
0.23161163783358457 0.21410653127482795 111
0.23928607988532768 0.23277897421356222 111
0.24677649476529306 0.245824019929895 111
0.24456773471528861 0.2231483737279833 111
0.24346562489821685 0.22359945869013048 111
0.24653151122938613 0.2359528955540328 111
0.24802610379235163 0.23998235725794373 111
0.25366309704257844 0.23979022311490875 111
0.2577646511610882 0.24018845448380313 111
0.25445007867937397 0.24556638313927762 111
0.26072659759636857 0.23793186947118336 111
0.2560969280173618 0.22928244730339115 111
0.266475449456035 0.251594319972231 111
0.2608902291932396 0.2508242204676657 111
0.2573581952955549 0.24326951891600126 111
0.26406059604772536 0.24696393957616586 111
0.2694608573692452 0.26064117004530024 111
0.2663868928344792 0.26205826891530665 111
0.26342961365185513 0.25465145464459055 111
0.2674558442066398 0.2492662717367434 111
0.2717762931261745 0.25567339256279653 111
0.2690780863134388 0.2614428795819197 111
0.27514596993013907 0.2560705967642143 111
0.28129288258290575 0.2830863657490971 111
0.2850299638809779 0.2941750127181571 111
0.27538353423787026 0.28049153065716176 111
0.27387000392995153 0.2622400244050002 111
0.2722534601383874 0.25614998032562486 111
0.275378778115743 0.2579318134522174 111
0.2755943445364583 0.2574488397955532 111
0.2776881413035494 0.25306567035142236 111
0.2777555776379354 0.26684477713344174 111
0.2783871554762795 0.27201536493879597 111
0.2797335632588525 0.2763717574619315 111
0.2788835579311201 0.25679472369851536 111
0.27855296021911125 0.24685738053165496 111
0.27700684659200747 0.2609676029026479 111
0.28058433759605267 0.26142785873127095 111
0.27948905600417556 0.2937538609138566 111
0.2789761093786546 0.2637660261361993 111
0.2821973995561685 0.28506746552831175 111
0.2808855226388648 0.27667611846637075 111
0.2806023849086587 0.28125981522501875 111
0.2730691966150938 0.2550766062725089 111
0.28376852908774175 0.2756770705710826 111
0.28017271884625095 0.2666681658864665 111
0.28067748151127025 0.2617598594888097 111
0.28289421756454136 0.26967271902457435 111
0.2823440572409304 0.2771461018283291 111
0.28296359420411005 0.2484560980585737 111
0.28476800982673295 0.25915370010642 111
0.281911950579994 0.2729165460985221 111
0.2840058155257854 0.2808457788008622 111
0.28115064659672995 0.2795237523836712 111
0.2860262501949249 0.2772602653227257 111
0.28201176492976127 0.27752269329914797 111
0.2852365919086748 0.28959017087826106 111
0.28807434321033853 0.2988387030547149 111
0.2852534491353512 0.2651005807487367 111
0.28579032971074037 0.26891213856187723 111
0.2795038969495269 0.26927613569410375 111
0.28456884420762 0.27436794481655236 111
0.28590656224822003 0.2626130948330714 111
0.2842578315019571 0.27820572776846886 111
0.28721850581681035 0.2843873199460852 111
0.28569668371454804 0.2712476148710225 111
0.28609028658047303 0.2760189480038848 111
0.28714271345694864 0.27715897086278873 111
0.2850402237617934 0.2612395258504061 111
0.2878731175051035 0.2630862122762059 111
0.28335286261526127 0.2815736086319332 111
0.2879873794775095 0.29428944906095383 111
0.28778470698501174 0.2804339568670735 111
0.29042973578088394 0.278266803209008 111
0.287445368579861 0.26787596605707936 111
0.2874842766230312 0.2821851132476975 111
0.2872216148297387 0.27215448631951217 111
0.2902234647502745 0.27091426847019356 111
0.290382063661357 0.283146105868066 111
0.28928118682265175 0.28721278393642063 111
0.288652839351512 0.279883708214548 111
0.2810939851954097 0.2547878245795841 111
0.2887628353402568 0.27813710262309993 111
0.2833087317559265 0.26984704687242783 111
0.28930729246184944 0.27607624904534805 111
0.28874165215065684 0.27063694546060774 111
0.28341193225741274 0.27287895386378996 111
0.28605797461207433 0.27801148706066026 111
0.28915637046758824 0.2636394999900949 111
