training...
0.08609450705718302 0.03243000659291728 111
0.1261456073570301 0.0712023750487243 111
0.15270925526118156 0.12785609279053484 111
0.17828106274761643 0.14852111678549415 111
0.21091727003608288 0.17904076315415188 111
0.21121137400358442 0.19615399980744497 111
0.21761739443186062 0.19486656241438868 111
0.22348187398258904 0.21072403888411922 111
0.23168491762440419 0.2180720069389807 111
0.2348867539257935 0.21441517133992297 111
0.2406568594989041 0.21920826835793122 111
0.24630084811014474 0.23530351778480058 111
0.24541443278820282 0.2299285338503299 111
0.24909279547919122 0.2358958657090297 111
0.2499664660154913 0.23573273399932185 111
0.2535703478152683 0.2303449759225192 111
0.2600891843707342 0.2506115827063953 111
0.2550818274426365 0.2483859005678196 111
0.26012430387870744 0.2368725531759822 111
0.2558726956681777 0.23327613674086473 111
0.26274304367400947 0.28196039411532137 111
0.25942134520107246 0.24187594189105746 111
0.26694659126956743 0.25841978143524047 111
0.26417575098050783 0.2436082440334558 111
0.2650869243316709 0.24507637449422834 111
0.26215491774246535 0.25953515607715844 111
0.2688734485054342 0.2591441713228063 111
0.27161125579735934 0.26914356674547923 111
0.2702972971199686 0.27025216784139694 111
0.2765001942267716 0.25011480373987194 111
0.2705417720920143 0.26691928022912614 111
0.2795753171632622 0.2722018749451429 111
0.2702379874288995 0.2665957230108968 111
0.2769007513565089 0.2700693237824004 111
0.27697829409346314 0.26012262410306086 111
0.2759068582462039 0.2620432024950074 111
0.27114387150312635 0.2515489797670529 111
0.2813070804372598 0.29099046158450037 111
0.2803867460979099 0.27536081733116297 111
0.27856577551400924 0.2735704333126031 111
0.2797999869851029 0.2887414206383024 111
0.28320973006076644 0.2841311917857064 111
0.27785998568491127 0.27618968435480823 111
0.28203025525897146 0.28719093095451287 111
0.2797678252104988 0.2694055810647515 111
0.28676806691370815 0.2858887027016076 111
0.2891002899938365 0.27902771791485353 111
0.2850061323347737 0.28605848010977836 111
0.27949506867955703 0.2586863846704788 111
0.28082094849577005 0.2759914990489395 111
0.2825958096546183 0.2687743004903528 111
0.28548724074751614 0.2829545847619819 111
0.2834502708470107 0.2804515048813488 111
0.28623670431767295 0.2739062140558519 111
0.28377254924004564 0.2877041519504113 111
0.29197615752407 0.2907184457673291 111
0.28608928742373313 0.2629529478628386 111
0.29301863618836965 0.2846798306086463 111
0.28779718484174066 0.281268766981137 111
0.2900542517094827 0.27690813068192266 111
0.29089122147869134 0.2835350152889753 111
0.2874307197114255 0.28549557484268856 111
0.28487696308594823 0.27947754954615617 111
0.28605660741328187 0.2805908961931702 111
0.2881919389487435 0.27926616159017725 111
0.2878843678187184 0.30265716991188557 111
0.29045371059287467 0.2857237737720722 111
0.28669147777312703 0.28277281439618934 111
0.2898958424478212 0.2910775745206109 111
0.29653369959877945 0.28107395323960355 111
0.2904124647765238 0.28354852225126864 111
0.28591343261319746 0.26914069093227366 111
0.2887078003852854 0.27388426890098394 111
0.2904874827964739 0.28283433800153657 111
0.2831316986912966 0.2811630882783248 111
0.2888950813371798 0.2886353801385425 111
0.2879480874176911 0.2723924889536953 111
0.2862543320136964 0.28400353518292365 111
0.2856193084796042 0.2867051914308433 111
0.2877068618982921 0.29551165983380884 111
0.28817120741061863 0.2689383692612291 111
0.2829829665231695 0.252721146499819 111
0.2889784297817489 0.29625503822871263 111
0.29490242147803747 0.27205199489328463 111
0.29172093381060393 0.26591562038081196 111
0.2921281217403411 0.2744477791143216 111
0.29168362565938144 0.2969509478077256 111
0.28915079461256754 0.2913046222270419 111
0.2869445854846264 0.2640678651889869 111
0.2892071247960335 0.28047820539492796 111
0.2868840494769533 0.2651432219985486 111
0.2899767442121708 0.26929654003355 111
0.28461848291853337 0.26579992441364514 111
0.29017698875744985 0.280738581727094 111
0.287698836639825 0.2840957091734169 111
0.285344860161575 0.26982248276220927 111
0.2916120094880931 0.28506887796502617 111
0.2928917184198311 0.26998936103810633 111
0.2919293768392307 0.29986346198592084 111
0.2881232270283541 0.2689126505545993 111
