training...
0.16288800064230585 0.12183727450582442 111
0.2239073562844965 0.19740553884478707 111
0.24854464764214765 0.21483388386618368 111
0.26672497554976177 0.2478062946887671 111
0.2735475714991153 0.26498787986166067 111
0.2743373060371943 0.2694968409556228 111
0.2701220267265947 0.24007736317545292 111
0.28026337628423664 0.2709381199333337 111
0.27496115767733986 0.2597999796295888 111
0.2891354541657083 0.2704620873548355 111
0.2830319960580032 0.2786402666593034 111
0.2866759557294035 0.28817916908868274 111
0.3015784375969404 0.312167987633794 111
0.29180269856422586 0.28356297207873915 111
0.2951852623451167 0.29495737663128313 111
0.29096728867156024 0.2884688680084754 111
0.2874563302069689 0.28257474537948035 111
0.30031930789451233 0.2909450087803397 111
0.29819756344651177 0.3053402198803427 111
0.29563306738349987 0.30528636569611917 111
