training...
0.3181920269917262 0.2341498296695444 100
0.3810447946602173 0.3248365291103289 100
0.4029526602649974 0.3909651392403399 100
0.4179233602949059 0.39705124653121393 100
0.43331528584698625 0.4522588069458442 100
0.4424200767607448 0.45062253818183073 100
0.445077025337179 0.45814317355555073 100
0.45290837493932784 0.4799259958015094 100
0.45531241197073113 0.4347139463546683 100
0.4597297724261473 0.4477860333010172 100
0.46435786583978683 0.466118493222716 100
0.46150562761877095 0.4878372334936739 100
0.4624160161929803 0.4849793691290809 100
0.46787162034125834 0.49310086687589016 100
0.46906896593867997 0.48377728021390165 100
0.4724927198071625 0.48479644852420734 100
0.46743518629144387 0.49374763615732775 100
0.47473076774794776 0.5075638659705319 100
0.4701262608505899 0.4916728292593981 100
0.47098808872333436 0.48341433357312963 100
