training...
0.31067174499036254 0.2628688469735475 100
0.36112739524622556 0.3398840214091917 100
0.3847760775651168 0.35363984585799313 100
0.39788821820412223 0.37428601544173823 100
0.4041238114450712 0.4004461350841263 100
0.41551410508660963 0.3979686382200687 100
0.41904770175465295 0.42455230122482085 100
0.42292754809918565 0.3879027366957334 100
0.4236306757598222 0.4074226481997657 100
0.4287157174484153 0.4147435180922586 100
0.430781905809638 0.4097485923642924 100
0.43147756784080504 0.40507094450324693 100
0.4322952373046531 0.39731044513270064 100
0.42783088646461953 0.40116828141823874 100
0.43168750420869506 0.39633052817926995 100
0.4341359157219811 0.4147548553375745 100
0.4318583913574856 0.4110086898831862 100
0.43172581531038284 0.41866000082592664 100
0.43223961488986923 0.4165396787546818 100
0.4347156768795974 0.42540392549737716 100
