training...
0.27039344873209026 0.1815794419517995 96
0.2796636240062465 0.18389236470047626 96
0.3194059943021758 0.26546944276250484 96
0.32998407782927847 0.265919584830793 96
0.3526613046207429 0.28045808785030707 96
0.3546095568216827 0.297104692507017 96
0.367357219450044 0.2943124153045828 96
0.3681279875690385 0.31218305243542765 96
0.3764870940947209 0.34454237306657 96
0.3836408985599702 0.34372975239019027 96
0.3749895699677122 0.3083578870944501 96
0.3924020456927411 0.3581979740130961 96
0.3870156394891071 0.32245676341596263 96
0.387143070936947 0.31612894759896193 96
0.38160206200386354 0.3445700075100997 96
0.395318434973811 0.35401643867682436 96
0.39292063729642107 0.3467339415440554 96
0.40294818365619184 0.3687222942162767 96
0.3972641545937618 0.3719982082641661 96
0.4018125969535628 0.3645179737772585 96
0.39465163105087075 0.35331906290809345 96
0.4111606455445543 0.3675919426787647 96
0.3946766074817732 0.37667042719817284 96
0.41288420752101934 0.3505930886034626 96
0.4087016288407959 0.38723302868509524 96
0.4099106110995943 0.3882554383671156 96
0.41646991926455695 0.40536794608211213 96
0.41761410161541895 0.3869934544105752 96
0.41527590635234723 0.3749151572999729 96
0.40804773837736136 0.3827336087274418 96
0.42264589569706806 0.3777209288236696 96
0.40946318017425826 0.39888081454073054 96
0.4172562454009101 0.3902137204418939 96
0.43236010117540963 0.4273639442059137 96
0.42185026100154505 0.4249936436767692 96
0.41899169770582595 0.3963512006587684 96
0.43173752782635605 0.4059403448751453 96
0.4167261235873423 0.37933374002807574 96
0.4134972578547111 0.40502240488842 96
0.3903550415736814 0.3504368042038184 96
