training...
0.23251157973755154 0.16739256167400204 97
0.25842890617081926 0.18061103859347127 97
0.27473439844636977 0.2200836706247388 97
0.2897100272223428 0.248290228701887 97
0.3095222662579543 0.2486413330387547 97
0.3168297561711804 0.2875336112446435 97
0.32427902283042365 0.2861269344287196 97
0.3368122753110986 0.2839750675563438 97
0.3468989606557472 0.3196730706055522 97
0.35477216427915337 0.3154323010049562 97
0.3756852998362655 0.36694080926632733 97
0.37348789487680467 0.3352807827740214 97
0.3741401387713234 0.3529733055689303 97
0.37531383416684394 0.35611522939323076 97
0.3790504054769919 0.3519758695355665 97
0.3853259238595307 0.3510408009963344 97
0.37670234659011814 0.325066975142303 97
0.37885231708676226 0.3331319693152659 97
0.38388684388499383 0.3426639387413786 97
0.3882182977608485 0.3322629629299639 97
0.38140706199794033 0.3258126275405135 97
0.3844740243799481 0.35742264079194386 97
0.37794021863877475 0.3362055133512072 97
0.3937451524424315 0.3525825861696103 97
0.3948023842503843 0.3564280828710913 97
0.38554271798341694 0.34493423755419034 97
0.3904373726774415 0.3759159192301669 97
0.3937817526519831 0.3791062151234232 97
0.3961752842277567 0.37045633240211917 97
0.3854421012727851 0.3605905698445474 97
0.4024049886691224 0.3574644707215491 97
0.39735422052197444 0.3395211368188463 97
0.3826979062040421 0.3813343828796655 97
0.40058940530613407 0.39290785239282305 97
0.38928602393031914 0.35214929280784657 97
0.39899478689679907 0.40413017656471023 97
0.3843585891090644 0.37644151973747136 97
0.38188178176926335 0.3620763690804544 97
0.39651174645381443 0.3797544988720978 97
0.39798270450877693 0.3814941477807032 97
