training...
0.21943061368210603 0.11970287144575724 96
0.2459991046612365 0.14547053065777835 96
0.27696757046084514 0.18515548394551046 96
0.2966193206515959 0.2210196321507969 96
0.2981026345412901 0.20590848783856142 96
0.32932262831093645 0.23032044090620568 96
0.34212376925497806 0.27438303521637564 96
0.3480102883628193 0.29665257272605816 96
0.3654273555203484 0.3443467142307218 96
0.3617767044895705 0.2906383096338929 96
0.3692239487219968 0.3216733508981737 96
0.3762906171955174 0.3442694453208447 96
0.38483080221957006 0.33115776360698257 96
0.39363291029357744 0.3681489994291313 96
0.38701677594272477 0.33443865242349724 96
0.3940806380417861 0.347284545382588 96
0.3948529614269847 0.34197536459541156 96
0.4048015460863256 0.3587006077397812 96
0.39689761388364025 0.3570829052549501 96
0.4053848417313452 0.3695007735633733 96
0.40499313197001685 0.3727534492432425 96
0.40794722005457235 0.3572634700554523 96
0.41441434153741624 0.39301685984002305 96
0.4265989575161999 0.41721447235846254 96
0.4162142371519717 0.36994184345552006 96
0.4232010145452019 0.3944621821820931 96
0.42344663317290454 0.4155771089110192 96
0.41661494557915774 0.38804909045569114 96
0.4235942771169974 0.40480690049838586 96
0.4196454942908434 0.39163198055251924 96
0.4372939010337407 0.4212397336544631 96
0.4307613346459136 0.418261598760322 96
0.4212257438603766 0.39141882801147354 96
0.42436722013791767 0.4014899456459921 96
0.4312648601473239 0.3999846453258568 96
0.42235855826465185 0.3994136058423283 96
0.4400945972760341 0.4038964826968632 96
0.42928387500295795 0.41467806480404423 96
0.43681796362345704 0.395593030265333 96
0.4284811546645812 0.42363024795259474 96
