training...
0.07089059422182646 0.021573995893763315 111
0.09545624555175473 0.05568912304716735 111
0.11131114404931791 0.06310565819926937 111
0.11002008067662197 0.07555506992096382 111
0.1457895520691255 0.09830429930383969 111
0.16498464129580023 0.1089618711617202 111
0.17017868448931198 0.12146774676302505 111
0.19614976473440976 0.16053986400310774 111
0.21156218672922136 0.17638572314140027 111
0.21084508808487631 0.18543152167958155 111
0.21470295997986152 0.18638715002943645 111
0.22306401345384386 0.21341449366217718 111
0.22272955874159642 0.20312632466111932 111
0.22187702604959994 0.20312768676462978 111
0.22941843368032752 0.2044262720135744 111
0.23058416264576062 0.20149238204558562 111
0.23493170318875842 0.22227071054292558 111
0.2375785361187467 0.21644667868927328 111
0.23833015856076487 0.21570728685991866 111
0.23785397246644618 0.22072424804003052 111
0.24398119313739328 0.23249328957151458 111
0.2468049279147649 0.23938335855044482 111
0.24648910227234164 0.23034850318433328 111
0.247649336934004 0.24171559752911775 111
0.2410896805485824 0.21687749875938617 111
0.2501759096815904 0.22200524439138947 111
0.25008061488268235 0.25387373098730326 111
0.2517962058341496 0.24885474040824943 111
0.24047387453205984 0.22850292683863438 111
0.2559020555114656 0.2577029655878287 111
0.2540653074802953 0.2438719914327666 111
0.26000958535161967 0.2609242677888675 111
0.25508806952792296 0.24855774306500641 111
0.2554255805061804 0.2673901841390415 111
0.2581591401957135 0.23400193989923504 111
0.26464201052977543 0.27345696230045585 111
0.2664624347762731 0.2576338728657103 111
0.2620138978571606 0.2701024820733223 111
0.26273855679786 0.27026909945685024 111
0.258215390086243 0.23788894661864685 111
0.257625564392006 0.26192879372926214 111
0.2570386387965798 0.25794109830357104 111
0.26696393849029515 0.26356679810000944 111
0.2666716076756512 0.2716667815375868 111
0.2623948816833065 0.26720412522361686 111
0.26613240696903606 0.26184617935853427 111
0.26900755834705514 0.2779928432100994 111
0.26285059850072695 0.2594134653993264 111
0.27159378308491466 0.27548888095032475 111
0.26081772052180024 0.250758503806729 111
0.26539243029594717 0.27082187689829706 111
0.27064351158913635 0.28185677426990535 111
0.2674081290892989 0.2797044065384009 111
0.27023623593346147 0.2903157230551017 111
0.26733849887156 0.28027804031208936 111
0.2715852507358584 0.2682555207674846 111
0.2702266534136071 0.2607279934723573 111
0.2723129382355746 0.27640994823378795 111
0.2681131013265634 0.2575948249412787 111
0.2666820616532632 0.2569420012422391 111
0.2737883842788276 0.27108765161857573 111
0.2722439349490627 0.27572415360753766 111
0.272613441636687 0.2643211762018036 111
0.27122662194190716 0.268330012563935 111
0.2729510068199497 0.2852269481790505 111
0.27866099569169256 0.27549910855896187 111
0.27659671022290466 0.3012784239723702 111
0.2701836491624469 0.2682239308946463 111
0.27339728873893643 0.2641009405683509 111
0.278059072196669 0.2703826528557909 111
0.2796706197222131 0.29233435643069766 111
0.2793012644174896 0.290699527515845 111
0.28377610946322485 0.29884918804410865 111
0.2749047628412548 0.2920298721215395 111
0.2803366619776595 0.2909612217600554 111
0.2790721224162106 0.27299836240293157 111
0.2773379818167978 0.26986467118244667 111
0.2762925748852092 0.28293291622599864 111
0.2755788914844559 0.26888184693694317 111
0.2770158078316291 0.28521237792412324 111
0.2764797336422868 0.2572725732684852 111
0.2736601278320155 0.2638389991549848 111
0.2797524758073768 0.27808767507590904 111
0.2820153740593616 0.26452464195315334 111
0.2754509027111523 0.2773820607065128 111
0.2791420297549243 0.27066294601310303 111
0.2759970694657091 0.2598434710344094 111
0.2768330731000726 0.26406731100742226 111
0.28081463405099005 0.2488752071710542 111
0.2762818933152725 0.2814269735803542 111
0.27816708134733653 0.27586734153877257 111
0.2800735079576936 0.2997880043368827 111
0.2756837629718883 0.26658286037416806 111
0.2819014957775425 0.2940421433084806 111
0.2732291663079071 0.2500174633262427 111
0.2784293854070341 0.28815031611980774 111
0.2766253513414876 0.2859081088863151 111
0.28041523590974843 0.26483137959489117 111
0.2791814513399193 0.26549955606518666 111
0.28341534334658575 0.28128544289297036 111
