training...
0.09727192496370335 0.05073197228943489 111
0.15794877352052053 0.10999046424247977 111
0.1793601458300525 0.14385281675501674 111
0.19558890874851917 0.17456817183956178 111
0.21275946392969222 0.17498734618071518 111
0.21345913842890288 0.18718953003831248 111
0.2177774487686389 0.1884909918534162 111
0.2304541191791559 0.22001222698293912 111
0.23554064000893757 0.23368428134412508 111
0.23563510448778532 0.21418636223772985 111
0.24286788445546856 0.2545100220736842 111
0.24478751352987027 0.23360370203729885 111
0.24741152538817318 0.23312201690845263 111
0.2509713680175403 0.2333124505156575 111
0.253971098793782 0.25089626659751013 111
0.247639128554926 0.23575556303188222 111
0.24821285329009274 0.22538457141687854 111
0.257548011940675 0.24841764176853043 111
0.2576584008781329 0.25331859756207264 111
0.2589871644839639 0.22235449412377126 111
0.26207223832110266 0.26038686848680664 111
0.2671434291254388 0.2525656160088845 111
0.2655621639320133 0.26103710447658557 111
0.2694050656343446 0.28645077599319263 111
0.2706687459364538 0.25237638808946916 111
0.2676132937125652 0.2532122500851826 111
0.271337425664603 0.2521391182245641 111
0.27322979231455385 0.2794118010034228 111
0.2762978342183713 0.26115076770351076 111
0.2739538402543892 0.27633845712262717 111
0.276173883255725 0.2424921575694995 111
0.27693867275999384 0.2811704894580185 111
0.27776157165690135 0.2708952693829364 111
0.27865737631954735 0.25755464602029915 111
0.27769259958142695 0.2785556350112605 111
0.2769265637639423 0.2487618380618556 111
0.2853705682329383 0.25631429067722056 111
0.2790683082721316 0.3001497391868067 111
0.2801752585534783 0.25517905559462567 111
0.27885500102063265 0.27685825588215807 111
0.27742199843946225 0.2744433270590573 111
0.27941486029165047 0.2815840767872946 111
0.2821502059399142 0.2745225811799523 111
0.2816022925901978 0.255473111659372 111
0.28181587984129 0.26888868279379186 111
0.28497930461344206 0.2708804156916301 111
0.2858943316160119 0.28452071867885675 111
0.2816275661738313 0.272894873989907 111
0.2793300045306068 0.26727252142100766 111
0.2809968019876514 0.27327608311802104 111
0.2802497385111952 0.27614336654871763 111
0.28797174830853695 0.287063955652418 111
0.28966518213183784 0.29581528071984176 111
0.2848621387854611 0.26599158179986826 111
0.28899353218864415 0.26669966926809596 111
0.2902281775024959 0.30117175114843914 111
0.28940447269983577 0.2923935299693974 111
0.28876855711820754 0.26900700849763914 111
0.2868605306633094 0.27073008163759965 111
0.2898451106755595 0.2706886614366039 111
0.2884926013951515 0.2627596817632449 111
0.2910793272596993 0.28239507158115323 111
0.2882192933583542 0.2875432778557248 111
0.28540063569084345 0.2937364831967782 111
0.29258336172461 0.29822253380790753 111
0.2876826326684902 0.29097947407140135 111
0.286960623062776 0.282693309294968 111
0.29294378451735 0.2929706179498621 111
0.29239342866917534 0.28489805583850863 111
0.293785520891602 0.3076907186559934 111
0.2911076603041491 0.30288063861474473 111
0.2820789269319849 0.2375612774235079 111
0.2901039705468624 0.2876363523262632 111
0.29225873579604555 0.2826194665516601 111
0.29594963588974027 0.3182661578701364 111
0.2942349506217243 0.2833994615556262 111
0.2919122146529166 0.3023294181713754 111
0.2906101050928256 0.2864559648961539 111
0.29386055629099844 0.3052924544268098 111
0.2936608075902389 0.2822613832599122 111
0.29524841126377377 0.30363396161497563 111
0.29609725969868406 0.2915711550866095 111
0.29471135897364137 0.285003638751939 111
0.295258806471283 0.2858817877626579 111
0.29634352264775743 0.2898838439649474 111
0.2958707937279847 0.3085548569358462 111
0.2977331140200311 0.28465938757043274 111
0.2918210982787097 0.2861391916126264 111
0.29140800031627906 0.2718585310711771 111
0.28765922390532445 0.2855122777049681 111
0.2961297074526511 0.29855089912860966 111
0.2907775582327476 0.28497930918086833 111
0.2919025743471575 0.2688768757515956 111
0.291201058212403 0.28979542639412587 111
0.2945116584958094 0.2971556417519829 111
0.29219567886381037 0.28813204272040255 111
0.29486752913220343 0.28307364470324 111
0.2905570852128551 0.2697761850631948 111
0.2900802157874695 0.2866690106223611 111
0.291912605040415 0.2823659025708272 111
