training...
0.09952451963189339 0.04681198483102497 111
0.14784242392676733 0.09538279986166745 111
0.17217185183192293 0.1279514244459644 111
0.1889893319830083 0.15784098698152607 111
0.2158107370067649 0.19745282049652466 111
0.2075052795848343 0.188510312537079 111
0.2019570855400777 0.17223105969457675 111
0.22428866979424247 0.20569175876675752 111
0.22852500486302774 0.22157484013709677 111
0.22966795134989265 0.21824351395561314 111
0.2285261581916225 0.20821071165935587 111
0.23868897423920007 0.2229628455708395 111
0.23584270884735617 0.23235296107535874 111
0.2480338385446254 0.2332904050012672 111
0.23997827201918953 0.23883151305856085 111
0.24011806728451848 0.22356059589972976 111
0.24561660714580283 0.2340401258904683 111
0.2524429285289449 0.23867461314114213 111
0.25627087213911987 0.24206755040319172 111
0.2518555750555464 0.22926028065023515 111
0.2593566017309021 0.25348487146770055 111
0.26094286565448555 0.23457438117702095 111
0.25790660863695514 0.21919488345874552 111
0.26044744168546496 0.2556819695967546 111
0.26743105025932196 0.2579932047899838 111
0.26579703409365124 0.2577358423823505 111
0.2634869743838639 0.2447433129151782 111
0.26604525945501545 0.2596614536790342 111
0.2712521407463384 0.262978031345816 111
0.26611133172077717 0.2361649068012871 111
0.2675963944322347 0.25222993342494615 111
0.27322643161950527 0.2676831399098911 111
0.27018999725849135 0.25465320536614405 111
0.27134055701815185 0.2476857035390621 111
0.2721265807992402 0.26678994347328305 111
0.2753797940519439 0.24518612719188013 111
0.2739259311405066 0.2641785714570531 111
0.2746607333949968 0.26681427386347273 111
0.2716498406895814 0.2540015443464913 111
0.27367604176438415 0.2797006980430743 111
0.27786430350063523 0.2574915998439533 111
0.2712535219953337 0.2629436370772204 111
0.27255190261217094 0.2772859136832589 111
0.279205847074458 0.2696152898696386 111
0.27284094012404286 0.24462753921900968 111
0.2806190309226512 0.2606889241731088 111
0.2780989236199779 0.271680074303719 111
0.2778511869448411 0.2649643263845165 111
0.2698687126383948 0.24689047515500046 111
0.27762567273342315 0.2651360315099739 111
0.2835256511824506 0.2665028948007385 111
0.28093245873305667 0.26238336730161876 111
0.2806600094786418 0.2641230461816289 111
0.27996969879649264 0.256939029530725 111
0.2835296696635717 0.2789721886845498 111
0.2820680804872176 0.2614037326705828 111
0.2782891623084031 0.2613133815266388 111
0.2855333633405841 0.2806008660764583 111
0.2804324270363622 0.25889759275070506 111
0.279884907934741 0.26880315570914437 111
0.27521329998175253 0.26024323902095486 111
0.283079495399999 0.2759251885813978 111
0.29107676009161004 0.25755941925453657 111
0.2821623417194431 0.2575196911562557 111
0.2779654403598474 0.2627103010581149 111
0.2842971936024388 0.2666746012079201 111
0.2814045749973413 0.2540937470373306 111
0.279247628276667 0.27482142136564386 111
0.28441042782939563 0.26343971191586946 111
0.27809078690360933 0.2519036287435276 111
0.2817723317022832 0.25033514725884776 111
0.2830116084696289 0.24872597249722012 111
0.28566907095373534 0.2907335559449219 111
0.282863521473274 0.26869461623124136 111
0.28196209661235366 0.26566404402813776 111
0.2836167114854824 0.2792573182433892 111
0.28238964377256454 0.27628840358608864 111
0.28117314533176896 0.26220001899070877 111
0.2895614294992925 0.30074192458127014 111
0.27835801671249377 0.2666165983587468 111
0.28505648616083196 0.2535072575257 111
0.2850044631785967 0.26272932007763755 111
0.28447260864990503 0.26955731993376625 111
0.28849323685334877 0.26548047020349214 111
0.2831018927952416 0.24731565141697753 111
0.2905732242577123 0.27988650680931304 111
0.2835375287849648 0.2564022935759815 111
0.2847284633493032 0.26084637917737874 111
0.29225726129397667 0.2625318648741368 111
0.2864820195644496 0.27870698231373664 111
0.28299586204531746 0.26987056991304537 111
0.2853771327551163 0.25822156982197425 111
0.28898244370296355 0.2582011837241225 111
0.2829444273497329 0.25899781209571615 111
0.2839289493843943 0.260924619933619 111
0.28892068852385017 0.27288925306827694 111
0.28292597699928407 0.2541168610064756 111
0.28916733783113024 0.2652734854951362 111
0.29091354939553543 0.27454995584434283 111
0.2945269699294864 0.2711758981511816 111
0.29098067918298326 0.257588949078316 111
0.2881772130964436 0.26265205279425496 111
0.2844773566564968 0.2424167681005803 111
0.2884331879079554 0.2803061884732016 111
0.28978513780941906 0.28307511663059887 111
0.28972827942167617 0.26524208353077877 111
0.2887414263196492 0.28916140222987974 111
0.28637930190347866 0.26995904110404456 111
0.2910018161480847 0.28493739598792905 111
0.28911448004313267 0.2948657585852796 111
0.2909306998707212 0.28258907188146676 111
0.29357317782430586 0.281394164292951 111
0.2892430998193269 0.2524359614833881 111
0.28770816723940423 0.24706561502335322 111
0.29270994293462405 0.25375812595673514 111
0.2863673101077502 0.2704714249371828 111
0.2893633044368732 0.25615891907229954 111
0.2872933194395429 0.26235077247433136 111
0.284587229956884 0.251870507596259 111
0.2815688290445067 0.24343669428667628 111
0.2877718339099742 0.25624496557397486 111
0.2924741418561805 0.27687097834780044 111
0.2899848866986181 0.272665186045085 111
0.2858599352380522 0.24014987195188908 111
0.28660788275331645 0.2780078602316144 111
0.2859362198095728 0.252985816317198 111
0.29005689330326523 0.28323596586544914 111
0.2935232603709265 0.2977959683826316 111
0.2862113641572159 0.2586151892324193 111
0.2890105862203482 0.2647239520441537 111
0.28785060036025867 0.26697269108901406 111
0.2889932950741073 0.27890611311510494 111
0.2892945369700806 0.2577371179844903 111
0.28929601771270724 0.24755928115835918 111
0.2895483274192227 0.2609907541317943 111
0.2906909356264006 0.25551202015918084 111
0.2911800484175674 0.26910942776674684 111
0.29251202836459894 0.24704724724953123 111
0.2909169516801471 0.2560784067700202 111
0.2903381731511758 0.23757036415002256 111
0.2891978851813244 0.2536929963138689 111
0.29014407430647043 0.28820609679172077 111
0.29524793666516386 0.2740964388420191 111
0.2955903749042284 0.2720692535550074 111
0.28662679434969035 0.2706131638418715 111
0.29409757449756596 0.2676293359774639 111
0.29282104917925594 0.2523659783041017 111
0.29114210053561784 0.2559601271693541 111
0.2917392626881356 0.257300990333137 111
0.2893544888596525 0.268077595086921 111
0.28889470043182736 0.28106014182893174 111
0.2871465355439844 0.24671444474421622 111
0.2892161635601902 0.2670045937964115 111
0.29034717683930816 0.26352184198775735 111
0.2852219698713741 0.2503224530774334 111
0.2851374790386211 0.24062518288476903 111
0.29085775456867885 0.28033563322252036 111
0.2897414555011236 0.2691470789417928 111
0.2889533949968504 0.2605224033155098 111
0.2860146845036001 0.25565048747181524 111
0.2903475562417396 0.271453183291006 111
0.2829160487607845 0.2557690058124384 111
0.28406627205409496 0.26593815220394085 111
0.28698819811029247 0.2615775426438733 111
0.2875799397775622 0.25827327841574255 111
0.28617192852801826 0.23949658392483933 111
0.2883945770965076 0.2496390475253931 111
0.28520107054338745 0.25405518942507754 111
0.29266202275534453 0.26592117953218386 111
0.28441226604262276 0.2648058585770776 111
0.29085660779908895 0.27577547946719627 111
0.29138173149266317 0.26462619227759526 111
0.28831517695035813 0.2496400404912211 111
0.2850537188326623 0.2686181875313478 111
0.28676564896403683 0.2659429724345957 111
0.2860051745209847 0.260517123707267 111
0.2878345669431457 0.2599774769296031 111
0.2861278343418146 0.24849219674518333 111
0.2872638349292557 0.24195774098099326 111
0.287530791147477 0.26611159253345607 111
0.2865372862058175 0.2573167899600804 111
0.2892093900425352 0.25872878199881627 111
0.2898155226080917 0.2635631009916952 111
0.286704923389998 0.253322671999737 111
0.2900359603205541 0.27792827384141816 111
0.28747241590845835 0.2585034442568156 111
0.287161467304112 0.26204240982230215 111
0.28702350989469405 0.26157416436210584 111
0.2937979710669912 0.2691681574940153 111
0.28988535139257404 0.25344391184130943 111
0.29305589911221214 0.28106924040116477 111
0.29309646365177755 0.26411654946833185 111
0.28599249590723835 0.27097186377349436 111
0.2873777499206461 0.27134020906562856 111
0.28576996987279013 0.25873029298098865 111
0.2857140871247349 0.2645931726084585 111
0.2824277365067166 0.2554998116504401 111
0.28503645824407536 0.2616938684111481 111
0.28574645048548514 0.25037141575323457 111
0.28731149336338696 0.26703430673417516 111
