training...
0.267822147292864 0.1477985989037276 96
0.280518179664762 0.1903494692742597 96
0.3123368742027919 0.22473983195433006 96
0.3124490250610606 0.2322982703141845 96
0.3342637845982574 0.2920640867161892 96
0.34377641476365506 0.3177962864120395 96
0.35476214418762425 0.3080540476928441 96
0.360640262849596 0.31026284523665304 96
0.37141178740661424 0.3358186326511588 96
0.3738046883560249 0.323722525456797 96
0.3666325526598995 0.29575685425449516 96
0.37556326645442734 0.30433095411294664 96
0.37864590982427604 0.33069385720867583 96
0.3768937326585478 0.3191580044837027 96
0.38795769054864265 0.3090960494252385 96
0.3821837007784128 0.2999558038958764 96
0.3838161070541963 0.33558103382777016 96
0.3878900078760135 0.36517172368211825 96
0.38108401711810713 0.3574780822283974 96
0.3805095959249427 0.34197626441008266 96
0.3816383523106006 0.33685255847807793 96
0.38863961801218033 0.31625751332303376 96
0.37640260490346605 0.31136121655632853 96
0.38391160661772467 0.3368111611997067 96
0.37677416947306197 0.3517448103949766 96
0.39262633229655647 0.36728520055768177 96
0.37463556659183617 0.30655641437894465 96
0.38728859901757057 0.33767960098475247 96
0.387182636838689 0.3626854736638845 96
0.39927640960322003 0.3592791501860583 96
0.39405736878939424 0.34084852446511216 96
0.39066810116393186 0.355643511837108 96
0.39205670179069574 0.3268136109166394 96
0.39397152993661894 0.3821788139427454 96
0.3847933723387378 0.336561445323456 96
0.39453800595688476 0.33988232354165865 96
0.3967159604096231 0.31423448543111115 96
0.397491983436302 0.3536745363147161 96
0.4103543273856873 0.37934703428511457 96
0.40072728740695734 0.33625790767310376 96
