training...
0.10425117778810802 0.06048793895324434 111
0.14321800755650582 0.09798119213677424 111
0.164540089318214 0.12446942278039642 111
0.17151748416762383 0.1327511363716222 111
0.18132390660227113 0.14089797110572222 111
0.19756657591634152 0.16558933180031432 111
0.18916688522007766 0.1567902056310953 111
0.2048086512327747 0.19337379096954874 111
0.21660675679237387 0.2075184858899631 111
0.21369458205617461 0.18901478354740556 111
0.21941897302522645 0.21406907347458268 111
0.2175034833764862 0.20961449519297431 111
0.22396795357525306 0.2018295672645822 111
0.22843972986443442 0.2066643904307831 111
0.2311697988678344 0.22993283914648951 111
0.2269159829748755 0.21064028264301332 111
0.23330458729778017 0.2097553517273718 111
0.2366766993326145 0.2248996650939064 111
0.23166907222111585 0.20161374383219358 111
0.23961224683622387 0.22646624211045047 111
0.2398147166880726 0.22303085622465274 111
0.24697271636907617 0.24498862195602086 111
0.2397455256191953 0.2264643314906094 111
0.2491243915328775 0.23721162032743032 111
0.246536935985548 0.22746067131831343 111
0.2502901231946399 0.22086233120203683 111
0.24965445294952213 0.24391030452531862 111
0.25337985194109985 0.2477758517522072 111
0.2521612108363645 0.22862912697216908 111
0.24891408892656916 0.2341664865291626 111
0.2545971255660883 0.23150458442591432 111
0.2553120434809865 0.25335583247928045 111
0.25001971361203473 0.23393267504479817 111
0.2503339106405587 0.23893294894180622 111
0.25971547644470855 0.25607366735340925 111
0.26258463550987815 0.23861618912541369 111
0.2601664201700383 0.26115307621606304 111
0.26556141544653394 0.26866673740905844 111
0.2589392515891453 0.2467663547310365 111
0.26106117574151166 0.25649436962589206 111
0.25972803072359346 0.24585472231616304 111
0.2616641321508345 0.25096563160741797 111
0.2614183657061004 0.2618109720214532 111
0.26117850911153223 0.2614308354366538 111
0.2541959392266827 0.24301956492209775 111
0.26281912179312034 0.2373083840870843 111
0.2724733230130176 0.264480693685024 111
0.263653159029514 0.2643884719459869 111
0.26400080633310224 0.2722837960299079 111
0.2669485951136204 0.2333400671617754 111
0.26349773768719337 0.24843395566004156 111
0.2706313495881675 0.2646038542048425 111
0.2660731439916039 0.25186990562038813 111
0.2654733105550019 0.24962467860913906 111
0.2698053256848608 0.25466593449761626 111
0.2674209877732625 0.2536604524173379 111
0.2654584611800287 0.24004070964425736 111
0.2732209979678595 0.2735797101387558 111
0.26748146923187543 0.25192092337503486 111
0.26286415058766666 0.25400365081635473 111
0.2634143316840219 0.24229558173594792 111
0.26371151824638883 0.2615154417458124 111
0.264506031808434 0.26060612392161486 111
0.26639765547524347 0.25482494641978526 111
0.2718036283412394 0.28213688261905423 111
0.26973733735110134 0.25942280613018437 111
0.27247708746662147 0.2656606879120674 111
0.2707818317003745 0.26190029068574555 111
0.2707511668923065 0.2650179210147308 111
0.27113293547207135 0.26456295228453114 111
0.26658017504308923 0.25681144443512033 111
0.26969063192178405 0.22580237129575298 111
0.27209113113365024 0.2609071275397413 111
0.26714729659276193 0.24138419021623134 111
0.26872402128501666 0.2603777380290749 111
0.27050124163955114 0.2626005150265858 111
0.2733037445358137 0.26578304774044814 111
0.26860187120443646 0.2454480898737527 111
0.2724461495177301 0.2530951619661228 111
0.27050775649090125 0.26666123744379183 111
0.27288784194373994 0.26647557947630685 111
0.2652635175240818 0.27346742461229995 111
0.2765519994748157 0.27465580132451844 111
0.27504229040982825 0.26999346678521163 111
0.28292374035487866 0.27038847577156844 111
0.2777088574157603 0.245612173098337 111
0.27774537888364714 0.27962587532653915 111
0.2732349784618494 0.2677391242331604 111
0.2766194110261913 0.26653836845361056 111
0.2745611842075439 0.2760831951794449 111
0.2762737040323814 0.237653421136187 111
0.27743261599338304 0.28913949847492665 111
0.27638467325779364 0.26739458077605305 111
0.27737002820626044 0.27018933108582827 111
0.2815534330671506 0.26382945668184116 111
0.27797935832560017 0.2576585208850397 111
0.27239415393413585 0.2510688324968606 111
0.2775911493434623 0.26917618236427454 111
0.27704466810756406 0.2771431398229821 111
0.27822691067528926 0.2569275353062273 111
0.2782317828142691 0.2458097693287379 111
0.28064079538725734 0.2937669068110475 111
0.27998861818229615 0.2773888278200887 111
0.2857379572106269 0.28590489530209834 111
0.28130636580695373 0.2784862247599603 111
0.28055087729843614 0.2724215277213226 111
0.2826425677928039 0.2866992087165387 111
0.27871656646907 0.2702192299845225 111
0.2826857190869409 0.2823906284186746 111
0.2804704569384067 0.25002947886894356 111
0.27887940245956033 0.27531701595943026 111
0.28154922242961916 0.2803159618673055 111
0.2832617057776116 0.271636672808447 111
0.27461880074187467 0.2695146331510695 111
0.2773306725920241 0.2610636572445016 111
0.28125803799541055 0.27456666295112797 111
0.2834235285736653 0.2917344056653292 111
0.28501369512761643 0.2772636125697436 111
0.28502383375420104 0.2924117026689698 111
0.2825681876227129 0.27678095078615644 111
0.2761250425055328 0.2751187683288806 111
0.27447155340983814 0.2527652753234085 111
0.2821937217574427 0.27745433702772404 111
0.2862098457012061 0.2895804954351816 111
0.2747295442134924 0.26476437449215473 111
0.27937008181488887 0.2575706237667395 111
0.28488430228377387 0.27680686917252645 111
0.27600019960980754 0.2946956984856486 111
0.27925507364676755 0.27977641873443904 111
0.27623158486965627 0.2583301117732579 111
0.2819623633193759 0.2943106765774804 111
0.2837351256137066 0.3020878197480847 111
0.2771980950608324 0.25942869090746823 111
0.2789652100682644 0.27435788677930295 111
0.27915689394712423 0.28079341764662985 111
0.2838169076568629 0.26953169519359843 111
0.2799039009517648 0.2785110340877104 111
0.2861741006472851 0.2833907761030874 111
0.28544878074728863 0.2938332481757094 111
0.2867113771011405 0.27820422565407055 111
0.28220281865228947 0.28620023421202484 111
0.2822152846904492 0.2776935279887465 111
0.27914969856367966 0.2896134907477282 111
0.2833907604032534 0.2865665176111453 111
0.28203842749771024 0.2838516386978527 111
0.28750668072440133 0.2922599866654286 111
0.28427640012859906 0.30486465078227415 111
0.28326079792571646 0.28007996683132863 111
0.2828588340484428 0.3069924039976354 111
0.28491400847322673 0.2868552585573829 111
0.285856806128294 0.2923932596477367 111
0.2863427454014305 0.2900490017698374 111
0.2841633186762216 0.2798822696220389 111
0.28077948611970804 0.2942128209434613 111
0.27837447910960517 0.2637565093021735 111
0.2853594592147581 0.27576466357247287 111
0.2817660587420609 0.2845264905626261 111
0.2808258605188431 0.3024070151962954 111
0.2857172539304089 0.2950852388110535 111
0.28251665074973614 0.2781978892444388 111
0.28690309650950657 0.3291034305592979 111
0.282956941571627 0.2832800384931186 111
0.2853546069836947 0.2973931722321527 111
0.28594310398350603 0.27951486666556474 111
0.28329126532911847 0.2857698855766186 111
0.28649375371639946 0.3088071887823473 111
0.27971175089216865 0.27979455771316986 111
0.28146298843061696 0.2775495813096969 111
0.2852424133941288 0.2864830289314132 111
0.2816050092881018 0.2750500739736513 111
0.28542378189989087 0.29070126176846395 111
0.285802907186929 0.30613072112205053 111
0.2848241471120819 0.27379572193788176 111
0.28213577417320707 0.2857500265369115 111
0.2851316667369557 0.2807507245749637 111
0.28180199397566674 0.2790320848548581 111
0.2825859885448417 0.2888759121432006 111
0.2869769505255639 0.2853505067181876 111
0.2860486546088542 0.2759154021894839 111
0.2819708214534381 0.279703241380066 111
0.2802575008149255 0.30543418184484183 111
0.2857619424662081 0.2996875026662044 111
0.2857030868355606 0.30058034085020896 111
0.2852230781112689 0.2685463872732528 111
0.28698256898919167 0.302769382463769 111
0.28730860434686123 0.29792816225457586 111
0.29014578013422687 0.30238757331519694 111
0.2871399097253119 0.3039009291671548 111
0.28591563366122597 0.28998858995228155 111
0.2876904106862547 0.3075224840284478 111
0.28585909983939733 0.28223809349226364 111
0.2886101373976508 0.2860819668278909 111
0.28983896642189566 0.29867283333614125 111
0.2856193365293045 0.2888812336562294 111
0.2793988137444741 0.27349975216775957 111
0.2871980719443689 0.29229820722424665 111
0.28598204249239206 0.3050827799161046 111
0.2915430626340053 0.30107286205490974 111
0.28796177961512376 0.29618571806458505 111
0.2879232562419354 0.29626584375655185 111
