training...
0.10204639802506069 0.06164711258535614 111
0.15967815962856474 0.0994269802482674 111
0.1782075805196682 0.14179394673233178 111
0.19921997819928217 0.172164919283677 111
0.2116480375200703 0.19155233506089106 111
0.21866258792031876 0.1931789130200616 111
0.220702572551555 0.20738120708346386 111
0.23202348799504202 0.2240759679128387 111
0.2386563568174075 0.23095376088904546 111
0.2395467142270683 0.24186350117609087 111
0.23905161690817772 0.22940076007721258 111
0.24839290425328864 0.23594501411113356 111
0.24906185265948788 0.2400611330286154 111
0.25215728155732636 0.23958426825011145 111
0.25460684308453 0.24919462188709082 111
0.24837854673239182 0.22610785239099176 111
0.25622911982284546 0.24723498227679971 111
0.26063300835120623 0.25483881200129604 111
0.260673269053969 0.2503168785758539 111
0.2619835671975507 0.26524162259374784 111
0.26693300761125216 0.2686299105925921 111
0.2736084351484309 0.28068146412000605 111
0.2658109251349903 0.2670315053699076 111
0.2704553947759988 0.2731093411752367 111
0.2694526897003278 0.2656967845222343 111
0.2681153546428061 0.25975109360166293 111
0.2686024160387321 0.2612436029972275 111
0.274715419339528 0.2781144244216839 111
0.2748139567144407 0.2694780058979532 111
0.2697594135979875 0.2667930521639316 111
0.27724393854971724 0.25145755538444614 111
0.2771798873313366 0.26922082626347904 111
0.27396317771677975 0.27935209416758516 111
0.2778141502944747 0.2639044427151222 111
0.2747757777401648 0.2736474010103049 111
0.27841335327562605 0.2767835977800205 111
0.2807077817202524 0.280850193843038 111
0.2829461378880632 0.296020954371303 111
0.27649633431621873 0.27854403470723405 111
0.2785098011611989 0.2788402186377652 111
0.2824577015833491 0.2960233320783048 111
0.28338651385985525 0.27176311413958304 111
0.27872144387580106 0.27321139400575134 111
0.28746493385552513 0.27042173872147773 111
0.2760805792625021 0.24575811814740076 111
0.2839586969109932 0.29171350502533516 111
0.28401233135435855 0.29029321465863966 111
0.2860803884918214 0.2754595019278118 111
0.2836276884269002 0.29025234778900855 111
0.28293114410479786 0.2738676054606439 111
0.28093663081363485 0.2677414452794861 111
0.2809270769460145 0.25635672792356456 111
0.2865612603791799 0.28250080487562435 111
0.28320843338498775 0.2657916688392285 111
0.2840026212353024 0.2597932099040121 111
0.28860071067897 0.2654314947431572 111
0.28315033669231177 0.24083840115564747 111
0.28889602058545066 0.2546533443120543 111
0.2866629172866488 0.2877140979019454 111
0.28984051402899175 0.28182297662998057 111
0.2933346290541587 0.29069061756726344 111
0.28550546567527635 0.2862962268282241 111
0.2901609713497584 0.285239590667668 111
0.28494149145099384 0.2894600114880284 111
0.2925417986830903 0.29086062584463807 111
0.28988997065474154 0.27049680281547267 111
0.28356267687909564 0.27346406495694403 111
0.2882498475309741 0.2650165084637091 111
0.29421304061257314 0.27484930829634585 111
0.2887790507137477 0.27270958998057065 111
0.28730166311695177 0.26057385483446605 111
0.2891393339678166 0.276652373025389 111
0.2908530637923008 0.2875875845347377 111
0.2960365163547938 0.2874671681142966 111
0.28746476375623453 0.27693282383171275 111
0.2926604609637513 0.31957163719208326 111
0.292250142073277 0.2927700141548372 111
0.29326030830962047 0.295254790840288 111
0.29280399562548154 0.2778101690210172 111
0.29364645566628494 0.28427049633188295 111
0.2961891561323234 0.2755529850379105 111
0.28540840805474005 0.2624272691835203 111
0.29323244547880367 0.2615543700866349 111
0.2950094029744053 0.26751323166653285 111
0.295682457227891 0.2817452502687767 111
0.29157445156385825 0.29065735300709344 111
0.2961122332599777 0.28391180016348216 111
0.29865801904855876 0.2748021025338936 111
0.2977930008703179 0.27873027250397175 111
0.29419714914328843 0.28184023356308036 111
0.29334610668696226 0.28442740767172914 111
0.2934688194583219 0.276608827679177 111
0.2868449099478373 0.2691610488623226 111
0.291370624099165 0.29489582667257913 111
0.2935876245618153 0.2804550861875133 111
0.2978334295349823 0.27009335360928577 111
0.2947003774095822 0.2731186481413136 111
0.2925350875457351 0.27399068677668104 111
0.2941041172382278 0.2722264424883222 111
0.2924474094613613 0.28096827980334377 111
0.2932811580196978 0.2650871325892028 111
0.29928156036341047 0.28367557450297337 111
0.2927351962889646 0.24921422297693643 111
0.29993509423777204 0.2757276392352166 111
0.2937144311354595 0.29778406382455685 111
0.2955802103175059 0.2523670523973588 111
0.2979746977236515 0.2816994514495617 111
0.29724674884665647 0.27927126935924246 111
0.2972595753253853 0.28150141546468194 111
0.2981715778451527 0.2781229529727058 111
0.29396243103404346 0.2956067997218863 111
0.29422029663161603 0.2729355161393804 111
0.2982564017305128 0.28243931394833616 111
0.2973058245881328 0.29780229150649606 111
0.2961628481168498 0.28393663695888544 111
0.30137189155275296 0.29179614709341306 111
0.30030674009438324 0.28951661505501924 111
0.30048530895870557 0.275184170395139 111
0.2977063948369282 0.29477098824200454 111
0.2975247076041883 0.29336058301989554 111
0.2949060018207511 0.2789779138598372 111
0.29285055110825225 0.2771669656314615 111
0.3000560502625194 0.27693053752962726 111
0.2985568839186779 0.27621343641572693 111
0.2954216209103428 0.2925898191163631 111
0.29416835460000945 0.2839424147982869 111
0.29777247681360997 0.3085844632792638 111
0.2978026697504205 0.2994953381233949 111
0.29592790641525446 0.28098003782255937 111
0.29176430352203503 0.2784254101350958 111
0.2910112558344391 0.2686027967656156 111
0.29967754421087744 0.31212195871219717 111
0.29615298277099183 0.26358467647921735 111
0.2944074949639745 0.2751262418193272 111
0.29308337811286883 0.2837944865750258 111
0.29621724471206495 0.2847212926689782 111
0.2956639114562594 0.289478180074248 111
0.2970796310966711 0.2955690974308059 111
0.2974080884851712 0.28912956696083714 111
0.29071875788736673 0.2748210384010243 111
0.29314854949412844 0.273598579831063 111
0.2974744193724968 0.2963060663409249 111
0.29459490142354733 0.28192822350853713 111
0.2963585467944195 0.2704406785049589 111
0.29861710970856464 0.26411998576983836 111
0.2959241753159265 0.27875514181543426 111
0.29639247996528145 0.2743149580694769 111
0.2959974876756316 0.28468963532855507 111
0.29409851357607075 0.2905889631160178 111
0.2989341875264727 0.29442582307758763 111
0.2953063246419948 0.27173098006443364 111
0.29543284445231377 0.291134722681899 111
0.29622211040292507 0.2807626187572183 111
0.2948282313667172 0.29638785259692346 111
0.29574356784559186 0.2809401084375993 111
0.3005176670194978 0.30658289125044813 111
0.29674676484739404 0.28653335535555385 111
0.2941502449867435 0.2827329711473357 111
0.2945531899044232 0.263175012120702 111
0.29438378136476606 0.28412910286392123 111
0.29441194849178587 0.27572670787288844 111
0.29220771992372896 0.278651040457806 111
0.296347318419786 0.2889007763180546 111
0.2998491884341555 0.27054067422630235 111
0.29718090819181325 0.26689131771299157 111
0.29708266807284506 0.27621604711874154 111
0.2906196459210574 0.2655732806216419 111
0.29637683367464984 0.27453276341651944 111
0.29564646451377496 0.27129250158583723 111
0.2944942461621221 0.2665701515936631 111
0.29388473891271744 0.2667743939969076 111
0.2967759664697767 0.2875271331056709 111
0.29660376630575896 0.2697055627378377 111
0.29405779032018226 0.2772905401081492 111
0.2938480888990916 0.2652525816313251 111
0.2944981844474964 0.2698568026323903 111
0.29533248586572836 0.2790426058883724 111
0.2948644830837324 0.26648542389933244 111
0.2936724147542629 0.26207731418484786 111
0.2984577000839962 0.28088400871072666 111
0.29589460190430844 0.26630313983970794 111
0.2941919534624005 0.2823363417444015 111
0.2923865486925916 0.2761033093673103 111
0.29165907248893486 0.2604541609688032 111
0.2987183960719536 0.2804588847054175 111
0.29291503299249333 0.264560923713132 111
0.298245004828015 0.28582309088330493 111
0.29487366415072236 0.2796965776094578 111
0.29290363398283165 0.28416580655370627 111
0.2944156709007557 0.28460605321859395 111
0.2954395073115999 0.25838381502484803 111
0.29660968870685933 0.2751632134593091 111
0.2891222748800432 0.260778848294369 111
0.29302382532477855 0.26238650247485384 111
0.29823288728448083 0.28784866579958124 111
0.2931550563164441 0.2714380891764331 111
0.29919614088065083 0.28264986352986565 111
0.29769250129388203 0.26766637223711903 111
0.2952976205798304 0.26968187643956903 111
0.29894516326656345 0.2690655062716893 111
