training...
0.18242982940938818 0.14938768571408692 111
0.22622634679171505 0.20925248129148558 111
0.2485321332172887 0.2355960077057597 111
0.26624329545948133 0.2585042713769542 111
0.27691964820395093 0.25715211003865196 111
0.2762738975275606 0.2872149925081999 111
0.28027751360213793 0.2699729223374061 111
0.28544738511362777 0.28253135563378906 111
0.28284265514043205 0.2724437837502404 111
0.2884232932019796 0.28552331999028757 111
0.29602480691340227 0.301140440476591 111
0.2892774666728154 0.2882587447929441 111
0.3018268726059857 0.2910978244803245 111
0.29668172081186855 0.2803462088677196 111
0.2971791145790238 0.29941916714255384 111
0.2931168000370445 0.2844476499591762 111
0.292442163631832 0.2811152565244105 111
0.31542867240183675 0.319262559337396 111
0.30836288477016993 0.286457841411565 111
0.3019123873256086 0.3104431486008746 111
