training...
0.17355443835620113 0.12284000849758657 111
0.23577528211287885 0.19626463603344113 111
0.25926391406766985 0.23100645587825455 111
0.2608277046532824 0.23322896843169344 111
0.2745313016608912 0.263207552043339 111
0.2783946955417619 0.2550499227774407 111
0.2787823723560829 0.2633682174868708 111
0.2903217229730204 0.25333378981012844 111
0.2832815011158579 0.26767963703768355 111
0.29314925363465766 0.2941776282554477 111
0.2960020339052927 0.2915574680053096 111
0.29099874933208636 0.26366298117202924 111
0.30058330315148996 0.2951519188649999 111
0.2902657207457064 0.2911369743827912 111
0.30292167589588304 0.2997610772982425 111
0.2949607449774068 0.30005993824352734 111
0.289643372715934 0.27531076099111385 111
0.30125198551272714 0.2925747132967001 111
0.29638727750688987 0.30230483201896297 111
0.2964048270382929 0.2968496222828737 111
