training...
0.24012579491114305 0.17138562569051705 97
0.2687234882713823 0.22504918535176624 97
0.26853401616765094 0.2450402541743818 97
0.2906341773025103 0.2566998960776009 97
0.33572478356137986 0.31486122982552794 97
0.32624151455120703 0.3096117392907425 97
0.346481697856144 0.3545126161141922 97
0.35592979052143253 0.3340054973994826 97
0.37229079208740057 0.3749317830156851 97
0.36484440968993836 0.3933999548987287 97
0.36704393080690795 0.3808843800069368 97
0.3870882330965758 0.38741573750358543 97
0.38099092777206706 0.3640273748981311 97
0.37816400299837566 0.37495463833545084 97
0.3870330567594005 0.39210533747501625 97
0.377268431459046 0.3586865896270105 97
0.3968185794507465 0.3809197783280209 97
0.3803957094250358 0.36990711839239565 97
0.39112234441002486 0.34383698541067215 97
0.3890065268685472 0.3786292510020388 97
0.3927530173249464 0.38827073130458667 97
0.3824432633934308 0.35650665101770895 97
0.3905514709030023 0.38143572010614835 97
0.39388286048586496 0.3790049006268254 97
0.3865443336366935 0.36033585188245154 97
0.39084991747414016 0.3840676057023512 97
0.39909636980952756 0.3876710070295101 97
0.395666842080492 0.33016697396307043 97
0.3889297887752941 0.38662309590691313 97
0.3884264631973127 0.34983121975019976 97
0.39374959067212273 0.3532205326754057 97
0.39430092825562085 0.3511066609601656 97
0.37958005111851734 0.3539899401381445 97
0.38082487706628426 0.3580304400680928 97
0.385078624775059 0.36232316425661587 97
0.376475384004363 0.3454345659434434 97
0.3912302701863855 0.34002273753043916 97
0.38090886258042256 0.33917889049282174 97
0.38652466634814797 0.3845731222899431 97
0.38264512269614137 0.3300577421521652 97
