training...
0.07790850088059002 0.025195299034729963 111
0.08019962725870813 0.033883978368745994 111
0.10179486990987271 0.04764684799628644 111
0.13026209346609136 0.08237638801282869 111
0.13135671045715708 0.08914030317632086 111
0.1565646993293554 0.10241879388113793 111
0.16911461902122868 0.1257072060687882 111
0.18514269462378485 0.14759709564264312 111
0.20228203487589053 0.16789162717983855 111
0.20648990913997967 0.17679337281130958 111
0.20874897986502536 0.17750695954068407 111
0.22028109861227996 0.1904156619617346 111
0.22178107393740945 0.2017324258562154 111
0.22556023994790148 0.2111180631037299 111
0.22274093084166924 0.20607750593721638 111
0.22348697178335358 0.19818674298910302 111
0.22933183195991297 0.21295975541330311 111
0.233874059359402 0.21937821104918134 111
0.23372660116623872 0.21633285930864277 111
0.24095450531757936 0.24252173508634534 111
0.24089803104746513 0.2377619845024829 111
0.23973067469917195 0.24634007063045973 111
0.2439067771855208 0.2291173795304402 111
0.24634550981055456 0.2547976089167939 111
0.2467770355805143 0.2526821499015916 111
0.2495773092738613 0.24729260486398083 111
0.25136738270167236 0.2435281899886211 111
0.25167495649210997 0.24866929573340968 111
0.24663032396887338 0.24622842118240842 111
0.25416285005607736 0.2574794678883939 111
0.24931069359938243 0.26334100779286784 111
0.26399044541887134 0.27721684352593545 111
0.2581693683920489 0.26591372082195913 111
0.2604510878873517 0.2651707923698088 111
0.2641969424362133 0.27144920174680337 111
0.2637702433163867 0.2684338898530447 111
0.2675392760123355 0.2760776877147562 111
0.2615116095100026 0.2687429619587163 111
0.262449583680451 0.27132269644356966 111
0.2564069026370612 0.25474208492579214 111
0.2649093350033376 0.2769142207102888 111
0.2659708008343996 0.28247724888479153 111
0.2692744363884702 0.2719980587032415 111
0.27213999405190215 0.25229045883596146 111
0.26883676520894007 0.26277069296233035 111
0.2667418531607899 0.2741965791014948 111
0.2696167729728227 0.27408696293220974 111
0.27263869749912967 0.2942383568363409 111
0.27189974513240317 0.2837476447363484 111
0.2710804646742065 0.2814930736521238 111
0.26787131314100615 0.2657764276587762 111
0.27470773512960434 0.2908654720010216 111
0.27324760318260755 0.2933962045956449 111
0.27420740766329443 0.2812308996652916 111
0.2723077408808973 0.28109271596489227 111
0.27838606295543517 0.263137926253212 111
0.2760169028317701 0.28261121947953943 111
0.2764517341143196 0.28522113320890197 111
0.2738848830939741 0.2813798656422039 111
0.2736783451558198 0.27737605662108594 111
0.2699379613533061 0.27386554779801037 111
0.274078497659671 0.27547672685695124 111
0.27329502249169424 0.2614544731657441 111
0.27121960426319436 0.28002774271439435 111
0.27625820680831426 0.28335249201402896 111
0.2774565310929654 0.27226162513897767 111
0.27704186400827824 0.2561463857662608 111
0.2757014697768703 0.2724550903753309 111
0.27567648581414617 0.2491371573575003 111
0.27318484840407475 0.2569310812561318 111
0.2797636690225396 0.2761538594360672 111
0.27735509292372784 0.27449282075441406 111
0.2767116046616359 0.2841017858183467 111
0.2792128713481408 0.28676953077616546 111
0.281225080954476 0.2720002131125924 111
0.2774456194946476 0.25155050760371944 111
0.279019917932442 0.26912337626159594 111
0.2722698765598103 0.255619444986308 111
0.28114812906508796 0.2608457287308824 111
0.28353564285708677 0.2741794696697911 111
0.2818336419505338 0.27433015106003933 111
0.27854179023774567 0.2700377430076839 111
0.2832083122889811 0.3019518803786702 111
0.27905914927344366 0.2735035273455115 111
0.27646259769559367 0.2670571031238776 111
0.28081900458206455 0.27752785700040794 111
0.281023263363684 0.28046720684367643 111
0.2772991020397876 0.25904276712522223 111
0.2840904299829174 0.27550316172641454 111
0.28138645752355684 0.27672712250397546 111
0.27965548772349347 0.2603097343985706 111
0.279402509173263 0.28068219420518387 111
0.282979188100276 0.2935457872561786 111
0.27962428924070404 0.2712112928497183 111
0.2784537798626045 0.2561908376145815 111
0.2840344724501079 0.2573931060964005 111
0.2828395970791319 0.27587441703746485 111
0.28707984981368456 0.2738123220002564 111
0.28148902901779566 0.2603126264892422 111
0.2832439831981285 0.27700705355813926 111
