training...
0.1839563943892976 0.13934769193507732 111
0.23096886950179277 0.1936465019257999 111
0.2560190106148012 0.20618744079873927 111
0.273739101626855 0.2617351945615933 111
0.27950548386446006 0.257300862788616 111
0.27946612179209446 0.2621923948844362 111
0.28754989293061134 0.2697565242970577 111
0.287908329831185 0.2608074524984827 111
0.28340754464612766 0.28593479720921733 111
0.2886822539681751 0.25652046126619044 111
0.2965114752405053 0.2964514113608366 111
0.29544700288958514 0.2791300072806226 111
0.30269111216614336 0.3042087737403952 111
0.2952398649541566 0.280568124786481 111
0.30126311948859963 0.30711611993493276 111
0.2980380265946656 0.2871566878746121 111
0.2947841658759425 0.278947666116416 111
0.3056214266837572 0.3116797641206389 111
0.30770949468339176 0.317015606582673 111
0.29972826628127713 0.31088894040758547 111
