training...
0.22165492083748672 0.1090573635038441 96
0.24359340564307838 0.1340672793083323 96
0.26906129565901005 0.16395099021160325 96
0.2840586594140639 0.18460081384520094 96
0.2989866569582833 0.21270066536082105 96
0.3241523322393199 0.22654047853199233 96
0.33093469813126 0.25297202217299275 96
0.3437384758717303 0.24877375602896384 96
0.35219976514535967 0.2721878591467658 96
0.35974196725862734 0.2934918338748238 96
0.3651773308891911 0.30713546215557536 96
0.3854722068297261 0.3060447711041399 96
0.3754260464424259 0.3162616565458777 96
0.3869792095422344 0.3465556431344962 96
0.39030547919425834 0.363412179633275 96
0.39032702547076786 0.356955717514457 96
0.39005771113641624 0.3563824430722112 96
0.3951681102726698 0.35789796224327863 96
0.39266700382907066 0.3514742429974101 96
0.4143850496790569 0.4157591871622086 96
0.3970384470870966 0.34850254422199234 96
0.4004628742112513 0.3860101451151074 96
0.40692864647441374 0.3832739751486205 96
0.41872929958524074 0.3916234844396621 96
0.40775054284419493 0.3788155837435505 96
0.39667391060982427 0.3598683971360076 96
0.4143015225691331 0.40689665588706847 96
0.4145650063498205 0.386752875747079 96
0.41120527373792043 0.3943269437712489 96
0.40813893683113744 0.3852011100545534 96
0.41634984584868057 0.4143293352421826 96
0.41722857245257994 0.3780147018361412 96
0.4240267781265436 0.4229362162801503 96
0.41799559098990735 0.37164127506520395 96
0.4259598931914807 0.42076603293761783 96
0.41752428529443497 0.40844489643818904 96
0.43783572846285795 0.44317490741269105 96
0.43621828563440435 0.4410151414813977 96
0.4336133276605259 0.40687775076731186 96
0.42203574329409016 0.4240218942436505 96
