training...
0.30276346767435514 0.2296951287552187 99
0.3325258596396036 0.276085127473205 99
0.3527271987995872 0.30299585231092385 99
0.37865888875803805 0.33514599399666223 99
0.36924869273870525 0.3253119065963876 99
0.38477198061483175 0.328805908520081 99
0.3787138102734171 0.33188164674405496 99
0.3931515054350964 0.31985214815872576 99
0.40014312439765765 0.3470052797867886 99
0.403795934124353 0.3487111482486924 99
0.40368071705289604 0.352583848412109 99
0.4094897677646163 0.34632069845489205 99
0.4149674078559048 0.3830505271769195 99
0.41755494484162947 0.3823954976979353 99
0.4274170706823276 0.38372945992020585 99
0.41868944720764056 0.36680352342644296 99
0.44180932680911555 0.3906932966013329 99
0.4247920855571386 0.376498225282274 99
0.42912035355592143 0.3614660624432173 99
0.44866405198261666 0.4104139022084848 99
0.43228441049009925 0.36625762796841055 99
0.4419976720835209 0.372451133507644 99
0.4388779448159612 0.3860280178377383 99
0.4420070633432081 0.4008865100886745 99
0.4395574206431097 0.3635503333550818 99
0.4566776716780754 0.4145802544674328 99
0.4403021254518172 0.3787017097927724 99
0.4492573971481984 0.39440791727205454 99
0.4513137834179323 0.40845079246390553 99
0.4399983041223772 0.3723442357090154 99
0.4456767231868006 0.37327718848939717 99
0.4532238767353659 0.39578508381639615 99
0.44631609461688637 0.35838977240169506 99
0.44252635242534644 0.36633987468450463 99
0.4392528304271435 0.3946819161082234 99
0.45010318257678944 0.4078891653497196 99
0.4428195123262348 0.3761572192071887 99
0.4482883927574112 0.37420273078780825 99
0.4543280248736649 0.41528716488518763 99
0.4566745133905922 0.3879095637902135 99
