training...
0.24538047954448103 0.1656405230126627 97
0.25649433847519487 0.21322888859907765 97
0.2712199633959055 0.21901980860268624 97
0.29996207991349544 0.2985719291497234 97
0.33179093004174504 0.3083744935530866 97
0.31975479588809064 0.31409746176821796 97
0.32092726576027436 0.3367175814508437 97
0.33519082778369197 0.32266413565394775 97
0.33535624739195763 0.32642865460674747 97
0.33761851437236395 0.31660927633650005 97
0.35810844688106314 0.34021021225556025 97
0.36439522715665273 0.33671345552869897 97
0.37613910230653563 0.39335691039721804 97
0.37125019219644906 0.36709647298363224 97
0.3632533182010103 0.3458735943386322 97
0.3612085033169709 0.32454052958420043 97
0.3685548658093237 0.33349904149513054 97
0.3655675991353966 0.3491106860364743 97
0.3767704042876212 0.3219128921484188 97
0.38170526305826097 0.33976151680954947 97
0.3678001810864589 0.34462271021798013 97
0.37250341704894235 0.3539008052524055 97
0.37399721679209913 0.3305007570034544 97
0.3856737124193139 0.3397518986743999 97
0.39578528091692755 0.3425396833951903 97
0.3981958937908299 0.3507503189097246 97
0.3782868594790516 0.3129986158490161 97
0.380167804746792 0.35549096662262186 97
0.39123561819331965 0.3639098494988705 97
0.3801914584641015 0.3483334648000145 97
0.3924930845014461 0.3107567482896459 97
0.3961010536112041 0.35031762611006784 97
0.39826314258705103 0.3658068132594753 97
0.4025336727459601 0.3445339992436683 97
0.3939151865368824 0.3497056715417748 97
0.39725355482955055 0.3530142220731086 97
0.38180631494443484 0.3319966148323753 97
0.3804574215984443 0.31248041093651685 97
0.3752898746756221 0.3363592714632351 97
0.3995569362380345 0.3353972207357736 97
