training...
0.2737116275785734 0.20591670800422004 99
0.2856469821509964 0.20383672540344788 99
0.2966077305700527 0.20534773853502505 99
0.2905400740812904 0.2010853613745434 99
0.3025299057231895 0.24960248204628105 99
0.3035727720834613 0.24488730761538627 99
0.31514652981442964 0.27824008189066474 99
0.32923730776705484 0.27116574687740935 99
0.3379574237572968 0.26436683335813377 99
0.3595445828692024 0.34179950908188833 99
0.35702792603906636 0.32417781213891617 99
0.3661805430567409 0.3401152346309543 99
0.36482407192187416 0.3414464139040574 99
0.38374705043668367 0.3629844884357553 99
0.39624530188748497 0.3565336683551852 99
0.38482723918823497 0.3580180258147705 99
0.39145844936708485 0.3224194472933439 99
0.3972966031715837 0.3602722943596672 99
0.384482380544212 0.3520576654494681 99
0.39552553915432953 0.34799015259825655 99
0.39755052627665305 0.35297462015154857 99
0.3981419452704053 0.36449290200113477 99
0.4125170736372261 0.37070093763914513 99
0.40025447853645835 0.34750278516158106 99
0.40906947894255796 0.404275027886196 99
0.4148328356277204 0.37841686742519315 99
0.41065622418281106 0.32885269933137345 99
0.40942089311325797 0.375860422626878 99
0.41692141581734465 0.35446195859202106 99
0.41064233638113734 0.3333387207556168 99
0.41405797086870477 0.3459252203923066 99
0.4135385909322993 0.36226582989773465 99
0.4142216297949833 0.351375335283796 99
0.40640519296596544 0.3840939597525518 99
0.4077527544607311 0.3717852227187461 99
0.41882709287730224 0.38622780478378693 99
0.4207402845444483 0.3473961624219587 99
0.40606836009229125 0.365974542822856 99
0.4213061890886656 0.35393888607590174 99
0.4188338887923743 0.37198101671348105 99
