training...
0.17678787067146803 0.12961386008845063 111
0.22857801705116765 0.2058048063475171 111
0.24741951995181374 0.2321296566926579 111
0.270552971305681 0.25596810828034056 111
0.28064201643842723 0.2674733903618152 111
0.27746175895282205 0.29017051453348114 111
0.2743506270825805 0.25199919501841317 111
0.28506438375528304 0.24961843057925207 111
0.2799589555777255 0.2643942493761281 111
0.2955026518862732 0.30391190923995004 111
0.29147970028005776 0.28617913319083943 111
0.29215689121449456 0.28414261974879135 111
0.3026516240742528 0.30645642117056626 111
