training...
0.1653320377207369 0.11999176627007402 111
0.22460614395364925 0.18664027229467967 111
0.24203119792889433 0.2145680339796167 111
0.26650901826075346 0.23492833977928249 111
0.2674178191791195 0.24419677241649676 111
0.27544771964285897 0.2647251892434472 111
0.2814214614039848 0.27222078672344185 111
0.2841194627316505 0.2786652184727311 111
0.2763032957270733 0.27138362778163794 111
0.29271350314152506 0.2935615928694162 111
0.2934134215500392 0.31657826220167024 111
0.2962810106284818 0.3105370470338113 111
0.3032024454420381 0.3127395398361342 111
0.29401741722731095 0.29244130410393293 111
0.2996517373245156 0.29298949792035106 111
0.2912249316852072 0.3047382312906565 111
0.2933249029503247 0.2830778572046084 111
0.30156440067073087 0.30261008580187626 111
0.30782206510324994 0.29990520662843345 111
0.30372627074621106 0.3004767242291441 111
