training...
0.2783881464883184 0.17219805026704943 96
0.28376744507541113 0.2090367464361817 96
0.30820483087366785 0.1989231534833909 96
0.3318653272044334 0.24909119938869184 96
0.34999689464910855 0.2826993511276225 96
0.345943922974236 0.2807131586571588 96
0.3568332824113967 0.2903128119448662 96
0.37084338993191474 0.32454670408514746 96
0.36583435185713437 0.2960174658372536 96
0.3846179093773785 0.3429567271107343 96
0.3782739310492748 0.32756284314368067 96
0.38053431691306727 0.3334193346413663 96
0.36954856597261926 0.3449295038326857 96
0.37982369600175564 0.3176569771252965 96
0.3879749700919864 0.3215203300101959 96
0.393422777528668 0.3530272845069873 96
0.39957430900927027 0.36808405582427456 96
0.39627564812213817 0.34646135360225 96
0.3990267774683638 0.3358056468945898 96
0.39657382826366 0.36882406868873047 96
0.39241691016093183 0.3722832267908327 96
0.39848035199047277 0.3636177341760232 96
0.3945139458098364 0.34704687368537807 96
0.39775962312874835 0.32636714310074033 96
0.3922487791466906 0.35854147106571493 96
0.39869416262501184 0.36369377931516894 96
0.40268446127420326 0.36812118729174403 96
0.39384082137050597 0.3312012816078369 96
0.3941681854791101 0.3402004793786947 96
0.388456259822743 0.3329038423947237 96
0.38512164768925033 0.33013053365012035 96
0.39559066683247984 0.3357989397186897 96
0.4022095397096524 0.3618579481390709 96
0.3994640758521099 0.3511095277476475 96
0.39517470013259576 0.3365625405203613 96
0.3998735620636515 0.367357133937548 96
0.3941050525504224 0.3481077759245569 96
0.4045674768932976 0.3369847401738185 96
0.4081627369114287 0.36652283873106595 96
0.3984571798033962 0.3427426890496382 96
