training...
0.27893151870439487 0.20184577760834319 99
0.28831898697860364 0.2070424804562111 99
0.296985297447245 0.20797458240453973 99
0.31223933981721297 0.23958645097232462 99
0.30922579318667925 0.24444690428067753 99
0.32043687000873283 0.2449817333250869 99
0.3309901852447958 0.27503321597989855 99
0.3354498104240429 0.31319565176718217 99
0.3540921221285572 0.365291335845046 99
0.363325190565439 0.35540437728773705 99
0.37152096518016753 0.3523700244973611 99
0.3700477429008152 0.3562237320491827 99
0.3698635031927175 0.309854356661591 99
0.37489111276565945 0.36059207588380554 99
0.37749476437761115 0.34719403380108127 99
0.3634478657126964 0.33360606806996795 99
0.3766735809191883 0.3355388735645457 99
0.38658380658753255 0.35179630903061054 99
0.3841414447839101 0.370396380686723 99
0.39140024879951635 0.38209865472875215 99
0.3757828683492929 0.35912112875429364 99
0.38476634138136817 0.357451008693779 99
0.37387785247480904 0.32372290755617855 99
0.40195091173151637 0.37178057974887785 99
0.3931893793874498 0.35126878731507155 99
0.395579287373404 0.34630153138884373 99
0.4068069533422464 0.381245930439305 99
0.3965701613585794 0.3513328954428118 99
0.40497044140094274 0.36911400070303607 99
0.40204021971026405 0.3655063360074659 99
0.38763881866468053 0.3434049815496785 99
0.3960043300395859 0.33164834095557544 99
0.412678728428977 0.36821131628748843 99
0.39737682240719013 0.31315876654290653 99
0.39607338320854724 0.3286036995845049 99
0.3991709991841123 0.38141281305137725 99
0.3984186394516354 0.33087248806929803 99
0.40163409209065726 0.35259063488871806 99
0.4051739794140827 0.33864181295198487 99
0.39128907617799785 0.3066732574439327 99
