training...
0.29525245407955614 0.21857687417948693 99
0.31691524579874736 0.25510506297228186 99
0.3223916306849681 0.26858218808092005 99
0.3379958115766633 0.26581423895987977 99
0.3612378657763599 0.3212930863945823 99
0.36681562822717917 0.3592008146821333 99
0.3735989931188628 0.3580417278850072 99
0.3814291802388306 0.35002687193517856 99
0.38764394663389445 0.36083228278144114 99
0.3880607105607931 0.32759716123861865 99
0.38622548642837734 0.33662037756374624 99
0.399829091589272 0.37534970356103553 99
0.40002627497402854 0.3531494433178981 99
0.4142596003577075 0.37301999937438884 99
0.4153658510439428 0.37095732248566177 99
0.4115555418520168 0.3526751214682382 99
0.41292450670868425 0.3469163604451059 99
0.4062968910559355 0.33807514273839795 99
0.41230827737292985 0.3613458214809615 99
0.41344421168061013 0.3718897147881728 99
0.41850875769113777 0.37970239966222946 99
0.42333725196007416 0.33234646967113224 99
0.42327911915647237 0.39533782875251033 99
0.42497406768411905 0.38409784303074523 99
0.42427426190857903 0.39883110873488625 99
0.43673901140853466 0.4018227015872952 99
0.4248032391734206 0.4098139606128291 99
0.41982585878695555 0.3992887991300685 99
0.4334057460752487 0.40262224388719686 99
0.4209471920918911 0.37342899544436464 99
0.4418645166041387 0.4256873246399866 99
0.43286185002489763 0.3679867118031955 99
0.4321650167147793 0.37349264579520386 99
0.41784226188516427 0.3610181898981771 99
0.44403218045603043 0.3712342676013934 99
0.43779411103792737 0.40104380150269026 99
0.4330494569589377 0.3931295374861789 99
0.42342061417094706 0.3740515311242071 99
0.42248787283098704 0.3808923115652016 99
0.4267566078313857 0.35572663435686747 99
