training...
0.21731336794388248 0.08880865183245554 96
0.25405870493950117 0.16682165276598135 96
0.28218364252711486 0.1936411111987121 96
0.2979401280730721 0.22201838102887803 96
0.3076561575254884 0.2666598792852628 96
0.320615317902473 0.26828726406660736 96
0.3355436334438848 0.2768718471684657 96
0.3422255231774802 0.29445950770553386 96
0.3512227165714917 0.28603456022317286 96
0.3576949398627907 0.3340079441848811 96
0.372592887025103 0.3263711389694368 96
0.37355831733976913 0.3609304609753086 96
0.39181304878730155 0.3881925829885856 96
0.3821180420391929 0.3734220695942214 96
0.3775128272478326 0.34898537336435365 96
0.3880384574957095 0.3818191011888056 96
0.3836380474799193 0.38273512845941304 96
0.39174893263781013 0.402250032211042 96
0.39620345504897836 0.41508741626709683 96
0.38551368699981287 0.3400693560033936 96
0.3983950460449222 0.35345674911898856 96
0.39402501815007335 0.3793502578954224 96
0.3936368385947389 0.39085981042487783 96
0.39809086907478614 0.41920365561805606 96
0.39007705066825604 0.3295458168282221 96
0.40232642521508516 0.3658720549826886 96
0.4107653157204701 0.3759350133209972 96
0.4103926898417809 0.4012463291910612 96
0.4087354292421493 0.39384245520343075 96
0.39947123794491834 0.3964622736907958 96
0.40458303347527663 0.39176916337935275 96
0.4132280593792603 0.3735654241461772 96
0.40831904456625406 0.39112908008065406 96
0.4057925185717921 0.3874246480625563 96
0.4111253301613947 0.37853225917565125 96
0.41421272468762815 0.36621957190858195 96
0.41319717305429676 0.3728985671390839 96
0.418138080726036 0.41388452237880946 96
0.42031091849457053 0.4063186389797727 96
0.4295080352794609 0.4278545266862497 96
