training...
0.07159096760146248 0.023874021189493666 111
0.08829098927989076 0.032215871899137716 111
0.08167264631312036 0.031098090343779167 111
0.10489388355690224 0.050671267897518885 111
0.12874268580231427 0.06973877467576584 111
0.15743254603067106 0.09689919962081697 111
0.16317590812490948 0.10261656251430565 111
0.19073209592183113 0.15316874642103143 111
0.20356385958697612 0.17853544906046867 111
0.21467032664183416 0.2001718681443244 111
0.21464239680369032 0.18146814479922005 111
0.21904685709371646 0.19510118911331756 111
0.22126460207841925 0.20309466776731358 111
0.2250786218077241 0.20360068052422375 111
0.22614663805366947 0.20152695601922394 111
0.22620579118529907 0.19871541209661292 111
0.23751570259663735 0.21111961085801836 111
0.2365444943346446 0.22252475914435008 111
0.23751760700547356 0.2061373011947026 111
0.23198333903009405 0.22151356653999466 111
0.2423066274255163 0.2366203282022863 111
0.23755182378546683 0.22713211994623403 111
0.24268817236481147 0.23610807872489623 111
0.24868494602272365 0.23580697499546438 111
0.24793841443588685 0.2314667359864511 111
0.2493845913608207 0.2378919665910818 111
0.2480299585097816 0.2376210413069633 111
0.25328299388933967 0.24090305995599232 111
0.25377463745630396 0.24491026503095606 111
0.24854871289222732 0.218800710883855 111
0.2478758192867384 0.2343438761391367 111
0.26161050574686606 0.2660133153249659 111
0.25531643322556363 0.23723402989760892 111
0.2592772714912461 0.22009466802378155 111
0.26222872413424825 0.24466540325737574 111
0.2565149358840702 0.2616941032323984 111
0.2617072793158668 0.2570456249278798 111
0.2635029487269499 0.26034302984824675 111
0.25906912630272655 0.23804285684164053 111
0.2596558728448785 0.2534561719547749 111
0.2631226723948575 0.2359310164305438 111
0.2653684426220959 0.2614634716959052 111
0.26752974981011834 0.2582321249634794 111
0.2660199368164103 0.26417394657744203 111
0.2659445391288924 0.24195150675779126 111
0.26848252581596505 0.2685146760999254 111
0.2708832188885774 0.2672291370058593 111
0.26804112638462685 0.25472549896000585 111
0.26453121908222216 0.23100470584974445 111
0.2681722299376394 0.2524461796693594 111
0.26964753773048955 0.24849993612833868 111
0.27317233138806274 0.25975637556422293 111
0.27329372978991373 0.28245112800307226 111
0.268714667663589 0.24790053688332767 111
0.26653208043408994 0.23984697467218072 111
0.2680416169124743 0.2502742647236506 111
0.27472205046501075 0.2656213515924734 111
0.27548704573153704 0.2397576841632445 111
0.2687908350125841 0.2533539945315722 111
0.27315906520448985 0.26043288335302994 111
0.274251787124506 0.2757896966857408 111
0.2772007386981471 0.2616787207360637 111
0.27744257651059157 0.27049579748391206 111
0.2743223684947932 0.2706378592906032 111
0.2755390082217452 0.27165665942970985 111
0.2729169051643316 0.2557458177731622 111
0.27543817207069965 0.2556530228848469 111
0.2653620481390484 0.24696438672186155 111
0.27698928834134434 0.26864992861952597 111
0.2772850460291612 0.26790417306617686 111
0.2745240976424605 0.25785324334038473 111
0.2756411906710586 0.2770500877841619 111
0.27716108111971016 0.2758727080559757 111
0.274112403380014 0.29541980810284857 111
0.2800098056940575 0.2957964672395662 111
0.27820357979767507 0.2732106873812325 111
0.28047186226694504 0.2728148451885617 111
0.2724865860906659 0.2519247424920433 111
0.2771464070135943 0.2705086979695409 111
0.2748317784772277 0.26143646686648947 111
0.2797555009249047 0.2978625772438895 111
0.2754627261466559 0.27889581219376786 111
0.271819654372865 0.25970731863336377 111
0.2815419563896903 0.2948405322910885 111
0.2746738129630451 0.2769325591209755 111
0.2767565238492125 0.2675437294382045 111
0.27861770660164326 0.2706969082562218 111
0.28334568727808407 0.2910534596109289 111
0.28074415564436733 0.2939433204347968 111
0.27656658564369874 0.31499328829866324 111
0.28058468185154517 0.2874487526430957 111
0.2773759430921616 0.3010468019918175 111
0.28326399864431134 0.27075273825095575 111
0.27926532320620867 0.2817664670940469 111
0.2782009810350961 0.3157603753319994 111
0.28229652976877323 0.27656033672061875 111
0.27710576043539115 0.2699254405973206 111
0.2765804962251773 0.2688478652778528 111
0.28210604267955086 0.27720763465044695 111
0.2823324299129287 0.2846317796331858 111
