training...
0.08147585393143779 0.02530122735055155 111
0.13440815300557032 0.08071241360414866 111
0.15267432241915624 0.11750362293885899 111
0.1748598978395768 0.13413037600706054 111
0.20468200032005965 0.170385386263527 111
0.2122076264618318 0.19202326853498083 111
0.21444074828191154 0.1889867818314838 111
0.22393027345708694 0.19255944141353343 111
0.22491452438008122 0.21786654705115274 111
0.23187318270191426 0.21230194023802046 111
0.23733383062411398 0.2206174064350042 111
0.24375872523298506 0.2284748725674458 111
0.23693897758745594 0.22869186214862694 111
0.2520021832161955 0.2339350873088456 111
0.2493010295669104 0.237258832998961 111
0.24910702031740337 0.23681976949002062 111
0.25849417601719743 0.25725482850898285 111
0.2533266512981592 0.24787659088813047 111
0.2544866915473017 0.24141544035835708 111
0.2610489855051535 0.24731916686174799 111
0.26100465807837586 0.2672018337049215 111
0.2677382763524406 0.2857698112755776 111
0.2618087704281116 0.2501246985027884 111
0.2637230732899075 0.2605788522112359 111
0.2678970525289433 0.27529007433083924 111
0.26416038503330536 0.238204016959051 111
0.2678664150033284 0.25493015143173337 111
0.2693546285128525 0.24860657345609904 111
0.2712839580351129 0.2691170198561144 111
0.27124595377189475 0.25534137605087137 111
0.27055314908472816 0.2800561603761377 111
0.27701944845254245 0.27022092594374686 111
0.26614410273342387 0.25979965990581627 111
0.27571985885273004 0.2869371859356063 111
0.2815375987559246 0.27765578470453867 111
0.27851801407423343 0.27437648671871734 111
0.2795057790140163 0.2809353983460348 111
0.2774200166012786 0.2715561291006238 111
0.27903165184769113 0.25675636320489875 111
0.27602792388224945 0.286699143691974 111
0.2760891973837364 0.27224120970567467 111
0.2771048538398519 0.27286193745692205 111
0.2824627985312764 0.28252318555815453 111
0.27821486647699667 0.28933425012241065 111
0.277324353351052 0.2632809631697355 111
0.2818162609845128 0.29270346422640475 111
0.27711507419056364 0.2610745152274232 111
0.28217834508865397 0.29439022876979215 111
0.28302378509438864 0.2612107546563331 111
0.2815565768146558 0.2818902155855043 111
0.28364853068293555 0.2729172177460787 111
0.28747438821159244 0.28520494492669574 111
0.28002015674236697 0.2935590081890645 111
0.28017447092595543 0.27623739926781826 111
0.2812268893639346 0.2835186348706985 111
0.28247690877723913 0.2724625777799841 111
0.2814770964736741 0.2898709345553253 111
0.28968903680872093 0.3053510298366006 111
0.29125909151764795 0.2713587602709908 111
0.28678138320115865 0.29552496728922373 111
0.2858761237358527 0.28480284985556265 111
0.2846426805533299 0.2884407713560538 111
0.28677856900850646 0.2793911280924943 111
0.28378180757208543 0.24415494862242731 111
0.28422783269175794 0.2581290253917413 111
0.28596241931607835 0.28328666736719377 111
0.28996052664155325 0.2998294767845222 111
0.2835478547921985 0.2889643617628361 111
0.28724596143791215 0.2726525032689543 111
0.28518778085464935 0.2971146549438724 111
0.29110771553219617 0.28494685737897835 111
0.29048630243300855 0.2672209069212706 111
0.28962737309666114 0.2675670792398305 111
0.2867630067262716 0.2877001716869269 111
0.2911827528296296 0.284693311670562 111
0.2904769787272878 0.2769910766525943 111
0.28337225673902766 0.2905898766779988 111
0.2889373613088323 0.2864395570575566 111
0.29447763897254825 0.31001088278484934 111
0.29128970725353015 0.2794776418091384 111
0.2925644672611699 0.32567811391522555 111
0.2899513061777555 0.2599276875228046 111
0.2939552544135015 0.2933300158294004 111
0.2969904553220095 0.3012083879833495 111
0.2898874229209416 0.26773813358092835 111
0.2870649534874415 0.2878915529966592 111
0.29345848416182574 0.27137078986378266 111
0.2967907483966749 0.29704357808548304 111
0.2908848148591946 0.2783459973932958 111
0.287052543590241 0.28152145922223737 111
0.293534010068002 0.2871252914934389 111
0.29677351152658177 0.2829351048034005 111
0.2889080189877278 0.27871219486488413 111
0.2898229048369321 0.2777091976707716 111
0.28944777606483996 0.31337674270195914 111
0.2954049610253715 0.2781399119786284 111
0.2918180011755457 0.25975247788385736 111
0.29063043296467667 0.2849333260507381 111
0.2868937627814726 0.2733995159511389 111
0.2948408626502837 0.26447222899021733 111
