training...
0.16837493472803128 0.12117564219799794 111
0.21530783553463995 0.18406162711632676 111
0.24255316926457166 0.2387506130811552 111
0.2537947987808619 0.21142299336332715 111
0.2558181025804149 0.24264865585959602 111
0.2703224407276834 0.2611469146036505 111
0.26492126375624503 0.22879039715230962 111
0.28191017370824056 0.2584916502264532 111
0.2725266425488391 0.2640696139952605 111
0.279610237643936 0.25658590077969534 111
0.29158483777944955 0.29679884351495717 111
0.2893486306095128 0.2929635406591382 111
0.2928946077151326 0.2989783359287015 111
0.28688030875435033 0.2876430324842325 111
0.299035087393323 0.3071678614412064 111
0.2917716612652746 0.2859528482004241 111
0.2912120189884408 0.2803376247409411 111
0.2999400982415725 0.31482226364991045 111
0.29781393846530174 0.2914447159746829 111
0.2924077405931207 0.28340458835272586 111
