training...
0.07876593775006939 0.025989426102224843 111
0.10218398846703189 0.04638305331825658 111
0.14909518227399735 0.09916805049530923 111
0.1824128225807856 0.13212947976774597 111
0.2013663916137434 0.17143112145274236 111
0.20770522951030213 0.17609454612970638 111
0.209807887911846 0.17359375953752954 111
0.2206998485611098 0.2105930728240672 111
0.2275136636145656 0.19740994567656223 111
0.23344435662126564 0.2329475001384642 111
0.2354552540949071 0.21701495810361324 111
0.2388822023427927 0.2215430776902471 111
0.24481179048502305 0.23712523229406055 111
0.25061979721199995 0.24265081185388468 111
0.24661850890432366 0.23569843627157927 111
0.24859789195955043 0.2221896500746171 111
0.2517683313969156 0.2547608401225749 111
0.25012315864539564 0.25488740816253896 111
0.25415739452570785 0.25211066493157624 111
0.25986744033330944 0.25903103007755973 111
0.26200540269055395 0.26917718275490476 111
0.2633833760174922 0.2695334063920525 111
0.2671058772399796 0.2626098708792133 111
0.26542763745365616 0.26493191971282676 111
0.2707586199793408 0.2774897782167129 111
0.2669994800561975 0.2687135461808691 111
0.26645929101532806 0.2629055322111774 111
0.27560819228177935 0.27946581531500697 111
0.27577733420187894 0.2901385776405914 111
0.27155603956561997 0.2807290184891145 111
0.2699089754085134 0.28332506397624563 111
0.28407416819516934 0.28126441500478794 111
0.2706311899163326 0.29228356708125447 111
0.27690598252434534 0.27081260055919815 111
0.28144653099705624 0.3156418208524935 111
0.2800789891858485 0.274778092430965 111
0.2836123932238385 0.28022438356627777 111
0.2874007684569903 0.3088146555006708 111
0.287658243236158 0.28422158658694063 111
0.28560822467595864 0.292914966270527 111
0.279658127358096 0.2777123122157597 111
0.28071498013767354 0.28967168436973095 111
0.2843773377758212 0.2872109022270132 111
0.2864542595301276 0.29700241288383944 111
0.27737239995267415 0.30186996475126726 111
0.2796070582541502 0.30359139165962784 111
0.2841468309782566 0.2942998290534077 111
0.2885495384445006 0.28666541172219256 111
0.28126614988325965 0.283853694076844 111
0.2886592217876464 0.28834194686539 111
0.2801279136171537 0.31455801807974654 111
0.2864272300298352 0.3055734977242015 111
0.288487787934394 0.2878980440885112 111
0.2871209808134747 0.3163011096227414 111
0.2890076677505515 0.2907631126449165 111
0.2876680520444094 0.30000815435024064 111
0.28614928928049055 0.2904991304409871 111
0.2914263266073711 0.3083936044320258 111
0.2882416764136254 0.2935595202016773 111
0.2905987390581644 0.3027866858226956 111
0.29036227274838594 0.30180494427611376 111
0.2918257458224845 0.3074695729947327 111
0.29325576082724225 0.29759017352797984 111
0.29254961164508037 0.3017104246404074 111
0.2874334607341076 0.2919756070772545 111
0.28754826269984124 0.3003769546880795 111
0.29035532914391055 0.298587172495675 111
0.29505061608685007 0.30080117702070114 111
0.29433159750010024 0.30355433375912655 111
0.29292794320119314 0.29660804629889165 111
0.29225138915368404 0.31043308944623543 111
0.29082309691892794 0.3089792152463966 111
0.290684980770654 0.2977367265672335 111
0.2926017639726978 0.3146494860233188 111
0.28908137108188814 0.30208495854864775 111
0.2907248296733027 0.31695370954818153 111
0.2914548677769815 0.3226380888201372 111
0.29413134710424677 0.29889722423584814 111
0.2894779176838175 0.29018301379759104 111
0.292335714389889 0.3000714067917227 111
0.2954078433970587 0.3012239188511995 111
0.2892874060554805 0.2853491708340065 111
0.29124274863594135 0.29101699528771463 111
0.29594022915578505 0.31857300191077514 111
0.296014535129494 0.29301846499278855 111
0.29511953422607906 0.29720750645816824 111
0.29446453613748874 0.3036966065480976 111
0.2923288553893475 0.30364956932564346 111
0.2927185953513676 0.2952146470192252 111
0.2934554102068669 0.2979830235746086 111
0.29782947514943137 0.3173874192723621 111
0.29090047609953945 0.3108521401060951 111
0.2923068583180244 0.3093386784221301 111
0.2873904419147276 0.28420498489178586 111
0.2963770895498583 0.31902196149194 111
0.29310008833536777 0.3167669725159007 111
0.2957109573990932 0.3134348180153421 111
0.29300569985139746 0.28466740256985124 111
0.29445372110122675 0.31191310037013753 111
0.29227585453778915 0.29910892034791603 111
