training...
0.17533892435366008 0.12730128072075036 111
0.22683396978610973 0.19724973606505666 111
0.24729119276259115 0.2197878634560114 111
0.2622932090443493 0.2573590714230248 111
0.27623232086832067 0.27669269351497466 111
0.27753375439007594 0.2695994290503259 111
0.2794353103988639 0.2657344092338219 111
0.28807729288962 0.26542113778827403 111
0.2795875715301043 0.27391189323185405 111
0.2978289676223657 0.29175528657761396 111
0.29260410526465497 0.2867906352839539 111
0.2899398963056313 0.27131729991355263 111
0.30169349795245487 0.3215323794931445 111
0.2981010200812841 0.2763594592660127 111
0.29820878219939606 0.3125799322013892 111
0.2914669614322742 0.30068141435990786 111
0.2878392518463417 0.28371400937562763 111
0.306137683218639 0.3204737739961225 111
0.3043024172465367 0.3030367316693643 111
0.29903579374397354 0.294703809750544 111
