training...
0.284921942074234 0.2581739717107754 100
0.33851113519945036 0.32254685165912295 100
0.36480468485031814 0.3463948268595616 100
0.3833482054287136 0.3370599258507816 100
0.3831772045473092 0.3321910545826826 100
0.39603862738824147 0.33128821024024696 100
0.3983626067423808 0.32576534553115666 100
0.40492086851463044 0.34159293332108864 100
0.4098404152391335 0.365442211249055 100
0.4055758853390498 0.329164417601484 100
0.4082133063452448 0.3491705135358595 100
0.4051928054478012 0.3432493623469749 100
0.40978780718143526 0.33120620072473317 100
0.4117562285947434 0.3421842962750429 100
0.41063704404604146 0.3295342612226223 100
0.4145243664402439 0.3266648440920835 100
0.41198083346013603 0.32792323958054204 100
0.41020474697367904 0.327669491927187 100
0.40579470599405043 0.3197224404284844 100
0.4103973651108146 0.3438833884978635 100
