training...
0.2837087876532606 0.21920881004254067 99
0.31119578270274617 0.3018638752429762 99
0.3133379569968119 0.24329621814932298 99
0.3393756871920358 0.2950719881535553 99
0.3506537882178767 0.2785973839236819 99
0.3672707862290372 0.3208471470473561 99
0.3779550749085353 0.35609341614891604 99
0.37246275201914664 0.31373127146821694 99
0.370265259798721 0.33896500915468847 99
0.39955416028796925 0.35688109203803203 99
0.38604133029728716 0.33021910848399677 99
0.3923860114528095 0.3382249478759299 99
0.3990754933173884 0.37830903183090736 99
0.39697585238587574 0.37454840762923464 99
0.41194369442926554 0.37167961985107106 99
0.41282401585544487 0.34789215688134006 99
0.4075519419499592 0.3588197695855934 99
0.4099033001453383 0.37849365314276195 99
0.4094211121486521 0.33246473304797014 99
0.4350449828377733 0.41732096943854946 99
0.4095926735599504 0.3531088459421368 99
0.42055376536717753 0.35612143939093427 99
0.41702911421140443 0.34372974311712284 99
0.430514323777504 0.3858356938226337 99
0.4082652537024804 0.3479139265708455 99
0.4224281341987757 0.36043113737011534 99
0.4211540240649993 0.34674840516266375 99
0.4221737841044392 0.37358632971901107 99
0.41454143234881263 0.35675731392364163 99
0.43659317597996505 0.39833567220849897 99
0.433593789460671 0.3546176440637407 99
0.42935110764702344 0.39403324928860645 99
0.4419324686687978 0.3891812209664765 99
0.4297181406901381 0.37331426709143123 99
0.4289595418902599 0.3763344684044366 99
0.4208647296412804 0.32990985986138965 99
0.42740092542404545 0.3816147179846235 99
0.4333569911693787 0.3835161508924182 99
0.4342288885598808 0.3570971403812404 99
0.42603904906320084 0.36044859364519516 99
