training...
0.09735862115255518 0.048178751705418674 111
0.11976098167391348 0.061066616679969994 111
0.14763335617085568 0.08965749232518254 111
0.16963365805668498 0.12514189275977125 111
0.19005347821697305 0.14606307866845178 111
0.19904677071364074 0.1638838687115131 111
0.2083070761322614 0.18415030538280652 111
0.21069599498896835 0.19110897538783725 111
0.22420443971453535 0.20249345203610603 111
0.23185294686200808 0.21442713303652491 111
0.23305721288015144 0.22120553356167227 111
0.23926570000988992 0.21794993118153397 111
0.23871685136079804 0.21862962573565242 111
0.2464572468452901 0.23393221015480276 111
0.24735116677334315 0.2283448627368977 111
0.2500399939854543 0.2194858996091555 111
0.2519341609443709 0.24111756196298398 111
0.24767357615369348 0.23111369710158142 111
0.25599869319958374 0.22665948376340186 111
0.24966387366828224 0.23068349881168504 111
0.25672898760212776 0.2563330082749433 111
0.257699789184051 0.2370804757252949 111
0.25920718279960264 0.2597131139255868 111
0.262618226990552 0.25714242245999114 111
0.26535375134221895 0.24743337039955637 111
0.2548055039450924 0.23932223429040853 111
0.26448316892953766 0.254051885335604 111
0.2699411780267707 0.26750257635506686 111
0.26856141296575287 0.2429372537738626 111
0.2638434421234194 0.24468809424722993 111
0.2714316289221971 0.2664951598177793 111
0.273142506583912 0.2640178880061727 111
0.2618945975717148 0.24228448352747242 111
0.27078942209537665 0.2720202571593539 111
0.2778175897146584 0.26774671406785816 111
0.27213948419851863 0.24765606814694405 111
0.27769951767854223 0.24984322569694375 111
0.2753339021257429 0.2578708472633286 111
0.27297426855985096 0.2738379969954308 111
0.280944713506405 0.26261485164786236 111
0.2739748457143727 0.2693676274399766 111
0.2814414125379148 0.2632216469725276 111
0.2769646743778255 0.276348233674293 111
0.2768935587717944 0.2700611461949776 111
0.27326675312452525 0.24985621102342442 111
0.28061097647648875 0.26367586191316944 111
0.2795676801956257 0.2639213462150453 111
0.277146259382336 0.27781977755643744 111
0.27844193040259496 0.26645750478201274 111
0.2814065755421901 0.29037698729367295 111
0.2813004294585746 0.2761602562477352 111
0.2888318122049909 0.2956757294927779 111
0.28580038090007565 0.2948515670265693 111
0.2830060903325446 0.27520771444075776 111
0.28214100425758776 0.29172091802164063 111
0.28159737839470855 0.2888730237632503 111
0.2817967271036208 0.2741804607652286 111
0.2860539870754186 0.27790070948907564 111
0.286784384801653 0.2554362095829113 111
0.28244451034861723 0.29291178266489126 111
0.284344062956151 0.24262765706140776 111
0.28692627177369073 0.28538640434144613 111
0.28712877025899824 0.28480831210388025 111
0.2811722947081548 0.27457430625916995 111
0.2836915739783229 0.2681604870469436 111
0.28959811708208477 0.26806629589819236 111
0.28411105902355255 0.2686122932459357 111
0.28369168277090034 0.2859779620790975 111
0.28740830884133683 0.2782788679473813 111
0.2890895339335982 0.26454602452397047 111
0.2872307462642792 0.29297353364041934 111
0.2825601025415965 0.28313240266265277 111
0.28698658193569015 0.28244479107391557 111
0.2899687731968921 0.27513234938941383 111
0.287429983893976 0.3076852683902292 111
0.29099283245369034 0.2948860724442996 111
0.2916696001247902 0.3021352768043629 111
0.2847066997770949 0.2688425235825214 111
0.29324038331657987 0.299802692475552 111
0.28985288380935686 0.2744615327300957 111
0.29356480690983816 0.2861658434618035 111
0.28711554447999715 0.2714491002938458 111
0.2902466610177146 0.27049848166479795 111
0.2851798962888127 0.2676194914792228 111
0.2843401034924267 0.2771176147403443 111
0.2915228712635461 0.3021566941225404 111
0.2888455879652775 0.26199584143437815 111
0.2861048573526543 0.2743995158271088 111
0.2916784470384103 0.3030328208857717 111
0.2858853852464454 0.2921642634829175 111
0.2865860786469283 0.27620860518004475 111
0.29120133684123467 0.2861936779125083 111
0.28858840827899246 0.27129467492932907 111
0.2874318626280013 0.26468554351235873 111
0.28924992900032775 0.2942903954278689 111
0.2872733013999658 0.2537059346341212 111
0.2902084221189132 0.2519827407258335 111
0.29284939740815397 0.27466414785140153 111
0.2888167901133828 0.2931104402455447 111
0.29186291585143836 0.26945754159522006 111
