training...
0.16284800970493243 0.12789094910504545 111
0.22688140302280424 0.20388998654652288 111
0.24967870655073152 0.20587571955374004 111
0.26625079612342956 0.24850204759962213 111
0.2712781044835701 0.2621576446727921 111
0.26756108598297723 0.24888894687037377 111
0.2808917865274935 0.26488955235114797 111
0.282893193675925 0.2539565177900688 111
0.27421036365577817 0.25769719553787934 111
0.29236938778543625 0.29303575123214065 111
0.29233584513771077 0.2993650038366992 111
0.2857976737332231 0.2747965892177217 111
0.2968326599572809 0.30742768643392343 111
0.2910926696418857 0.29456859487997106 111
0.2946909849377385 0.28980953866155534 111
0.2887915972910443 0.26920131428239125 111
0.2915500974025108 0.29623304483514223 111
0.30260642951847133 0.3195230252808702 111
0.2971708260684269 0.2945473262134351 111
0.28897975955692873 0.2758350608788501 111
