training...
0.2952976045464204 0.22232857002217318 99
0.3100252942578583 0.23190085307935293 99
0.33391013644635525 0.2706405535097664 99
0.34023872881298667 0.2894936421164131 99
0.3639575805457426 0.3389393984613148 99
0.37692648615300445 0.3344916905654727 99
0.3841973725625621 0.3375248804992216 99
0.3878114623176291 0.3559943625610491 99
0.3811638615033487 0.3198660498380585 99
0.39872223736332496 0.37052908275502244 99
0.3895838086230747 0.33192096295253426 99
0.3951269146410274 0.34590844226232914 99
0.3897923833112191 0.3453606580803089 99
0.40177882360382755 0.37204827680366165 99
0.40279981112791285 0.37115760581862783 99
0.40874155634466575 0.3610969092237903 99
0.4081116915812509 0.3519667680664587 99
0.4067528972594249 0.3605409260943813 99
0.4214822131427367 0.39988783988810905 99
0.41868096604900107 0.36416074903804646 99
0.42417992454998515 0.3720055245735211 99
0.40736598439840843 0.356272962549433 99
0.41456574831146537 0.38265564800145657 99
0.42458499184925547 0.37652777912877305 99
0.4176053794738634 0.3622733437486012 99
0.4271177253989652 0.3976174274832424 99
0.4274957799018726 0.3920975939499504 99
0.43296854786579125 0.4200445510065389 99
0.4313619057126896 0.4290303599802847 99
0.43328073251544524 0.4356897456599139 99
0.43669302192465687 0.4111987239488394 99
0.43682889662569147 0.38685556876028415 99
0.44578023525442473 0.3876588578480966 99
0.4342531795008371 0.37408339368970556 99
0.4465829941692483 0.3976455799588166 99
0.44091466517321015 0.42343520914505717 99
0.42579342850073554 0.38915388821498564 99
0.4371452332666227 0.40806873458254944 99
0.43116833705267305 0.3811515243133133 99
0.4357947598103244 0.38625460813038764 99
