training...
0.10095138782494655 0.039015230881726294 111
0.12166554910374341 0.07069844556550794 111
0.1317794375664308 0.07921078178291445 111
0.14779720197167667 0.09424100899909028 111
0.18538373349938966 0.13594721934686818 111
0.1910414752308356 0.17199754771343848 111
0.1994033467682377 0.17562380021436277 111
0.20929605791101263 0.19403667132335253 111
0.22132293611696263 0.20017088049029283 111
0.22812646168632808 0.22850477928387816 111
0.22386592744222425 0.21581883880121575 111
0.23538572221470633 0.2235848305876667 111
0.23898763562801978 0.22993588038833843 111
0.24263232278335256 0.235633957218247 111
0.24106112104010155 0.22888025903112472 111
0.2469130986389097 0.23444973444740405 111
0.2467430275043909 0.23758516888211867 111
0.25199231765309227 0.2713762496417332 111
0.25126460865616923 0.23929431342354018 111
0.24408867066781118 0.23103267632922586 111
0.25204988160733993 0.241848841371348 111
0.2571480888182585 0.26670175433446053 111
0.25879434976253457 0.27612026581214094 111
0.26070160787474506 0.26220504538749256 111
0.2631856973348756 0.2646126805398171 111
0.2627394547957828 0.26806915828892497 111
0.26554609840881255 0.2332177317137789 111
0.2660519082144625 0.2649680572932466 111
0.26788730650899073 0.28275414511513935 111
0.2679552412221532 0.2539686979732545 111
0.2654140603519639 0.26124463048008584 111
0.2738107548426835 0.2896104551609671 111
0.27008101576848953 0.26178490377057656 111
0.2690434617532964 0.26167164084972583 111
0.2797488349283332 0.2805913591305342 111
0.2791012233923148 0.2630798717753201 111
0.2726017651645538 0.2650044873298772 111
0.2762138980635789 0.2823710370148742 111
0.27206746343744376 0.26360373569647777 111
0.27901372435383576 0.2867152142143628 111
0.27114432370548863 0.266556365243803 111
0.27752983225718675 0.28209101229264755 111
0.2746178671237287 0.27956816959684505 111
0.2787682418321885 0.2642392061945285 111
0.281071417535926 0.2684584415758954 111
0.278837324111757 0.26603188160235053 111
0.27808438394640556 0.2841391647986483 111
0.28806815519295864 0.28771950950514846 111
0.2801890698555773 0.27093542212720956 111
0.28887658015033646 0.3028896757194342 111
0.2755475787265082 0.28270833897604575 111
0.28850423051468044 0.29127312061430943 111
0.2815005951019392 0.2782513184543358 111
0.2838061546639643 0.280582854617966 111
0.2813052799642707 0.2870451652133756 111
0.28995574722759654 0.2895354229304035 111
0.2813113964841292 0.26509034740616205 111
0.28797396965602495 0.2563749696481183 111
0.2867784740486886 0.2619200384452906 111
0.2829169760819157 0.2726828465061452 111
0.287009913729886 0.25570949696990947 111
0.2820467365132458 0.27188572790308924 111
0.29035692641204996 0.2919386927134505 111
0.28849031334988673 0.27122411565191223 111
0.2900660022362494 0.2887582024814339 111
0.2905729441571704 0.2926493178563192 111
0.289356618691336 0.28433707186416074 111
0.2884228572118542 0.30005231724534076 111
0.2863225682134061 0.27648363404219795 111
0.2898670700204001 0.27719639515402367 111
0.2843520004687794 0.2577830519641733 111
0.2857127399636705 0.2884834064883161 111
0.2878441218348427 0.2597014421924227 111
0.28663675405513367 0.25516053276765166 111
0.28880443454797516 0.2598172485682894 111
0.28957991234037983 0.27776797026068795 111
0.28537634756208374 0.2525510551983658 111
0.28851817961464105 0.25987419538655104 111
0.2918502489464673 0.27845485835796274 111
0.28558451168953225 0.2667087907002027 111
0.29556599808230943 0.27621762536454153 111
0.28673319409224657 0.2880684197894583 111
0.28834328105103746 0.29783604809718334 111
0.2967046473978332 0.28846932202080827 111
0.28820937424708376 0.2721430564880678 111
0.2897361676957379 0.26524832098478845 111
0.28889141889685277 0.2755216807433093 111
0.2917415917837506 0.28829982287978323 111
0.2934784102546308 0.2740490935667642 111
0.2905177639420214 0.28605013110374716 111
0.2922515398760104 0.27392786699971194 111
0.29242169277627234 0.28169403902008033 111
0.2954356951753342 0.27925186044233197 111
0.28987858437152564 0.24554528781630797 111
0.2900879294637609 0.29874112473301473 111
0.29334209640341824 0.26682613439601743 111
0.2917304010578355 0.2904930490743131 111
0.2899249223065351 0.2644172671567809 111
0.29274976160324817 0.2711472653532668 111
0.2973694560696296 0.26833022360560277 111
