training...
0.09670134603409007 0.04072725903446892 111
0.12151532532289509 0.07558889724910635 111
0.14283014795448176 0.08513853747007345 111
0.1683632602173094 0.1338790294616352 111
0.19449952513751634 0.17342121801336005 111
0.19958347727193737 0.17723981241747744 111
0.20246273443135399 0.17512909527338916 111
0.22169072720086672 0.19718007281878072 111
0.22853122020572286 0.19442504557015555 111
0.22998302849405794 0.2077932054514507 111
0.23681549699918866 0.22496735547947372 111
0.23326337531633293 0.2145645950722143 111
0.24193446295970075 0.22547026310797497 111
0.24349309890347612 0.21130736204341966 111
0.24165390528096972 0.24014597253277886 111
0.24061854830995977 0.23123808232913146 111
0.2452935535796255 0.2287662312403674 111
0.24819041870414674 0.2407561942847942 111
0.24676881883425697 0.2358473282579957 111
0.2535454973132944 0.23460989540176885 111
0.25466307133659993 0.2593198309492483 111
0.25663731366275333 0.24361964794147437 111
0.2574476869840905 0.25551611766628246 111
0.2618499313288314 0.2677144105377484 111
0.2606729812581888 0.25958419954039 111
0.25606764315581637 0.237658753489311 111
0.26420751160990785 0.24713946591706584 111
0.26845789986909246 0.2838946803073569 111
0.2629394531303726 0.26139600496888965 111
0.25987188141080386 0.2483915086357591 111
0.2661170524465465 0.24869907729920784 111
0.26972785640218366 0.26756088171098363 111
0.2711374674340804 0.28063786671800517 111
0.26674829376753734 0.26837620084364455 111
0.2729796889127899 0.2852376816369984 111
0.27167185008465833 0.29251353556442367 111
0.2712128655442783 0.2677667945732229 111
0.27232203460851284 0.2724510840527074 111
0.27118736826359446 0.25988342423000915 111
0.27038228442863227 0.2593933561246987 111
0.268511932720053 0.2800804034513743 111
0.27275010673037386 0.2641265519851948 111
0.27514479121150354 0.25925935681786894 111
0.27669888866621817 0.2879116627593825 111
0.26928824252503925 0.25956122801251785 111
0.277599356155198 0.2881026667885259 111
0.28078493651220754 0.2760114174521836 111
0.2752110742017293 0.26551224315090666 111
0.2707220582816057 0.2639729219458918 111
0.2790324970143233 0.2625261143226392 111
0.2780227474696552 0.2806229966815001 111
0.2815775853131922 0.2786149417043326 111
0.2806477156595239 0.2804297153397214 111
0.2764229341917073 0.2630117405203679 111
0.27642206612690806 0.2683114185427419 111
0.2864142848486115 0.2809966916049857 111
0.28246333287036174 0.26557016806508016 111
0.28749847117343086 0.29414328296530057 111
0.2825555042779324 0.2657566265706775 111
0.27808634055950493 0.2730802729547436 111
0.27815959987066646 0.24238434997926542 111
0.2764001412690715 0.2504368907125028 111
0.2855828840227719 0.2848050613649258 111
0.27976396192192726 0.284403432887918 111
0.2828788717679892 0.2866261491856606 111
0.28110113988228963 0.26757462810814453 111
0.2791815500354616 0.26711718829982983 111
0.2791039670657617 0.27095557201041953 111
0.28219848715717805 0.2591375797097146 111
0.27535229017807744 0.2668362344296198 111
0.28281840134988667 0.26618689053901123 111
0.27833128344278574 0.2768885116895463 111
0.28036304222128877 0.2718032068191191 111
0.283258382083059 0.2865941191319671 111
0.28115537879197505 0.27762876060719144 111
0.28487888977782716 0.29193725466957954 111
0.2782130577006945 0.25774893847032604 111
0.2768078791684343 0.2719206572627374 111
0.2778380906405241 0.2623913772217175 111
0.2772816626536298 0.2606167526419995 111
0.2810142355022785 0.26506701771133256 111
0.27945869309907323 0.28360447642898584 111
0.28269189076858137 0.27973763711477895 111
0.2828734211948075 0.2529837787119142 111
0.28467546663884064 0.2537782445395491 111
0.27815639433918166 0.26159247600023516 111
0.280120357847628 0.24557557844454347 111
0.27948647034757257 0.270225023414262 111
0.2774159487464615 0.2417988172151113 111
0.2834904478876444 0.25137694233658975 111
0.28995558959944434 0.28319609382264926 111
0.28267647748905206 0.25438999808097695 111
0.2831745956888266 0.2672624588944531 111
0.28463536682340285 0.2855957007764269 111
0.2821306149727697 0.2718693021910546 111
0.27964400489633895 0.2698685033021702 111
0.28092726304274407 0.2673559902331874 111
0.28005951573410587 0.2702923915173418 111
0.2765145945251337 0.27175391873830107 111
0.2835606836133868 0.2632639733800848 111
