training...
0.06642362519831736 0.017035089942941596 111
0.07777193667766456 0.032288517002661526 111
0.09129265888194771 0.035894477128912514 111
0.09239425570347018 0.04361240920098296 111
0.1126576115482669 0.05469971126824957 111
0.11526138772962541 0.061185093308024435 111
0.12091060329053013 0.06354688680731803 111
0.15299586103405646 0.10975519973205125 111
0.13843264142965425 0.10363628586437838 111
0.15178576594267057 0.09590433458730788 111
0.14203775079724698 0.09899771697522018 111
0.17492835320210068 0.14753397275033334 111
0.16398734526424907 0.13358619161426497 111
0.14780786621626255 0.11290878469155229 111
0.16210007528198225 0.1061203954789948 111
0.16554256557055308 0.11898192397654453 111
0.17206326110638442 0.13288000918623055 111
0.1746744233025623 0.1397939807565381 111
0.18337606206793708 0.14408369218834577 111
0.18415910449589556 0.14179372268321216 111
0.18062260117866982 0.14748750880609002 111
0.18036596857529832 0.13747942440631888 111
0.18062980281235494 0.15837449472233261 111
0.17574371764404162 0.15306122904243263 111
0.17915385423122185 0.11696951834031467 111
0.1842243765229036 0.15365460429810507 111
0.19318706152293416 0.1681565497662021 111
0.19082552268425787 0.14728154297560636 111
0.19698205877166736 0.14844261108675247 111
0.18211980086838556 0.13441926275430158 111
0.1965230296023486 0.15172172046167892 111
0.18798137289038383 0.13638634118079096 111
0.1965256872943702 0.15271937909355643 111
0.1979345408156606 0.1577973335962579 111
0.19298796842531396 0.1603593332558853 111
0.18525501411541082 0.1435575758111503 111
0.18414089391940971 0.15319342381350243 111
0.19774096128877322 0.17706458998587066 111
0.1759715002672302 0.12352495100851658 111
0.20783518298002732 0.1786315662067367 111
0.19458970443753368 0.15132326157653783 111
0.17722866803297585 0.15331627895217578 111
0.1985962339445663 0.15953582374956912 111
0.19950052794651973 0.15994336675637869 111
0.18702648625065058 0.1448329448393485 111
0.19308843825881084 0.16976635894995995 111
0.19331485229521286 0.16487038964388295 111
0.20232820363454726 0.16534429947265167 111
0.20281816129208793 0.15215584636824825 111
0.21582720471373573 0.20196145817230401 111
0.20431181834023823 0.15709040786956902 111
0.20988860920095417 0.1685693510320443 111
0.20252469684584082 0.1722373781753189 111
0.21363261625819896 0.16569911036494897 111
0.22212194877741773 0.19028362545568805 111
0.2177123547402006 0.18960900463251215 111
0.22036796757305577 0.16752574506372364 111
0.19245426959478318 0.15618937450408488 111
0.21367700428784203 0.18607503070908799 111
0.19289910255884823 0.14847424319272978 111
0.21621962078746798 0.18168158412684324 111
0.21010890619295142 0.16263829419702558 111
0.21185928939720355 0.16264049527841548 111
0.22183916123310152 0.16835156930705472 111
0.20942722671952252 0.16145053078413535 111
0.20341815867695368 0.1514355496512068 111
0.18712495875273014 0.12624744377350255 111
0.19208145014896136 0.15685135307077938 111
0.19426664738779334 0.14067044872841145 111
0.20970194409156992 0.16347952935955143 111
0.21577716761100532 0.19307348938609173 111
0.20364892850573477 0.15972321532928332 111
0.1901253485001685 0.1437068596229566 111
0.19710062124613026 0.1518608661405591 111
0.1973790251390139 0.1416406035783999 111
0.2181782472873652 0.19534684288838458 111
0.19135610216038593 0.15133948539230635 111
0.19712300676451427 0.14796938806637133 111
0.21175349724545844 0.17741059504990825 111
0.19634107272719342 0.15080035549261928 111
0.2105484681314593 0.16927309511921584 111
0.19206515957676307 0.1457071277400003 111
0.20627264174822063 0.16129879210211634 111
0.19221757985355084 0.12369628660809216 111
0.19391020881234972 0.13515362501319797 111
0.2015794220176907 0.16240648259668744 111
0.20431361468623446 0.16057285681180147 111
0.21505184031978386 0.16480442058183348 111
0.20873324673730023 0.1599283204529215 111
0.20667576433568574 0.15480305563420957 111
0.1889932927461649 0.1361438144295605 111
0.21301171687725326 0.16610566525976758 111
0.2113733137981176 0.1645653725016421 111
0.19636476409070083 0.1393482688615763 111
0.2103679365470558 0.17418234370877278 111
0.2112387847966196 0.1677017713792252 111
0.20696071141794894 0.15764792499092575 111
0.2045425401838386 0.16212664451419645 111
0.19943276109024957 0.14897152453288054 111
0.20029435554497135 0.1433218339301916 111
