training...
0.08712296956230778 0.03573336927799254 111
0.1318137032037155 0.0695624215001241 111
0.14583527210137331 0.11466476110754957 111
0.1706339456568518 0.12672777947851935 111
0.18720941746264816 0.15468161768629846 111
0.20653917123679416 0.1963944418539587 111
0.20417113534303882 0.19226615364680427 111
0.21331066187838124 0.1964008567171388 111
0.22637791302319885 0.2076501881413564 111
0.22601152789339019 0.21376236909600332 111
0.22733614974004313 0.21573584443527932 111
0.22975066278311396 0.21095317576936956 111
0.2400844407794841 0.2138934689248491 111
0.23947081661378894 0.22417949920902483 111
0.24123134601410162 0.22589140633958435 111
0.2365359095213494 0.21604441760448154 111
0.24448830291481785 0.22856784970525476 111
0.24976504446415632 0.23865219960616604 111
0.25487863571969743 0.24704971936451453 111
0.2573353258071955 0.2507580721610463 111
0.25370092463328103 0.24489578141514334 111
0.2612353062996707 0.26865693291464127 111
0.2592348109304927 0.24453788655917005 111
0.2651565027410268 0.2313926902230995 111
0.2616580890890982 0.2547978212968359 111
0.25943367873904444 0.24916080454882203 111
0.26816238270588455 0.2617272872652624 111
0.2703250984608565 0.2672031292101568 111
0.2675900956411422 0.26235806219726254 111
0.2649692811986565 0.22608988450264253 111
0.27003530738089776 0.24757912961493128 111
0.2718457384481709 0.2654795911003696 111
0.2718630559902359 0.25476541361382843 111
0.27237562583888497 0.270540024865138 111
0.2745990239184933 0.2619262660105397 111
0.2735090035074234 0.26180158218250843 111
0.27430403654025837 0.2421341090932446 111
0.2814525136268959 0.26721803295951296 111
0.27385355164432373 0.26753036323684054 111
0.2781149153110428 0.26687292969551324 111
0.27603583177338537 0.2809068858952031 111
0.27436127741279026 0.2582503104571817 111
0.2813984553585941 0.28024667933544745 111
0.27984379513406715 0.2631787673273238 111
0.2796233232894167 0.26673657206878 111
0.2837308045156383 0.2595361052880676 111
0.28031792748515927 0.2650406137039588 111
0.27682357413582276 0.2756236472255859 111
0.2777019530862388 0.2620771446842738 111
0.27881386120512536 0.2532884434146409 111
0.2799683775838744 0.26644204999391474 111
0.28069281924416084 0.26937358643414233 111
0.28651520238425693 0.27106443149980225 111
0.28157948801116756 0.2563793134583104 111
0.277365137190058 0.25561744872600356 111
0.28474878712689705 0.26255664670738027 111
0.28123794378967476 0.2652079192677397 111
0.2839275673712049 0.272598466188025 111
0.2848586615318413 0.25211437174972945 111
0.28160578517257645 0.2765224333816268 111
0.2847514947889861 0.251968295637673 111
0.28580732965763617 0.27200442023837346 111
0.2836281536669648 0.27591878720048485 111
0.282379280678254 0.27777156912106993 111
0.289747746921598 0.2854784664760041 111
0.28250590230461464 0.26547575853211736 111
0.28715383248879595 0.25448184424569226 111
0.2862094762739291 0.2731909369762427 111
0.2870105195936893 0.28247560741002115 111
0.2833654447385239 0.27868991541529026 111
0.28592657978798275 0.26684030413173343 111
0.284425859684885 0.29579838715210943 111
0.2839425451680573 0.2575103377236039 111
0.2900119298431215 0.2821392316196187 111
0.2890794531594192 0.2987140671979006 111
0.28943530757570235 0.27741969787963316 111
0.2883507255179786 0.27765165966976474 111
0.2824161872436551 0.28421031864213536 111
0.28978602137782844 0.26382177971900017 111
0.2910382446001411 0.27156097447899513 111
0.29386435856460164 0.268410409160695 111
0.28815719732422623 0.27482016150708305 111
0.2953001900773872 0.3036572764290255 111
0.29100129435673633 0.26339387744752674 111
0.29318900247914403 0.2762901779660733 111
0.29425930475136075 0.2871768494496253 111
0.2870957708242356 0.26518376086642914 111
0.2882141188603116 0.2728772301989632 111
0.2916493333026609 0.2487677719285809 111
0.2880017134025003 0.2595965811266714 111
0.2909304771517933 0.25119464500721467 111
0.2921069049397314 0.26463996335361 111
0.2948796643592929 0.29184965399208596 111
0.2915191748452443 0.25511341054753645 111
0.29286372570685654 0.2584846404077344 111
0.2955415479684304 0.2781828815178259 111
0.28818264036275076 0.2743553885896477 111
0.2935221749797328 0.28118158488451406 111
0.2955134426617859 0.2723155734119817 111
0.2941332797114515 0.2768006401900629 111
