training...
0.29378667897658306 0.22226057370696561 99
0.34194318670778345 0.30789937791559396 99
0.35337209140294296 0.309444446935612 99
0.3691327299477408 0.3469407469402211 99
0.3755657472787112 0.34031202790752313 99
0.39282078624610156 0.3396869486609214 99
0.400413806975394 0.3699318725615899 99
0.40029042657958136 0.3800211667347116 99
0.4003727376697896 0.3536057424809068 99
0.4006664179434237 0.34498304765081417 99
0.4030392239677551 0.34427345837656725 99
0.4195369961462407 0.36247785123603077 99
0.41180756519245 0.33398711710584394 99
0.41798843478794373 0.3618568026167864 99
0.4206838601766611 0.35422487533095315 99
0.42821339622724325 0.4300843212379041 99
0.43369141138567946 0.39003497029034406 99
0.4273430943669877 0.3972885907549293 99
0.4203746626548045 0.38014631392208886 99
0.4327184555072932 0.3683011113201431 99
0.4411742534383334 0.380493572649631 99
0.44340948115278683 0.40924524806129975 99
0.4433118162356872 0.3943434305607355 99
0.4312105473549787 0.35632171160924564 99
0.42976782562275834 0.40954139109930776 99
0.4343327047856937 0.41055794659883393 99
0.43613131088064 0.3992146794903561 99
0.434186195709309 0.4155866225641906 99
0.4412492291302199 0.4109278097387706 99
0.4168228016934053 0.35506187190863553 99
0.42450924483416347 0.3787857844651982 99
0.4353942146427169 0.37473029520327145 99
0.4295384769601721 0.37861938222574704 99
0.44372652498357656 0.40244764592064747 99
0.4362059558943081 0.40399959788972356 99
0.4355847615953243 0.40725889895453604 99
0.4299361654385695 0.37684146166620813 99
0.4482072338392985 0.4166329040919647 99
0.4360663612401346 0.3974772646307116 99
0.44083745403806335 0.42449863447460223 99
