training...
0.17487942819361413 0.12864440616977527 111
0.21730102010960564 0.18573358825370986 111
0.2404659850661439 0.21439198992891761 111
0.26132545530574003 0.24192000317646106 111
0.26317512141192606 0.25216787355424203 111
0.2733860638880349 0.2728946756735621 111
0.27299153421537126 0.2759458573608221 111
0.2865571534870729 0.2808040114915482 111
0.2744006217155718 0.26885695923000713 111
0.27143557934508283 0.2390662608813751 111
0.2875008372943456 0.2861759260012989 111
0.27953378518729904 0.2812734960549014 111
0.2930618697823386 0.287957202088014 111
0.2892610779803228 0.27586723984445755 111
0.2891656227299477 0.28635269777343153 111
0.2909743373979985 0.2973918162874066 111
0.2881540033704238 0.2637101940310537 111
0.29785919659411886 0.311364876262859 111
0.2941130554183594 0.2923290395337622 111
0.28881283707389316 0.2856997621046218 111
