training...
0.09162865771514564 0.045898715952743946 111
0.15599239457945718 0.10696568723689148 111
0.17819988434902664 0.15553691097492017 111
0.18859051559724005 0.16706037469829244 111
0.20326695997319758 0.18908176999109108 111
0.21419292072644783 0.19466626813456303 111
0.2131796269992763 0.20327599457324771 111
0.22940835474381327 0.20296949892015026 111
0.2344018200624278 0.21496764459358408 111
0.2356906557820877 0.21393706003977558 111
0.23945756454706338 0.23094490932185086 111
0.24407993941619124 0.222273628519634 111
0.24648436034427354 0.22081521517611627 111
0.25035509983373394 0.2361883479445615 111
0.24972553573642733 0.21498397921943382 111
0.2533947441246076 0.240411841903164 111
0.2518533838082587 0.2279148678475975 111
0.25488502839712346 0.23251089994963559 111
0.2609824864419866 0.24752283010548953 111
0.25792225278534564 0.2401134157486834 111
0.2614545394499244 0.2459788167821513 111
0.26561451184585555 0.2555490790935909 111
0.26474069807499623 0.2576284797121233 111
0.26646662645659974 0.2625779534852784 111
0.26515538709757186 0.27269515262727345 111
0.2691797762816325 0.2506251673662975 111
0.260597326469813 0.24919684334838513 111
0.2622795370323701 0.2752561147314007 111
0.2697262992944605 0.27251698814581155 111
0.2666460571355746 0.2536591990068228 111
0.27177536263426216 0.2817545109737206 111
0.2771281494678593 0.28280671590674644 111
0.27187752555399725 0.27300854322771073 111
0.27095397372703456 0.24336099965103722 111
0.2800438416200866 0.26989337404754665 111
0.27415583391420045 0.2806573063651895 111
0.2818281769404761 0.2780603789247918 111
0.28054864958056913 0.3011946126355609 111
0.2804947008037316 0.2878350311248485 111
0.2765713479350029 0.2798739527197889 111
0.2733984163897318 0.26641606035902543 111
0.2765044222949943 0.30471525655420895 111
0.28104423387532584 0.3045410120462481 111
0.281337110275362 0.2826728547031286 111
0.27712954882922364 0.2876509326327784 111
0.2859210384779698 0.2966360460119543 111
0.28228579199105186 0.28507170661162784 111
0.2822948339836131 0.27349469294931983 111
0.2807931177945816 0.2686429926889657 111
0.2820489537328794 0.2804683446927628 111
0.28367475374090423 0.3061518003251904 111
0.2892612867535046 0.3021558745875029 111
0.28220542199647747 0.2769408749121431 111
0.2851904003977315 0.2810342067220105 111
0.2821590482156034 0.2913962589116077 111
0.2914710769381049 0.295938715026592 111
0.28551776058312006 0.2877429463312365 111
0.2873274756423562 0.2811479236067653 111
0.2870738727541954 0.2916894778127278 111
0.28157216028040577 0.26682387092738896 111
0.283840088839337 0.281535269801422 111
0.2870496657499398 0.28032255340128553 111
0.28844323012190815 0.28818557169316894 111
0.28877323479202777 0.2931820054360392 111
0.29006140438897543 0.27498524462236484 111
0.29123883139202256 0.2913140220750906 111
0.28693474653233775 0.26952448635203063 111
0.2903901031752023 0.2842101921407332 111
0.2945496849908351 0.2784903655909017 111
0.29071642291929745 0.27127326905687515 111
0.28711145508818076 0.28132786095466317 111
0.28865522508765584 0.2676950927443414 111
0.2905023476979271 0.29426566655541114 111
0.28908847083460903 0.28259087325654353 111
0.29285880621808086 0.2883634868695717 111
0.29380100371256906 0.29812279604174186 111
0.28825609992306267 0.2822907415810234 111
0.28738080252072373 0.2813625641969398 111
0.2913422174957441 0.2782060139667187 111
0.2925269914333639 0.28115381437525827 111
0.2940591014420178 0.2952481563378341 111
0.2897238556176556 0.2722415909200809 111
0.2972128044816954 0.26854521365318684 111
0.2934609773187012 0.25328922751997623 111
0.2931466459716318 0.27334554370158826 111
0.29527740080685566 0.2686892539991 111
0.29379700748600335 0.2857208902846358 111
0.2937124742345303 0.2652472764358235 111
0.2956564058645066 0.2751545350486888 111
0.2972263822515543 0.27237113533111823 111
0.29509958329925884 0.26546089146625185 111
0.2955994655345395 0.27981956545529707 111
0.2947520660208838 0.27121012403297834 111
0.29675305963112486 0.28442399719796874 111
0.29149327378320816 0.2639117690207926 111
0.29773570321357623 0.27684764805289996 111
0.2950404192573742 0.2822345936258733 111
0.2973650725570506 0.27256572597156387 111
0.29228945602031375 0.2651529570329702 111
0.29567596621540143 0.2768709158686685 111
0.29723488650628627 0.28887598578529594 111
0.28933458928136213 0.27536991102565106 111
0.2963928477112899 0.2641371334377311 111
0.29592890558491824 0.26028491296218503 111
0.2940414845875908 0.2758343896475378 111
0.29326533847639435 0.25932859218751725 111
0.2960190142207055 0.2620136678271341 111
0.2930388130805 0.2732419372283942 111
0.29672030510471425 0.26835311112006205 111
0.29546527370267867 0.2759880172362192 111
0.293586046849329 0.26742524792920774 111
0.29141252342010265 0.2532898366969411 111
0.2966866891428545 0.262010323186312 111
0.2915384077661128 0.2670874058062608 111
0.2922783036535275 0.26733099282627076 111
0.29347711664261816 0.27163718485874666 111
0.2940355869703021 0.2543613558830705 111
0.2936173213189977 0.2699657395965375 111
0.2952967590035577 0.27584000707212064 111
0.29248497484620567 0.2652981963965605 111
0.2941534097665112 0.27390285283748855 111
0.2931087244367242 0.2528517437595787 111
0.2981158863332035 0.2707760567982378 111
0.3021929147959957 0.29554730101754767 111
0.2932600480411107 0.27376506690584584 111
0.29892314794607233 0.2883925781106038 111
0.29543331266083256 0.2719425488286845 111
0.29732042949733983 0.275334557409361 111
0.3001843489426553 0.28801346696120533 111
0.2941325965355965 0.26584049639917173 111
0.2940182314689158 0.2772129689421723 111
0.2968602949423522 0.26754312450992673 111
0.2973037752008258 0.27257412951697213 111
0.2962559095231713 0.27639659289939805 111
0.2963623781182708 0.26229966610034444 111
0.292922861355421 0.2683893458173906 111
0.294458376898881 0.2665831593740146 111
0.2925837735694362 0.2628495978924955 111
0.2943173659864284 0.2609013547052808 111
0.29299244743183184 0.26653298598672553 111
0.2986204264446419 0.2798236049358418 111
0.29363560818054557 0.2831415357220877 111
0.29097474892023567 0.26743400494789 111
0.2969277969026688 0.28844082819637423 111
0.29221635795926165 0.26299941799884213 111
0.2924987763834569 0.29523205036931843 111
0.2922226787316917 0.24876510263492013 111
0.29453496455075284 0.28259961281264667 111
0.2907239195424721 0.2748919567691326 111
0.2960124692809379 0.27771720533323346 111
0.2929573092017028 0.2503316481225218 111
0.2923262847235949 0.29095865845870206 111
0.2980272345989326 0.2769469207137414 111
0.2987662881299066 0.2933011642953908 111
0.2941678804751409 0.2678811298468387 111
0.29457367148636154 0.27265356648821915 111
0.29686632873627206 0.2813237459385341 111
0.289931140679058 0.2679486973131395 111
0.29414352411082273 0.24217006779929942 111
0.29690597692730936 0.28298006667050746 111
0.2933796805470771 0.2635290882093193 111
0.29091903306139666 0.2567044654884106 111
0.2925456192801121 0.276423327952092 111
0.28921896221660476 0.26284332534082033 111
0.29417028123594763 0.2567094992106883 111
0.2958376004748355 0.2786891955129676 111
0.2925114089057011 0.278251210809657 111
0.2978319468144194 0.2900984508282727 111
0.29422333417595825 0.2638514368986625 111
0.2940022733983377 0.2913718320054026 111
0.2949598230219232 0.2846125899296298 111
0.29433728364341044 0.2757102432932221 111
0.2928983235707866 0.2411654043392921 111
0.2915926736671366 0.2726695957649292 111
0.29354441596188824 0.2628670412434475 111
0.2927505602769232 0.2804427182078623 111
0.29650757420570734 0.28810755733920995 111
0.29565175388868464 0.2883535252597532 111
0.29247252509604854 0.2457153787399871 111
0.29229931578130297 0.28185177762925845 111
0.29603685566375 0.27658182120450553 111
0.29090676973494317 0.2908864131575124 111
0.29339648501394283 0.27811669334101263 111
0.29403969022061643 0.2642479026372617 111
0.29341789948538705 0.2940199511849497 111
0.2934155934872864 0.2622443859746688 111
0.29259343441615226 0.27574570282262684 111
0.2932175468744314 0.2797943033270681 111
0.2984364886821024 0.2771582798083579 111
0.28947139838255914 0.2571949519013697 111
0.2930247878270443 0.2817174333576595 111
0.2935892497639949 0.2653826972673959 111
0.2901747011012743 0.2690184248099292 111
0.2910785487906367 0.2749797232649781 111
0.293962823386041 0.2801422765808923 111
0.2922663620623336 0.26772127105419113 111
0.29082067804138517 0.27549433529532613 111
0.2878475609359362 0.26430018385453935 111
0.28991719870283483 0.26127338712218806 111
0.2913953598081484 0.27053263390119836 111
