training...
0.16481839831612094 0.1203132375308345 111
0.22472850265039482 0.17749920142702313 111
0.24066198370315514 0.19747745954420054 111
0.2657751327597288 0.23463804374752936 111
0.2704789558542169 0.2584707351098571 111
0.27927570017091674 0.27599502121431735 111
0.2807663791651297 0.25453517416056665 111
0.28204488606193323 0.2549720809202614 111
0.2746705423731605 0.24896111360573428 111
0.283207769334162 0.25512581396330486 111
0.2871245507550541 0.276541860900123 111
0.28669602837630076 0.2739231537785455 111
0.29824640438434624 0.287454672552523 111
0.29299385486255325 0.30013359213283025 111
0.2983782967637718 0.2852319973336043 111
0.28879506372032365 0.280954570764909 111
0.28993162873401185 0.27813588236953124 111
0.3031994841969595 0.3033305961248544 111
0.306104878713446 0.3119043346091779 111
0.2983303077256317 0.2900702470754336 111
