training...
0.09556179637285601 0.04222547119219206 111
0.16025071058009477 0.08491479029876316 111
0.173903162497749 0.1531596877234781 111
0.1868315253758934 0.15832099324471277 111
0.21567802918286594 0.19209184354582473 111
0.2113377623025611 0.19438632024192198 111
0.222227002039526 0.20698744693984247 111
0.2317983919004251 0.23002777993624499 111
0.23096033554140152 0.22318471252116426 111
0.2365104359058568 0.21747077181863192 111
0.239067151302036 0.2398448416133969 111
0.24427635235927678 0.23592703618034977 111
0.24286185364605642 0.23291374701650902 111
0.25309082586638204 0.23559565545807626 111
0.25069115267424774 0.23905853180472575 111
0.25208094000901304 0.23072742059520973 111
0.2552599806354441 0.2439920351771763 111
0.25704076772137535 0.23269289144941585 111
0.25420148271753484 0.24321030927194917 111
0.26209932108025075 0.24819478164247433 111
0.26108314406345445 0.24544710025811214 111
0.2659704705219677 0.2609607470633602 111
0.25998496932561255 0.23659771311966635 111
0.265785129415645 0.25231709586686774 111
0.26834436657035116 0.26342457663580904 111
0.2665760925167482 0.25362917712710337 111
0.2681629425686765 0.2504304690096805 111
0.2701708939563435 0.27529404770620186 111
0.27442289022350913 0.26567342124239546 111
0.268232696411581 0.25060927257489685 111
0.27378093287159594 0.2653096640588579 111
0.2778234095766976 0.2782336522478415 111
0.26920954602015246 0.2755968355942563 111
0.2718567508238149 0.24007520428601448 111
0.2800256214837414 0.277012619447971 111
0.27485749926753894 0.2700534442901416 111
0.27832504000422414 0.27161031142222486 111
0.2790826170711642 0.2862466092085249 111
0.27565420486948056 0.2396089149868962 111
0.2797962473909097 0.2657803294494303 111
0.2796965384832803 0.27878784971587056 111
0.2803153540457048 0.27177158404934476 111
0.28105846821510466 0.2649218422617202 111
0.2772442703390991 0.2679283980840969 111
0.28112115873065385 0.26866213907654757 111
0.2807388574113545 0.26192813583803387 111
0.28616054336277014 0.26821145886606523 111
0.27975094898273833 0.2529340649387339 111
0.2745367765841948 0.24873178504504698 111
0.2827146911390156 0.27418927810370863 111
0.2818390037215632 0.273607714357214 111
0.2898824665890808 0.29247187408064795 111
0.28835528902432817 0.283540489617579 111
0.28561647308394034 0.28220743002794796 111
0.2860284587619151 0.2729724545432298 111
0.2850907656119305 0.2736677858871356 111
0.2800699392771834 0.2618116914456049 111
0.28676670727725834 0.2734235231244922 111
0.28501459061261475 0.28063159736493165 111
0.2809823193729625 0.25342043043191564 111
0.28792068785628416 0.2817193103977839 111
0.2892394920894743 0.2755174261672544 111
0.28583333494430596 0.27877570931011286 111
0.2884368726424909 0.28058194981125567 111
0.2925711881226917 0.2791982401231631 111
0.29407377526784867 0.2901871305466285 111
0.2936084745859856 0.3038475668208027 111
0.28469765749386317 0.27016492487867527 111
0.2903116057177753 0.2869754023194689 111
0.28880125517348193 0.2908567251766841 111
0.2886290685334896 0.29337377360723493 111
0.28743336630759325 0.28515188659305085 111
0.2911903956632656 0.2920490927958903 111
0.2876665689232565 0.2871502886276261 111
0.29338713295679164 0.28181107037606956 111
0.2890096168440831 0.28504493619357596 111
0.2876498686009346 0.2672712335027525 111
0.28724949841959097 0.2788150450258058 111
0.29017461228303787 0.28814573730338927 111
0.29190305136379596 0.285488759473598 111
0.29328186156389313 0.28831409551057 111
0.29060293191052006 0.28322894789115916 111
0.2958767337198046 0.2847259323938208 111
0.29626169056644963 0.2855103382809778 111
0.29503661569740774 0.2969399042343163 111
0.291615971723115 0.27847667919451174 111
0.292927152611469 0.2929978167178034 111
0.28990504396197503 0.2669776271296296 111
0.29158967572924005 0.2851079203637281 111
0.2909088660150577 0.2793982719038587 111
0.2913549979247283 0.2949230765876675 111
0.2906858489818805 0.2862866558122234 111
0.292650977998127 0.28734839749739643 111
0.2876888478054091 0.26765708031302193 111
0.29223292005719015 0.28497797476987524 111
0.2924410792639444 0.27767015959560853 111
0.29268587033418564 0.27692003603465126 111
0.2932410269891191 0.2821479395275783 111
0.2919437519953043 0.2890029357467307 111
0.299516474049336 0.2886195879227781 111
