training...
0.1676383203876335 0.11639726712897094 111
0.22228045420964884 0.20155286590292218 111
0.24419208165087683 0.2037063341973953 111
0.257028685505935 0.2334608029362753 111
0.26176732630041033 0.22713182207958257 111
0.2711650631622052 0.27459455923764003 111
0.27435505069879573 0.2668304846665762 111
0.2822616111865765 0.25494549843962677 111
0.27120263689461566 0.2526453556500595 111
0.27928891313267595 0.2610229097958266 111
0.2895269968150797 0.28635619379961424 111
0.28433252909624335 0.24593202623032343 111
0.2973260504019565 0.2945101032544566 111
0.2920575456425052 0.27555521289726514 111
0.2935973966432835 0.28489296571732625 111
0.28834601143075644 0.26556398591362923 111
0.2900286122838698 0.2747843333343726 111
0.30037128459606477 0.29267884542663625 111
0.2945967880425188 0.2858252489639889 111
0.2962574320679532 0.2814775920940759 111
