training...
0.06882833325460705 0.01657785874365826 111
0.07796293752148832 0.028091484966954034 111
0.0759821669700993 0.018594486627017463 111
0.07354623950082527 0.02812085995372986 111
0.10729301516210742 0.055751427507147136 111
0.11004904667597369 0.0644478036886027 111
0.12790193828590998 0.06201701828525484 111
0.14430181596616223 0.10416571575491917 111
0.176154154368953 0.11945015925272397 111
0.17613826624468082 0.13157693460679754 111
0.19774014859461844 0.14509161733812898 111
0.20774933150336383 0.15671732282109213 111
0.2111193843332502 0.16250202492022128 111
0.21393263671476212 0.20487608867707674 111
0.22211071634543503 0.1813676693018494 111
0.22564164475012047 0.1961381783015425 111
0.22992155585923912 0.21092056631287498 111
0.22768609905354611 0.1892687953165121 111
0.2346014547994449 0.2083437834206722 111
0.22949276695690574 0.17881385850372197 111
0.23728545484624222 0.22033841628453124 111
0.23415414941981594 0.21139757241818108 111
0.2470114957133253 0.21502498532554135 111
0.23745099899967034 0.20799327814209614 111
0.2387224818905453 0.20261020318270284 111
0.24402005690819054 0.2127618420346525 111
0.24657871378326546 0.22080735324162032 111
0.24670534882928855 0.23599422120789867 111
0.24891784685897064 0.22450913414229018 111
0.24537329971663246 0.23789476969517945 111
0.24991472830503966 0.22833158422062141 111
0.2551668398521855 0.24579246600964874 111
0.2460876746406987 0.2226080602445183 111
0.2527200787259671 0.21198470167729233 111
0.25842258322983336 0.2426613798216597 111
0.2553468031180982 0.23550562883541856 111
0.2547394016909516 0.22377377962592893 111
0.2611944025311123 0.2520251019466787 111
0.25318028667979486 0.2363780831871039 111
0.2567946537830665 0.2370946605141425 111
0.2557108476829265 0.25342121179109484 111
0.2575760236774216 0.24809715620734385 111
0.2541230458478509 0.23829883046833272 111
0.2571626965571978 0.22798983699534542 111
0.26228746978098183 0.25479568084929727 111
0.2596903710865667 0.23571471021037937 111
0.26077901000889375 0.2320979221034497 111
0.2663343751047474 0.2491356358789351 111
0.26158478816388614 0.2583988450814614 111
0.26639521053064535 0.26309291197580903 111
0.26148237333977803 0.23543326091636746 111
0.2693547477009399 0.25773509623446506 111
0.2640988904355846 0.25905066342948435 111
0.26085259849450687 0.2634644453787097 111
0.26839652563652444 0.2601521800385624 111
0.2670236210768384 0.2869912462679553 111
0.26439714337243364 0.2668633342191642 111
0.2637753316985457 0.27804176339049674 111
0.26868658297139125 0.2653135986687886 111
0.2686524682018847 0.24277936186706042 111
0.2676230621522374 0.25156594352525546 111
0.26485385176795173 0.25346103013529986 111
0.27293651798416185 0.25863554621421736 111
0.2650540924627621 0.2699824099660734 111
0.26598120354457966 0.25503478506031474 111
0.27014719480474786 0.26643640436705246 111
0.26325989238642983 0.27769005053116397 111
0.26951119414759345 0.29516480083848834 111
0.2649830219577802 0.2638882521833679 111
0.2700420505931144 0.2775295412669288 111
0.2717655560087881 0.26828596068356253 111
0.2654225146747592 0.2642809006080064 111
0.2666937730542853 0.273071236484984 111
0.26496934608666867 0.25158797452002296 111
0.2730985165486136 0.267396196993963 111
0.27064684502653863 0.2801291186568291 111
0.27204683324493306 0.2693213015235087 111
0.26771204792518455 0.27995203298858884 111
0.271810887255402 0.25077010442902575 111
0.27640154913642295 0.26597033504084283 111
0.2682417996236272 0.2970803973048893 111
0.268837617601629 0.2793907650834543 111
0.27796985053885526 0.24822690949647716 111
0.27930276405111903 0.2785582359507972 111
0.27452217138453583 0.2858428115752524 111
0.27497413683785543 0.2670406646196024 111
0.2730622754052967 0.27308086414017085 111
0.27818834650694224 0.27428984017264774 111
0.2720066493536283 0.27081713842126387 111
0.27353872758057396 0.2854059298906518 111
0.2689000694039206 0.28418329241401147 111
0.27095205344687373 0.27280413226157124 111
0.2637628604667078 0.28125718424694063 111
0.2775093154310777 0.2858424905883622 111
0.2768412382792953 0.2970855814513491 111
0.27739742265597217 0.26870074718664866 111
0.2762901670748418 0.2754888702035794 111
0.27868979502801444 0.30041449647260304 111
0.2737404128007605 0.270478613669686 111
0.2761985683751495 0.27928107778372496 111
