training...
0.22110378310547593 0.1184817718862065 96
0.24862249827755237 0.1317356278886848 96
0.2763985095920607 0.18822763707009954 96
0.29739647960916776 0.18782401712219368 96
0.29826195888728274 0.19995958625273202 96
0.33250617839005403 0.23553777786094204 96
0.3296448628493818 0.2205612252263312 96
0.34726244346785046 0.26532207994524387 96
0.36638695360287166 0.27740512971116593 96
0.3641479074883069 0.3030426209713507 96
0.36197674985391615 0.28301073796501425 96
0.382008409474397 0.3385243470555334 96
0.39286039702141345 0.3531425919212686 96
0.3961428069636835 0.3589466713411188 96
0.38762743463773663 0.37334715830071896 96
0.3914466839227699 0.3735043979557795 96
0.39582509957280926 0.37397441466828696 96
0.39513274451686903 0.35289231178653796 96
0.40061058077432604 0.3905105166093046 96
0.4072876770731824 0.37579116870189083 96
0.40632142944351685 0.39622467153413765 96
0.4133054046449313 0.3977941309364075 96
0.40987509846416303 0.3693846882325026 96
0.42821152297302567 0.421212915710782 96
0.41118487850495405 0.37967559230873815 96
0.4225373475387842 0.42349670646800686 96
0.43035713651706403 0.4370610920480506 96
0.41385253649558135 0.3971236191135086 96
0.41334440212857104 0.41708595380966135 96
0.4125369372872696 0.4309031376758827 96
0.43478218475984814 0.4541528074662059 96
0.4323492088726475 0.44614980793161485 96
0.4200862920669257 0.3943785519265225 96
0.4305648965698495 0.4268897868278202 96
0.41968551777224183 0.38306622142045854 96
0.4141766975445076 0.3848405386406546 96
0.43085912185057645 0.41180300640154255 96
0.4247349208126727 0.4071026104991816 96
0.43662142676277843 0.3907658324267666 96
0.4328623169591929 0.40032506249371 96
