training...
0.29749676336009573 0.24350018729090264 99
0.34044872953406186 0.3056358735912035 99
0.3592206330352996 0.2752587585924306 99
0.3759933058359394 0.34106747181876174 99
0.3689530033813315 0.29278538184188907 99
0.39746570121849023 0.34664769100385634 99
0.3962133129516812 0.3405235080534698 99
0.39239075325957995 0.34483728735341806 99
0.4070956166695368 0.3582203993712625 99
0.41114324985262735 0.35814640264494313 99
0.4060992632998444 0.3464435165657341 99
0.40188178391879753 0.34581438646754076 99
0.4179030248777963 0.3962752809040059 99
0.42315519262399687 0.40373625327373835 99
0.4158840402108724 0.36209290938030986 99
0.42901323095294774 0.3765804523776495 99
0.42050772934656955 0.3574563233234297 99
0.43665689652164186 0.3807772454822093 99
0.43404926078517786 0.37261520741669324 99
0.43589692571317595 0.4057445627216766 99
0.43865304692055085 0.37627152886129644 99
0.43510408544007034 0.3911448121090635 99
0.43445506086205876 0.4142319126510051 99
0.43583953467792086 0.3783815116146262 99
0.44174951445721267 0.4051648286724571 99
0.4442933416408655 0.42163192643075026 99
0.43850497912830344 0.3597552702913663 99
0.4384427551163174 0.38833936388707263 99
0.4387484530863548 0.3805596379563441 99
0.4330082193413372 0.3833911670658382 99
0.45282406401663067 0.4302497554594798 99
0.44397895137169596 0.3828665785049641 99
0.4486965806126386 0.4329825256311989 99
0.44632050649165916 0.38722650175217793 99
0.4419961177588998 0.3574926444955214 99
0.42611150576566176 0.37375837976708964 99
0.44311747181246813 0.3893553499568871 99
0.4361845641343186 0.4033579585623136 99
0.4366790713508468 0.38270172303803124 99
0.444381780078022 0.4175508733767789 99
