training...
0.0926715149811073 0.03828052964835697 111
0.12054228861445224 0.07198361107503702 111
0.12543652725809862 0.06951912604295321 111
0.1542265296222492 0.11657920655879375 111
0.17481655602164572 0.1333626743281704 111
0.19317152576539487 0.17062379944860162 111
0.19291939477002984 0.15225279439442196 111
0.20745655707545566 0.17877212349926377 111
0.220312971771733 0.19391013356304948 111
0.21941693434907855 0.19630206015317525 111
0.22800671733545888 0.2059759118243677 111
0.23151840757806974 0.20549406549002808 111
0.2287222233831877 0.21041431703593094 111
0.24241472572131811 0.24030979321936255 111
0.2403447394848647 0.23209619172755186 111
0.2457283180192893 0.23057638061745098 111
0.24605688584045687 0.22831486160994965 111
0.24708053339043315 0.24030580320678893 111
0.2522346983072365 0.253686952477407 111
0.2558836961327237 0.24878238531775376 111
0.25400348855907784 0.2519507516800551 111
0.2562711512094624 0.23806169422672796 111
0.2541629549415092 0.24910002855959917 111
0.2551225954974125 0.23959510444397727 111
0.2580875572011323 0.26006596819895994 111
0.2570634468241884 0.2515302096561587 111
0.255753938576544 0.24483438953782316 111
0.2638039574029169 0.26024596560174795 111
0.2640719670128704 0.2518271447916482 111
0.26060560201980565 0.2588015410927535 111
0.2667823699477986 0.2579824081663527 111
0.2643281045698502 0.2494368627499481 111
0.2594834482987893 0.24062681038786238 111
0.26281839425896264 0.2377417370155741 111
0.2635011260578923 0.2529794592699726 111
0.2631462223322867 0.2629028866690833 111
0.27026072598001366 0.2663252666888016 111
0.27123055432106286 0.2748616415379075 111
0.27078207317487063 0.2752031533852532 111
0.270270712985862 0.2575839784935433 111
0.2626864115885622 0.25270457025113063 111
0.26530254617391225 0.2628147558080338 111
0.2695635815899281 0.2563594875952628 111
0.2746412234177263 0.2592156523976111 111
0.26849731735192267 0.24982057761732285 111
0.2732186760414548 0.26131731768660876 111
0.2745561539996978 0.257440591680053 111
0.27252557217975504 0.2647802301539119 111
0.27207935724349164 0.2659789427295447 111
0.27974733693550063 0.25877672971314275 111
0.27511368478757864 0.26479009739924686 111
0.2756629486840555 0.27036155372203236 111
0.27026732169242873 0.2853368591617364 111
0.2728000996770642 0.2561902462176824 111
0.2741534995077975 0.2550662317453639 111
0.27281826047350943 0.2775861363417291 111
0.27676653162746917 0.2575161847463574 111
0.2767826814498615 0.263524881732354 111
0.2748650000771464 0.25877985367675554 111
0.27548899190224024 0.27233800497351135 111
0.27639105030087285 0.24973027944189605 111
0.2773241115161589 0.2628033158780883 111
0.2821811483508946 0.28161151557881786 111
0.2820860630488927 0.2820920108014854 111
0.27770072381438554 0.25985291670238947 111
0.2777648789091436 0.25878223413832857 111
0.2801006890356466 0.2704553754064211 111
0.2822518451593057 0.2815719897568511 111
0.28015113985459184 0.2716697312135189 111
0.2805872492432829 0.2811168189604559 111
0.27988076198136747 0.2690770953514359 111
0.2782782692373825 0.26883408063880915 111
0.28477343150178097 0.2800524881752189 111
0.27701308181959894 0.2455147248203187 111
0.28108178206055245 0.2802279156719993 111
0.27929068280101793 0.254830732607105 111
0.28211690918009763 0.27004232652616644 111
0.28475974486704553 0.2714609425349833 111
0.2817135680380056 0.25608549211939985 111
0.28259369796873235 0.27201412746954057 111
0.2862796823751711 0.29631226235965924 111
0.27785637617907954 0.25140383537308675 111
0.2864400179533811 0.30575756017250216 111
0.28412790292135603 0.27773407307374454 111
0.288169830718922 0.27388216521935205 111
0.2842548553300754 0.26690403018024916 111
0.286851765909003 0.2785900154790369 111
0.2891098041975018 0.2886833503955707 111
0.27967800695685746 0.25581051884505557 111
0.2851087151315228 0.2531908115057297 111
0.2838858067098706 0.27461803575250193 111
0.28965440385702457 0.28184594118597756 111
0.28015084297158777 0.2512507661211661 111
0.2882138200743412 0.2940741165408364 111
0.28884130438221095 0.28600252624030953 111
0.28398022141172297 0.28368751026029004 111
0.2859761139546561 0.2848868532040285 111
0.2889458267826779 0.27242490521656887 111
0.2933840707667051 0.28566566741933647 111
0.29050603387594826 0.29865706164299055 111
0.29064641807010766 0.27696151228005345 111
0.2914411590942884 0.2662013854322893 111
0.2923916692583569 0.2648006727008061 111
0.2950933294270885 0.29729358694726454 111
0.2871152833601805 0.2817764868114405 111
0.29225395394174497 0.2897666676350021 111
0.28543110317075493 0.2692831922752747 111
0.2908700180636145 0.2916942685140666 111
0.28527657015681357 0.2736016898082057 111
0.2947557761078646 0.29940141313085256 111
0.2867957034026839 0.29699289041201854 111
0.28986341033863383 0.2709057976189773 111
0.2954222287334448 0.30937288375518485 111
0.28814710278331734 0.2763273668680594 111
0.28747216292153077 0.2926057583742837 111
0.28948569594216694 0.2849174854614964 111
0.28777109310882637 0.2701733608145471 111
0.2925149916901587 0.2619053607374963 111
0.2916460751010044 0.3100045198964521 111
0.29176655750683334 0.28145150601464947 111
0.28668119278833715 0.27314525857798416 111
0.2912784131720905 0.2842323034365293 111
0.2907898075277448 0.28288224382071725 111
0.2936153562744298 0.26076147652637205 111
0.2868344875257405 0.26402516086553157 111
0.2968784585929516 0.2727711801341662 111
0.29111643129200293 0.2694148365909837 111
0.2917746258925173 0.2647896900445012 111
0.2928530272250576 0.26498545888203434 111
0.29028048621496333 0.2728539066367037 111
0.28979396509617195 0.28743274430991866 111
0.2937612137519062 0.28322229268431703 111
0.2918250869555459 0.3050116071679367 111
0.2866633950087919 0.2644338842583976 111
0.2920862052455597 0.2838304878361216 111
0.29584516983670694 0.28019094399855854 111
0.29038139497134585 0.28873468849006784 111
0.2928220081523235 0.2799298524803224 111
0.29678305536679966 0.2979801530909139 111
0.2912804924207534 0.25851314106503326 111
0.2953745583249334 0.2893636460973624 111
0.298280136279187 0.2968137320053174 111
0.2939783427666966 0.2878560341383762 111
0.2945934248803607 0.29345503834631714 111
0.2939914607153786 0.2819025596997234 111
0.290905828758213 0.28958812606160744 111
0.29263200956269253 0.2833140480687818 111
0.29686192601413364 0.28445752019448195 111
0.2933953300955008 0.27337155844572103 111
0.2936795785838225 0.29044726395223036 111
0.2960867005331814 0.2964255976404465 111
0.2912918541528039 0.2774921773156567 111
0.2910374622074822 0.28166212921986716 111
0.29611478756105686 0.2903826229728114 111
0.2906573222655534 0.30580276104153853 111
0.29623518773546736 0.2839803166351622 111
0.2941542079363454 0.2908941543837709 111
0.29211261077734135 0.2799754229486316 111
0.29357965638181177 0.28039718041406264 111
0.2955200692361523 0.28180206621820764 111
0.29499629065027055 0.27989426843253645 111
0.2964915983358765 0.2822477686945026 111
0.29385226998269764 0.2794895508915848 111
0.2949682838186628 0.2885295574402712 111
0.29263429352305953 0.2738950057640568 111
0.29776820785735425 0.2843045103513056 111
0.29345055756205973 0.2740623253527555 111
0.29675360119179 0.2844741605478097 111
0.2992313967594434 0.27532578039343714 111
0.29425783574573294 0.26806991889308257 111
0.2939489626496412 0.2702054189776301 111
0.2979188148621808 0.27456076988877726 111
0.29309071187294095 0.30234205827585137 111
0.2936409373461841 0.2844643768903009 111
0.2970853340902871 0.3017065699708908 111
0.2945237944932784 0.27779738724640163 111
0.29742372938078526 0.2971828839662054 111
0.2987006396029098 0.30046978256235934 111
0.29511986239549065 0.2703288220375303 111
0.29551748085261154 0.3065143406357722 111
0.29530904480318004 0.2772976731064104 111
0.29612424716695684 0.2974605094407501 111
0.29307486999819526 0.30057966399530545 111
0.2966215666197584 0.31926541418811555 111
0.29517734250728184 0.27260366141327136 111
0.3007322851264479 0.29544990216768524 111
0.2955289045443969 0.28818851997110667 111
0.2929969564905164 0.28087569997862205 111
0.29711881382913097 0.30431370860088924 111
0.2937772306019092 0.3063772907174522 111
0.2996007763263199 0.31211480075181947 111
0.30010334616622386 0.3036280965500052 111
0.2976832538880635 0.31397299996147765 111
0.2988696866452355 0.3081723264822721 111
0.29899927270929916 0.30310539550339527 111
0.29585384616986876 0.311305442718184 111
0.2987127212411798 0.3006154281757498 111
0.30070500332361183 0.29401598383473776 111
0.29665896386994306 0.28589648474650914 111
0.302710877681548 0.3007888192537373 111
