training...
0.0960731782221673 0.04986231979823336 111
0.15654205306442073 0.11001093659761972 111
0.1747365361086583 0.14528914940876342 111
0.19448497016816413 0.1670477786247896 111
0.21757509297815475 0.20313224818692613 111
0.21370784545465674 0.18581977291384089 111
0.2207709327764794 0.20163895234188037 111
0.22641721069034865 0.21499005651525419 111
0.23289218307205045 0.21230114293401844 111
0.23745539290553216 0.22331412233250236 111
0.241113174031881 0.2312090852777352 111
0.2426777965110993 0.23896655108034207 111
0.24254055677666211 0.22714627539272003 111
0.2511843430734433 0.23352163663777104 111
0.2509435733965836 0.24405014562697316 111
0.2528039196176195 0.24641295807528854 111
0.25207943387394277 0.24419066379295626 111
0.25336989357232553 0.25126907158963485 111
0.2518451141432083 0.24067433167846988 111
0.2613721987089031 0.2594333233428503 111
0.26196676755133125 0.267870750075532 111
0.2671111433823654 0.26656528290113124 111
0.2601695998120651 0.22721820257348574 111
0.266309552422488 0.2642368637863253 111
0.26642732765828986 0.2584999783866425 111
0.26585397306012815 0.2755243447616496 111
0.26084967814870774 0.2490472863916876 111
0.266692767362728 0.2662762729626594 111
0.2717634362418648 0.2787967380752778 111
0.26338208778192396 0.24242091337781968 111
0.271391012067301 0.2509518639418574 111
0.2806012310939807 0.2921885426982019 111
0.2710698936566704 0.2794228875080336 111
0.2726021184464894 0.24250027906718707 111
0.27720888697200224 0.2751241911784457 111
0.2737729619058268 0.26146523625367685 111
0.2770222720594307 0.28606071138519773 111
0.28074589451641924 0.29464203507711934 111
0.2762809920849915 0.2780152442112873 111
0.2760988168356461 0.2915076651002679 111
0.2711745049528558 0.2853712355770818 111
0.2757787812092098 0.27102970932433995 111
0.27742857606395566 0.2714443478078235 111
0.27653233634308644 0.27596820496577007 111
0.28018825330402447 0.2736986899801331 111
0.27979813618554017 0.2708997710909 111
0.2840414166899131 0.26653461331151385 111
0.28116207095024665 0.2738792730121427 111
0.2730149082765862 0.2786435242993173 111
0.2811098842998585 0.28515795167712493 111
0.2768867205874855 0.2780002476768927 111
0.28544594660704814 0.30854819815847007 111
0.2829824303466537 0.28354994359555363 111
0.2836655108272573 0.2936375268037575 111
0.2799032593522536 0.2831338034080049 111
0.2844174051486317 0.2972376709220578 111
0.2819614400639537 0.2797886308826765 111
0.28187705333001123 0.28058514971958637 111
0.2827512292101431 0.29210916778970814 111
0.2902533053121185 0.2819974636084709 111
0.28248884134762736 0.27225623896570306 111
0.2834996027036784 0.2745616681141625 111
0.28657631423181684 0.2816228547911948 111
0.28564303382607664 0.3035254392753924 111
0.2859143911271327 0.2742271006108492 111
0.2899673779164159 0.29341794691249884 111
0.2840213475656279 0.29650624954462046 111
0.2851574188405481 0.28718665753423334 111
0.2904921093512042 0.30207391499708186 111
0.28176200402282553 0.2870342365768455 111
0.28845360218144006 0.2961286325157788 111
0.28562224578876844 0.29633991976101925 111
0.2872477375346296 0.2844735461147748 111
0.2822762959156856 0.2900165523423779 111
0.288039058753157 0.2820206126033877 111
0.29008914883684545 0.28334798635492253 111
0.2921205557673775 0.280688434058133 111
0.29155843483220933 0.30410217005012785 111
0.2900011398816655 0.3025468465210967 111
0.2865304721833878 0.29381547496408433 111
0.29195605797850516 0.30181485778128786 111
0.28775535068255687 0.29828242255273335 111
0.2879155741586553 0.27493464638878556 111
0.2883336742900996 0.28123985056902245 111
0.29283750304847433 0.2768406469799527 111
0.2869399343986541 0.26661016469722715 111
0.2905737110257767 0.30056364957565446 111
0.2906935381894255 0.28160879959030805 111
0.28948614668131806 0.28866598556061623 111
0.28879819418193314 0.2562428677730445 111
0.288354596829623 0.29964299939946354 111
0.2894319948672746 0.29209941546753343 111
0.2866599387075055 0.2949077148565569 111
0.2903890207049182 0.28432426925071624 111
0.2895795983445405 0.28570942314862496 111
0.28967699977051514 0.28857723777749444 111
0.2903168843855225 0.302366811233024 111
0.2920023648645762 0.2885031678826932 111
0.2875935432364235 0.28192815290552137 111
0.2914487785391306 0.290339701129463 111
