training...
0.10178661875839203 0.05559708475042344 111
0.12539524870978788 0.06822736115544124 111
0.1475787709655332 0.10229129891998043 111
0.17221697874632072 0.12383314469962038 111
0.1959109483575129 0.15241522105435415 111
0.20481510701073677 0.1603248789813145 111
0.20345163910098188 0.15624809989888908 111
0.21737835890772308 0.2006549297567312 111
0.2258950181446237 0.20878719264747211 111
0.2290065708208118 0.21981471703474983 111
0.23408042508245858 0.21964797809875422 111
0.23860449517400856 0.23877183540399116 111
0.23980702582775948 0.22931296279235838 111
0.2424100623001582 0.23403225525195484 111
0.24497879173543086 0.2342747834422377 111
0.23774180011926552 0.22205629923580283 111
0.24350248135355596 0.23413232601353395 111
0.2456316704511607 0.22988960607116019 111
0.25033335375529037 0.2539952560103266 111
0.2489390134241544 0.24041728775656881 111
0.2476079464679823 0.22789202036416598 111
0.2574558018122761 0.26227792310854925 111
0.25428533894607314 0.23402572566323449 111
0.26331766862764905 0.26157415677813495 111
0.26226197931556383 0.2691087118079969 111
0.2576088585366478 0.25332584997256546 111
0.2633144404623899 0.2576377629079671 111
0.2664199759291559 0.26876021920401866 111
0.2635430284991189 0.260035665262937 111
0.26509989211263674 0.24614689377335877 111
0.26931539761461853 0.2652004504621101 111
0.267390292829771 0.25749179304686665 111
0.26659707671236543 0.2626989264746538 111
0.2660933959230155 0.26333367789736867 111
0.2739237486892631 0.28248459066738046 111
0.27375888587359437 0.266422211569612 111
0.27182735237900824 0.278558987109167 111
0.2777838316796512 0.30120784874716733 111
0.27252019087470075 0.2723513821094676 111
0.27287473861061756 0.27794939568241206 111
0.2754780306440723 0.271644451029425 111
0.27724606497845894 0.26146341513044374 111
0.28074883204639883 0.2706118439078919 111
0.28009289922744923 0.26542323407502705 111
0.27368964164984894 0.27094111277530314 111
0.2804966572220235 0.28378342308293253 111
0.2810096374303503 0.28047985148321986 111
0.27442637751085247 0.2691499188366761 111
0.2790068718437724 0.2553926740141264 111
0.28026928559128733 0.29435583533855914 111
0.2790877025410397 0.2851506746091703 111
0.2879034537531692 0.28886336654171735 111
0.2740639335381122 0.2584937693344347 111
0.2764221684355887 0.2506815641617625 111
0.27748078347847843 0.2887648875882523 111
0.28070495545059193 0.2891996353758919 111
0.2785815588050831 0.27319743715310046 111
0.2839946612802093 0.28403960439856696 111
0.28307907809365596 0.28522036720166294 111
0.2837929727305825 0.29355758239874613 111
0.2789052459200051 0.26691905659248744 111
0.28538495691909055 0.27900881011468437 111
0.28472745351846546 0.2855159227525234 111
0.28336222917574005 0.2964849660936042 111
0.28256771727547403 0.287714542546826 111
0.28543379139099123 0.2899272847524239 111
0.28303602251548793 0.29316462188659936 111
0.27954939304129134 0.27289818108704156 111
0.27990277096642746 0.27381382538529253 111
0.2848517280177839 0.28343793459301364 111
0.28673923627387066 0.2868936532159099 111
0.2818907585288392 0.2845347414712982 111
0.28887550119452193 0.2822526408582436 111
0.28615906202925007 0.28675605024619105 111
0.2855568851018502 0.2776582906125542 111
0.29162719889357136 0.2785838128927557 111
0.2850815210525796 0.30043460926881177 111
0.2867796386023063 0.2915760451360806 111
0.2822064185123376 0.2719143053547564 111
0.2841490463046664 0.269868591417963 111
0.2868848758408107 0.266815594305343 111
0.2812283393981956 0.2820458932775541 111
0.28433397092255797 0.28385543931382634 111
0.28440330076135883 0.257269367143815 111
0.2895010096931507 0.30339898176885316 111
0.2840878853602298 0.2833644616471983 111
0.2859788621880345 0.2844312212037362 111
0.28945944717012534 0.28092127855958604 111
0.28819606147550314 0.2854758220100371 111
0.28732257162809116 0.26845664536548797 111
0.28647241354887537 0.2546725154041685 111
0.28904515759429794 0.29975072529140795 111
0.285437000591477 0.2747033670036633 111
0.2865929744259674 0.26246837405681755 111
0.2867310908289578 0.2715048022081729 111
0.2874660740617174 0.2884156191173676 111
0.29069683391685985 0.31403279963187986 111
0.2882508342518171 0.28572255003299296 111
0.2903974008259729 0.2586413235806461 111
0.28463978222099046 0.2612024423861007 111
