training...
0.34384600558747125 0.31703359534960157 100
0.38576590925365734 0.3570202570223702 100
0.4067869622409796 0.3873803178742488 100
0.41353045042316233 0.3978765495203974 100
0.419418955597909 0.41610264767293303 100
0.42473355961624515 0.4140150415470894 100
0.4273869953217009 0.41994484288988065 100
0.4244512461658559 0.4221690163053902 100
0.4276402832923301 0.42716419287688784 100
0.42921723606284296 0.4362943779456241 100
0.4322870890195712 0.43225759747739045 100
0.43153120281193674 0.43073796140014214 100
0.43401608957264926 0.4412506150919553 100
0.4331246445753258 0.4371982965725515 100
0.4329204661887497 0.4338319508188804 100
0.43155472359746766 0.43682572244697515 100
0.43415836236201466 0.43249658279415637 100
0.4344193601248227 0.44249681483283976 100
0.43672001435339325 0.44465051241368914 100
0.4405241123766839 0.45310152852379193 100
