training...
0.10245069448743484 0.04376064645679234 111
0.16050862908503818 0.1156484223871515 111
0.18300541888760352 0.1491006659195629 111
0.1924219152084728 0.17151056053102737 111
0.21538090210240873 0.2129219267534035 111
0.2158592633035817 0.1991899621424543 111
0.2164867970097497 0.20700554544406266 111
0.232202657971966 0.23641319632126725 111
0.23597411062741802 0.2354010831485392 111
0.2406798223198133 0.23530999512383247 111
0.23775161353158536 0.23009539477940133 111
0.24217628560800603 0.2521936985670984 111
0.24452784117116808 0.24096064061905356 111
0.25608531207538976 0.2632738573677836 111
0.25271319872906084 0.2749107700259658 111
0.2503415888637365 0.2655745338353275 111
0.25381771761141875 0.2627985959417833 111
0.25120190331464876 0.245582472343658 111
0.2525583501479002 0.24873177328614032 111
0.25589572725727344 0.2522111570698136 111
0.2571941025467875 0.25357629591649455 111
0.2630282144973056 0.26419519797634805 111
0.2597474922270847 0.25835688272445817 111
0.2593545135753277 0.26604852644170196 111
0.2650900922255388 0.26831990220479024 111
0.26215492626223447 0.27100990406805897 111
0.26663934336667766 0.2614455443877516 111
0.26766784300886054 0.27659862140808766 111
0.26758407114717375 0.27436740676307575 111
0.26642708877359383 0.2577475997166097 111
0.26626746462038137 0.24699607484764136 111
0.2684312672227721 0.27291519969931916 111
0.26821600950760377 0.2646044999961641 111
0.2728800238545339 0.27662286884451087 111
0.2755581690840116 0.28535073018689217 111
0.270705604265788 0.27944272989217045 111
0.277263318067237 0.2845862123942117 111
0.27611321021384466 0.27515858805197685 111
0.2771144181006219 0.28041708288668404 111
0.2696269050167214 0.27229601001826004 111
0.26970045266974296 0.25657222500760046 111
0.26893194140777466 0.2412706736716522 111
0.2737735235699649 0.28363373370211753 111
0.27405636894857244 0.27166316912100524 111
0.27194614322034166 0.2663436582754319 111
0.27555315413365655 0.27796429322168664 111
0.2812197053082031 0.2708021576128968 111
0.27441169610606886 0.26861791685388864 111
0.27215285583482723 0.2706297942631885 111
0.2761196636416371 0.2749037218592686 111
0.27910373284873924 0.2880850582283921 111
0.2774768739401122 0.2759225128296324 111
0.27939672975697616 0.278485600998327 111
0.2810464402999076 0.2778925016382052 111
0.2771149201707698 0.25791984125487266 111
0.2827559612580781 0.2841655867366366 111
0.27749379764175364 0.2610177852396088 111
0.283148893021289 0.2627746972910688 111
0.27764856812595423 0.25310661735447004 111
0.27735986203408775 0.27368683112765835 111
0.2782318454815279 0.282153164962338 111
0.2786974507625564 0.2654153856297734 111
0.2811971645494478 0.27192670967178095 111
0.2844818219566719 0.2880289472693419 111
0.27814102432382337 0.2634556173247295 111
0.28828564200279094 0.29733756734621686 111
0.28390379723642695 0.2768585808541233 111
0.28504531802569266 0.2863834500654324 111
0.2839137301964016 0.27725808909219407 111
0.2809415105130063 0.2619235474723137 111
0.2818553324654726 0.2647204918644728 111
0.279847648010019 0.2803492779065701 111
0.284385798982007 0.28701977504077864 111
0.28410367764012884 0.2535741581404692 111
0.28530735162441784 0.27756424216960685 111
0.28963001945176814 0.29121907701423067 111
0.28601373782194406 0.27676952514076153 111
0.2854889865997408 0.2689311525236945 111
0.2898276031288215 0.2686611869740683 111
0.2848068110950858 0.2637790384507415 111
0.28944722066367357 0.2644698276824388 111
0.2839099086387501 0.27230465522442354 111
0.28733199908354007 0.27775455606606225 111
0.2882327659298159 0.2675889724112438 111
0.28663095376709313 0.2713159256650292 111
0.28680255985411024 0.2727672673981483 111
0.28892095109008004 0.26919704652341 111
0.2827237711157481 0.25768908115643113 111
0.28909569869018115 0.2778673661534185 111
0.28983236880888813 0.2727300632791377 111
0.2841009802349125 0.27240927564105855 111
0.2873654569408486 0.2942268651739059 111
0.28389533562493857 0.27749413623458474 111
0.28485854978975717 0.24484782208157668 111
0.2885236861050397 0.27798511414697913 111
0.2905098350872189 0.30044485751442324 111
0.29111366550394413 0.29627019322766823 111
0.2874831520774573 0.2827193583784559 111
0.28819244270409305 0.2823659329077543 111
0.28652865719961085 0.27596826119491946 111
