training...
0.16958532153941908 0.12984280545145047 111
0.21662202031353622 0.1705087999304012 111
0.24581586861478316 0.20825012354762037 111
0.2586033088442944 0.24876701918881805 111
0.26747405072342717 0.26455330308424146 111
0.27485874892200185 0.2873410805930309 111
0.2697534855292783 0.2651338089331483 111
0.2838730915515773 0.28015923655792374 111
0.280407572516122 0.258616351244051 111
0.27982211579543664 0.2544122112290639 111
0.2954948569683384 0.30924476364967257 111
0.2844109040710371 0.2908252772154166 111
0.3014280274290304 0.3039157578106873 111
0.2947946313336622 0.29344893639081776 111
0.2971495975628764 0.29386076737777417 111
0.2899876325022284 0.2792181035767245 111
0.29289677810372355 0.2854862009349366 111
0.3023986252768568 0.3078548203960437 111
0.3050997992494971 0.3101008986351554 111
0.2964708405859531 0.29481728951957425 111
