training...
0.06553620760110074 0.014370263306959221 111
0.09545990148833966 0.04507877100420027 111
0.10790773634753786 0.06393911949927049 111
0.12195814357894756 0.06891165654264894 111
0.14242759724059234 0.09263877799152037 111
0.16623614243885673 0.11828691730381419 111
0.1716940995125 0.12242327076977357 111
0.19675993300307082 0.15899689068239287 111
0.2129528177872285 0.16456285531409132 111
0.21088257444341058 0.18379972160326388 111
0.2165514208072714 0.19758367474548594 111
0.21275477921398647 0.16597859701977502 111
0.2237581510605877 0.20136998836589012 111
0.22874329386670147 0.2097708164788132 111
0.2179120339837909 0.18596246012034778 111
0.22926872321781594 0.21791424258581021 111
0.23890753705868992 0.21561762207100266 111
0.23205950516094928 0.22593064806779511 111
0.23767515648417692 0.21516122165777554 111
0.24519638499929106 0.22867675156592635 111
0.23939869142502884 0.23813526861398632 111
0.24170192367957735 0.24494138710811483 111
0.24355581388697753 0.2396488745592903 111
0.24732875637303642 0.23034579850984024 111
0.2520862239880004 0.2533870963141951 111
0.2487520183547309 0.2285143977903585 111
0.24938477579968304 0.24469562930742897 111
0.24623429221575865 0.249871773165932 111
0.24603643353963137 0.23299171975356525 111
0.25000928896144387 0.25245960853142824 111
0.2570885370807373 0.2507501791204229 111
0.26565426860678565 0.26491018419934825 111
0.2584591621171847 0.27066755712886453 111
0.26132869006403675 0.2579181999946058 111
0.26918504014857964 0.2792253784645084 111
0.2618761583603379 0.2640512255745174 111
0.2633583628294997 0.28065986845393137 111
0.26782848695820427 0.2878265773225879 111
0.2668951941147574 0.2761009051726658 111
0.2639760182054302 0.2511663932395729 111
0.26143850539399166 0.26115780974773245 111
0.26386355775386855 0.2738506054142419 111
0.2629986218260918 0.25858710565533743 111
0.2655727503865764 0.2823272709137879 111
0.2660064993388982 0.2985691437311564 111
0.2649003179098221 0.28636150999118004 111
0.271157226787461 0.26400334817259363 111
0.2694280937964078 0.27099047758131756 111
0.26401958909040046 0.24890221916027747 111
0.2668336905898196 0.28261931270665314 111
0.2705347971256065 0.2859351628230131 111
0.2697020752361179 0.27766453587442264 111
0.273561543688626 0.28813192804299137 111
0.2684306515687468 0.2602131920408404 111
0.2681429076003573 0.26645999444568286 111
0.2753737161831956 0.30569712165486046 111
0.2764509965991201 0.29738428527113825 111
0.2725916976244045 0.2863932091449563 111
0.2753899487640334 0.2901493172116943 111
0.27243212287625945 0.2882014646762033 111
0.27115063172639575 0.2748022818133328 111
0.273208150819816 0.24237463851531718 111
0.2711063264884772 0.27176776148894655 111
0.2770761515577179 0.2861099106911656 111
0.27350049940604565 0.2721212033016913 111
0.2747822009722644 0.2814587999649358 111
0.27249639754922067 0.2691485339786092 111
0.2664638216299388 0.26756757488388777 111
0.2774568904999741 0.27608299895226907 111
0.2773633653150812 0.2672062991476231 111
0.2787819507539417 0.2725128375137301 111
0.27553493314892574 0.2861406471482193 111
0.27606340738331386 0.2576961908345123 111
0.2767782927138031 0.27076158525585703 111
0.2733716265616061 0.25545424604289513 111
0.27368389203830024 0.29582461956025263 111
0.27786956920591577 0.2738014295693631 111
0.2743259315841543 0.2649073631168537 111
0.2752622857889157 0.2720796418354032 111
0.28141465208504973 0.27972467468416573 111
0.2761481729580934 0.2687869951474926 111
0.2736247339322735 0.2811281034131223 111
0.2802142594969257 0.26994005406605653 111
0.277494411230047 0.28479983246678564 111
0.27670126180040555 0.2681519737818328 111
0.28362741368190114 0.2860406508191691 111
0.28112340279255005 0.29062599376295295 111
0.2808573202833774 0.28719903769826977 111
0.2843857667418972 0.28081534071186076 111
0.28036095239629805 0.2957950481862909 111
0.27623617393766586 0.27289926802404546 111
0.27621212232237846 0.2647317041338365 111
0.27542831588183964 0.26867220290474747 111
0.2805350002969425 0.28554667068153294 111
0.27924336948761497 0.28344202817633135 111
0.2834024968991884 0.28757883610360213 111
0.2757763547961122 0.2557710944430843 111
0.2717382166839681 0.2558441452186005 111
0.2823800287024102 0.2921971718083889 111
0.28118710687026266 0.2497257105595973 111
