training...
0.09448068884320054 0.05117235003101633 111
0.15719243179684217 0.10745610546990203 111
0.17348273980938134 0.13117239009006998 111
0.1900439162747784 0.16138885194594316 111
0.21335279992065084 0.19192087390596815 111
0.21117509625982708 0.18598491307970644 111
0.21178437818967194 0.19770835806300127 111
0.22693206613212094 0.20253491582503325 111
0.2356078526479616 0.2356223374308633 111
0.23483352463020266 0.23736484384146084 111
0.23890083230033163 0.2350315236342219 111
0.23919650762640868 0.22682574289036603 111
0.24300453091807653 0.22471855337858831 111
0.2520029330803669 0.2387334078498909 111
0.25130373530061173 0.24854674403911656 111
0.24780969906953257 0.23055303076103784 111
0.2547148560107645 0.23913121890528857 111
0.2579545356913975 0.2417820930390156 111
0.25705678103302537 0.24460733513959085 111
0.258373677456761 0.24078336852063215 111
0.25894307653630516 0.2501793257239434 111
0.2677738124187682 0.2747499264575685 111
0.2591970900191431 0.23663717184592442 111
0.26889502358046985 0.2760351058561863 111
0.2711527308008305 0.2725640971487798 111
0.2646509296161924 0.2556677441572029 111
0.2698747048867319 0.2535891741678061 111
0.2694643763369146 0.2711131375894037 111
0.27434892328923965 0.27430731670297914 111
0.26548330798318776 0.2459631537481784 111
0.27051146999131515 0.2510301149011522 111
0.275613991390106 0.26468088191224765 111
0.27542159516015224 0.2810848988130024 111
0.27762048490748414 0.279099536672589 111
0.28371893184669067 0.28789023669791525 111
0.283706657012325 0.27971212969940396 111
0.2837564264771185 0.2888957378658782 111
0.2800792541930667 0.2798226118327986 111
0.27904209959017634 0.27359807792320906 111
0.2796385803019134 0.2900826633485616 111
0.27716499978086484 0.27290212109557277 111
0.2805121274747225 0.2707871043800816 111
0.2790395417369764 0.270959875795561 111
0.2814374834677508 0.27787105379536475 111
0.2773931312664808 0.2621135856444339 111
0.2801380513972949 0.27079193147510244 111
0.2849074968493661 0.2775951132102372 111
0.28852141526772307 0.29496468141304943 111
0.2814727179507087 0.27870941513447595 111
0.28354194375759095 0.29148688615851115 111
0.28291250494115594 0.2567145929157621 111
0.29016903377514613 0.2909511382967305 111
0.2870928712657053 0.28814744075883214 111
0.2839307188056337 0.27355703822203054 111
0.28768502329952317 0.2726024383622821 111
0.28931668836591734 0.2931621783277188 111
0.2861674516810273 0.27119054728145053 111
0.2896464339102067 0.29725767108591444 111
0.28988533179239506 0.29891188649437456 111
0.28725685025144654 0.2825615191950048 111
0.29097576285830357 0.2692589230205319 111
0.2868684491922831 0.2754418454387744 111
0.29057796952343384 0.2811215214827115 111
0.28319124579417426 0.26355332025350775 111
0.2868062996159454 0.2750503449267523 111
0.2934601136170046 0.3111655436442046 111
0.2896914888730869 0.2898862062895959 111
0.2859551531468351 0.2701753829195699 111
0.29497954195794523 0.29513661470331304 111
0.2881818501082488 0.2893719228308348 111
0.29235818562414767 0.298610761134086 111
0.2839042755011731 0.27166947589209806 111
0.2900907092362935 0.28304478820717915 111
0.29215238484286143 0.29331951627371444 111
0.287752513287522 0.2964437889644273 111
0.2943762320712838 0.302127231767924 111
0.2903659119682328 0.2890344060244948 111
0.2927265343053602 0.2886507106776944 111
0.2931551779095466 0.2751256851117428 111
0.28965545834789647 0.28236127085167667 111
0.2950626154024625 0.2846337050146812 111
0.294829329462921 0.30119034633510494 111
0.2953695630453534 0.28975158629684394 111
0.2942613084505893 0.2821220881924108 111
0.29399518553370696 0.28823400823533674 111
0.2900177255488608 0.2794022835753535 111
0.2916388910310127 0.2930483137784701 111
0.292564936211796 0.2991769944081955 111
0.29220932847310815 0.27623343976314235 111
0.29236532936971155 0.281097287499387 111
0.29096401240271846 0.2797255350357154 111
0.2881847128087215 0.26366114643082256 111
0.28811412568237227 0.29192162480690137 111
0.29111605215501885 0.2938098285275495 111
0.29086609461918506 0.287743763489321 111
0.2908902699019656 0.2794610692485633 111
0.2918733487579015 0.28442995724058867 111
0.28989034618703946 0.29026251144596116 111
0.2932352331822936 0.2871246339610938 111
0.29290258869906605 0.28039331531976913 111
