training...
0.10423842250906092 0.05125574804897484 111
0.1624213138624009 0.10204049216004671 111
0.1820786158943202 0.14744239035760345 111
0.19097564895831232 0.15986831782698666 111
0.2139601114904896 0.18361904434597756 111
0.21316290002668145 0.1915402366629959 111
0.21164205943859576 0.18423467427084333 111
0.22403127204405923 0.21167848253726582 111
0.23576273468139516 0.22984770401758323 111
0.23852148584403277 0.22056887505654155 111
0.23724593467304306 0.23291723688876317 111
0.24160786912456003 0.2414034708061215 111
0.242410753944813 0.23595014328177508 111
0.25164859107522736 0.24612231274104057 111
0.24905990560440575 0.23335124924659603 111
0.23805528924236782 0.22799013650267497 111
0.24922262194505557 0.22293640918061128 111
0.2532990874950032 0.25240570481895275 111
0.2511311461150762 0.2531658361357812 111
0.2565648449573974 0.25411046064864673 111
0.2559577056844979 0.24155961901424777 111
0.2596413828452302 0.2543914281729027 111
0.2616064502910564 0.23563729801354474 111
0.2639912434808018 0.25745996026510953 111
0.26036564450036914 0.2569164785579514 111
0.2624290335323042 0.24819168871110672 111
0.2665136053131895 0.2557878601065927 111
0.2630065863414166 0.25349696843222863 111
0.26966396964102723 0.25787580491386797 111
0.2663126012028655 0.2568748002133561 111
0.2692510444237145 0.2490768608477341 111
0.2724273732437471 0.253138716319698 111
0.2705149578406607 0.25315258882506786 111
0.2701644480372925 0.26111419939279157 111
0.27464422164816066 0.27564272694048203 111
0.2710273014741228 0.2516078839034019 111
0.2838749649464902 0.2972771247034894 111
0.2720691394186932 0.26020781784799885 111
0.2712599809660126 0.26018857481910307 111
0.2734731220561305 0.24052160247159415 111
0.278699020076718 0.2499245981346743 111
0.2739497608438772 0.2577164675383629 111
0.2828598210131055 0.27935838802401347 111
0.28308943022421507 0.2731530194114359 111
0.27577433226470865 0.24167323995924866 111
0.27695153123222116 0.2752291429028791 111
0.2840324873052208 0.2553836804983749 111
0.28049534227566053 0.2663884712443963 111
0.27051445159864856 0.24144148561712048 111
0.2819776618715069 0.2632691116216292 111
0.2825735674082083 0.2702853648239258 111
0.2858487584023521 0.29529450722841954 111
0.2812286236894661 0.28035976141635116 111
0.28700466785532097 0.2878704896186676 111
0.27811697285842013 0.24475162439428777 111
0.28393376710563156 0.2852557032005384 111
0.2872757655119576 0.26433571773625536 111
0.28456352631543763 0.2837764162137341 111
0.2833693534337224 0.2688608009839751 111
0.2851036733321254 0.2655129078983848 111
0.2825046875245672 0.2491615618173312 111
0.28578658571042037 0.28780247247562407 111
0.2877640622925025 0.26234225028550284 111
0.2796898428457264 0.27767134879790756 111
0.28301707411330723 0.2652811339087686 111
0.284065097573168 0.27678632386096313 111
0.2852920680257083 0.283601408695711 111
0.2822742722373733 0.2743853017415411 111
0.2878930869753887 0.2667486519837626 111
0.28720130173502595 0.2605187825934931 111
0.28962559797241955 0.2662920382749303 111
0.28571169318680373 0.27655588447252005 111
0.28610408711618146 0.2727583442263932 111
0.2865431716254458 0.27596668053262713 111
0.2830006665897352 0.2614159483428228 111
0.29024143042913647 0.24249325781824227 111
0.28172818442667313 0.2607589912315395 111
0.28420041939543034 0.26968917979821033 111
0.28576808935468123 0.2668272628238907 111
0.2831553682314962 0.25769883679498057 111
0.2895820125162945 0.27230434924841007 111
0.28394597620713774 0.2681275779466399 111
0.28717693747045203 0.2585099490789682 111
0.29088444264061764 0.2694141960671396 111
0.28943234294253933 0.2498579880689753 111
0.2902687375136667 0.2650296440368683 111
0.28875838731912584 0.25033133715227707 111
0.28601687018797783 0.2534641930030414 111
0.2920179403248808 0.27560286261478456 111
0.28945683414096823 0.2546092990428457 111
0.28869439244658734 0.24094714340898502 111
0.2853435179761728 0.254183368648967 111
0.2908264113048038 0.2764559236468016 111
0.2854322395262407 0.2578690868744062 111
0.29191528256304505 0.2643251276765031 111
0.2919665572946367 0.2787655515514474 111
0.28806010584040387 0.2672941583561006 111
0.28749010642510775 0.2486013566553833 111
0.2881626799979637 0.2564508362034301 111
0.29083725584140213 0.27231246289359257 111
