training...
0.08403761561428147 0.03270986010520102 111
0.12107590477755314 0.07270763130151149 111
0.15397174217090534 0.09157895729953404 111
0.16371684853744986 0.11489200770424239 111
0.19150039839736355 0.16305357578823998 111
0.2023055966390025 0.17718412523052793 111
0.2030730638310567 0.18574121082725656 111
0.21326957245584863 0.18511459219311122 111
0.2255171416971916 0.20349000177166665 111
0.22498661477153278 0.19887721171820666 111
0.22944409695284237 0.20342119585739152 111
0.2304532095300356 0.21479618580873272 111
0.24092366869956713 0.23004647736145406 111
0.23847960144383093 0.2243879582263313 111
0.23833925572516396 0.2365069021342293 111
0.24390330167734783 0.24490512657441255 111
0.24684496352680352 0.23090555711666003 111
0.250291761833375 0.2341370369943643 111
0.25278110245440466 0.22856560782097224 111
0.24924686044459962 0.24672644370214158 111
0.2530178686332591 0.2381658453161963 111
0.2545452215910022 0.24951880236239135 111
0.2597072514458236 0.253260015505104 111
0.25860325097230547 0.25313002394975664 111
0.2596623942665041 0.26619894596859506 111
0.25571600032844993 0.2572625292870466 111
0.2600758205327707 0.24657115566354246 111
0.26338694708090804 0.2593140350291985 111
0.2655088377188268 0.25194517032349073 111
0.26095983732340955 0.2565656338080276 111
0.27116395810653765 0.2439909865536668 111
0.26830740732094477 0.26243397749920466 111
0.26422150937777883 0.2689891466041635 111
0.2689042282473351 0.26500427433041607 111
0.2685712068372106 0.264790516192756 111
0.27531536753639557 0.2833874766535656 111
0.2717889030353613 0.26666789812599195 111
0.27274078447388606 0.27587670335148096 111
0.2730317564121223 0.24868099740177463 111
0.2699016818855322 0.27151382363066534 111
0.2764087379780991 0.27135659977767457 111
0.27471506598117973 0.2573786191039618 111
0.2768003661316879 0.2832089256752444 111
0.2802987175295326 0.26462987360730267 111
0.2720278820042101 0.24923821453094827 111
0.2816095539294178 0.267867410907798 111
0.2788423424241467 0.27968448388299205 111
0.27735199967373864 0.26339685739889307 111
0.27740671572760534 0.2682800395520768 111
0.28775603716496573 0.2836168180909632 111
0.2825238257776067 0.2730847402151117 111
0.2820026344380706 0.27684380432019723 111
0.28410280297050006 0.2833478062991318 111
0.28371143546725525 0.2616333667592082 111
0.2781640847125987 0.2754199357739255 111
0.28480830415008856 0.27043573339699123 111
0.2841872014710994 0.2690081731121143 111
0.280813577269513 0.2711734137052473 111
0.27754709652395854 0.25420214007692143 111
0.2795990145272286 0.2827654903313695 111
0.2822708628656943 0.2834973981143871 111
0.2863261505716011 0.2833837171849781 111
0.2914453100146127 0.30305746176703835 111
0.28753279413602 0.2861265988753718 111
0.28375961395578875 0.2681842480461859 111
0.2873722662157073 0.27511075998889845 111
0.2910494006118846 0.2859643335296079 111
0.2894523873355268 0.2757302172958356 111
0.28771012344687696 0.29873986333276387 111
0.2824136410637306 0.28459112405330755 111
0.28803419382470896 0.27392364471836306 111
0.2849482380999631 0.26990704258339665 111
0.2858939797835233 0.25894083037298915 111
0.28157507647004315 0.26057124319239183 111
0.29150439527291017 0.27599629910902856 111
0.290142080481187 0.2814421667946697 111
0.2921090787252084 0.28200918078907783 111
0.2837496457220409 0.2718293387551356 111
0.2869921926660788 0.27722937549487586 111
0.290003416828953 0.2867577554366005 111
0.2902689767210373 0.2855926940332639 111
0.28981859225860274 0.26311453573446764 111
0.2861157806233317 0.26776564678274783 111
0.2919927699285021 0.2853257944602797 111
0.28607088337396386 0.24989636414204044 111
0.28631163572847734 0.2560348123874355 111
0.2951845648053814 0.2838422558508395 111
0.2931110897017797 0.2707662009111514 111
0.28650667167325905 0.2643619941540527 111
0.2900626528666044 0.2667011004536097 111
0.2917346460954396 0.2864273508558864 111
0.2865185596510854 0.26823138726061097 111
0.287004420749121 0.27047664166612795 111
0.28936444065315364 0.2669267221606155 111
0.29326791375927236 0.28275632822052266 111
0.29590806302193523 0.26606124942144865 111
0.29096872849716077 0.29144149602225816 111
0.2907223411618556 0.2567487017859047 111
0.28854705346762977 0.24886374929441737 111
0.2953401203034327 0.26718956144264994 111
