training...
0.10524798953559451 0.062366964537838465 111
0.11419403292473637 0.0509832762843117 111
0.13064414570484428 0.06589359223967049 111
0.15677692139710794 0.08939978587746883 111
0.1796648184039746 0.11708601842858243 111
0.18891696353897397 0.15753367438010873 111
0.19688071147767106 0.17011104849442868 111
0.21237004482507632 0.17708091080263136 111
0.21481876178277237 0.19577086832055052 111
0.2199364185142904 0.19745154086246786 111
0.22299911831152622 0.2034217977216387 111
0.2318406850955222 0.22267815601660748 111
0.23384907013338643 0.22364922084172992 111
0.2340103133242765 0.21890087279024056 111
0.23728397181589034 0.23143306828319324 111
0.2347102603849335 0.22284420580818995 111
0.2400225723066022 0.22873319397861253 111
0.24183083973439792 0.22297315057334935 111
0.24590509011207476 0.24453520064397224 111
0.24029516555294356 0.2246047601774853 111
0.24896639446683025 0.2430292698447119 111
0.2529450039470748 0.2455768398236722 111
0.24947311055210983 0.22391108139955707 111
0.2505287760766155 0.24407100661751063 111
0.25697069044755994 0.24112083039221835 111
0.2531940937244595 0.25187153851250516 111
0.2606388701391424 0.26330909710386574 111
0.2640963296049895 0.26914966972670984 111
0.26320023286914673 0.24486961936733367 111
0.2612829206937458 0.23957066932382978 111
0.26071086769439766 0.24523066611696104 111
0.2674316265990461 0.27667708593488516 111
0.26579414240655475 0.2562698293032586 111
0.27032429601126207 0.268546453066716 111
0.2737667215333773 0.27340499644697724 111
0.2692306434137029 0.2403411338617715 111
0.2717540803489299 0.2648513071117589 111
0.26945273749488236 0.26072614662181187 111
0.27096587541261313 0.2832352547377667 111
0.2714473291969693 0.2830944674456883 111
0.27433202132932 0.2744126887268867 111
0.265585302913847 0.26193464952538664 111
0.27440676788701923 0.2695989889426883 111
0.27674342929266443 0.2824937601782059 111
0.2702967355734102 0.2647529476977751 111
0.2787832981311176 0.2827843733311339 111
0.27558856182774644 0.25657977865896975 111
0.2770137627534441 0.27584031023369077 111
0.2701057029269153 0.2568258610511134 111
0.27238155733127206 0.2602638908740629 111
0.2699923297371648 0.27019079548672925 111
0.2840728629475455 0.283559683752342 111
0.27637039371408084 0.28257897443443875 111
0.2785958426050882 0.2785799247053046 111
0.2779112318518931 0.26915265109607717 111
0.2802320007859267 0.287587506161977 111
0.2872981389002891 0.30608077726206595 111
0.2821711447943202 0.2947850220045088 111
0.2825836453819576 0.29106782658847746 111
0.27405865672672697 0.25274969313232987 111
0.2791679391022197 0.2590428446943745 111
0.27704661099410444 0.27609224462601956 111
0.2846699067017939 0.2964311218418965 111
0.27702031446824227 0.28530240132035395 111
0.27825463722153 0.2803423814625074 111
0.28586781052890337 0.27226551869148935 111
0.2742824520684183 0.2672406332645796 111
0.2808245557876224 0.2760118929412104 111
0.2853006611649022 0.27920616778595075 111
0.2844856736978472 0.28479373130179153 111
0.2792400281081396 0.28750173842150467 111
0.2760700366031971 0.2767996098898998 111
0.28293764595905524 0.29135015291332134 111
0.27700289239516573 0.26487289751545223 111
0.285083528030478 0.2907428235989852 111
0.28106862400903837 0.27756971529933533 111
0.2838867962604793 0.26622061379199413 111
0.27893820420559723 0.27662617040848336 111
0.28246904333096684 0.27032506921939886 111
0.28404061161608385 0.2863230507284923 111
0.2891930984350934 0.2994540750525048 111
0.28546158657236936 0.28008838570450095 111
0.2866058707061356 0.2876200380422776 111
0.2842468477940101 0.285553209205803 111
0.2867058888097362 0.28984772224815686 111
0.28283264174995687 0.27480558611456574 111
0.28313209843884984 0.2852649819507672 111
0.28556444776959383 0.25477950170199753 111
0.2834993220969492 0.25064700723926964 111
0.2841044503322659 0.2794877473290457 111
0.28510105333239444 0.2668690008542179 111
0.2859468028082122 0.27329907631117595 111
0.2812657390085077 0.2534400193601289 111
0.2884734577235394 0.29250163558484166 111
0.2837380644867424 0.26247045514575046 111
0.285427818430067 0.25944046032287704 111
0.28301444356339645 0.277266098043808 111
0.2860894790611576 0.2735801019509386 111
0.28722820141462607 0.28180813859407533 111
0.2839200273304141 0.28445870728040773 111
