training...
0.29359915889406557 0.2387447730844671 99
0.30993552154702453 0.21567139272853916 99
0.3194631142874275 0.2620295182020402 99
0.32590365539299754 0.2750417628023119 99
0.34799323297218293 0.26970864932537664 99
0.3436236318236464 0.2904752264872015 99
0.36569836110788245 0.2937524803012315 99
0.36846296776020837 0.28395550652361606 99
0.3725701324937817 0.3404175034551319 99
0.38944001238394854 0.31929181840427384 99
0.37995474999507384 0.2858359574616289 99
0.39402935795972255 0.3465254468209502 99
0.3948159826143051 0.33868695492588524 99
0.39643124359120085 0.34854944322435544 99
0.39887028464287944 0.33687092964202997 99
0.40246659677933266 0.38299816573996087 99
0.40877201048193723 0.3774396977762496 99
0.4154749061883968 0.3631750445217525 99
0.4117178147858792 0.3382956910280519 99
0.4131953233328334 0.34449910436968506 99
0.4103102355690235 0.34361508967918525 99
0.4095929210618648 0.3606575497809746 99
0.424341062669815 0.36658508162585435 99
0.42142059537543386 0.380391765026462 99
0.4172535364010827 0.361710456857354 99
0.42722393958335875 0.36292557959398664 99
0.4176845881000297 0.36868223477863127 99
0.42218131038810036 0.3793248034245137 99
0.42358477736874073 0.3628340958233768 99
0.4239597551370041 0.3531820953532587 99
0.421455387419464 0.3777495713685337 99
0.4169379142779056 0.3136755800606422 99
0.42849767897061036 0.3580579256328089 99
0.426444057065522 0.3571134929952164 99
0.42589166662893846 0.36948045774434757 99
0.4390832517633851 0.3920936743069563 99
0.42757298057105714 0.3673191151085475 99
0.43338904650191346 0.3870858763887548 99
0.43229997182950824 0.34946896097488706 99
0.431942804930545 0.39066288676890876 99
