training...
0.22706140196472258 0.12073264825191996 96
0.24397128646373098 0.1416963038920162 96
0.274123503095407 0.18327599528834654 96
0.2897338109316186 0.2012021167412248 96
0.29828298153623606 0.24268358694373893 96
0.32277068662644876 0.2328095378278235 96
0.33637089401180664 0.2720728831478668 96
0.3394380975451415 0.252314291305979 96
0.34980461463552825 0.2649428387220585 96
0.35475864570474225 0.3011838180351989 96
0.3569772212128006 0.28210605726911375 96
0.36590435116703884 0.3013036658678586 96
0.3634689683148115 0.33182849029148864 96
0.3715763436475809 0.31232404317319595 96
0.37782082400825723 0.3451449718764657 96
0.3896498349947901 0.374426815515443 96
0.3802219865625338 0.32245911110806447 96
0.3913037423472739 0.35127353487696344 96
0.3965941931191332 0.35962831773785636 96
0.3938596449830505 0.35273249344735197 96
0.40048458074778304 0.3732724634917729 96
0.4036695329188295 0.3470742872460233 96
0.4024081330444374 0.4000235387304407 96
0.40250984392571887 0.35071736515743124 96
0.4164263901385685 0.39658123618394137 96
0.4102655676961437 0.3644191160768136 96
0.42077683493938434 0.3855516136529253 96
0.41478689653309936 0.3997823975912034 96
0.4105178640987958 0.3698878998193488 96
0.40530364948026126 0.3842502844999791 96
0.4175076941830704 0.3903298188693486 96
0.4132525292476965 0.3781466642569211 96
0.4167036030478377 0.3695520617874656 96
0.4050658396532702 0.37484558791914757 96
0.41633538260380254 0.36784978055829587 96
0.4204744133903689 0.40883805958616526 96
0.42145235018790156 0.4295482225316537 96
0.42042762845527576 0.38613260055085874 96
0.4194744440591209 0.35646028346522635 96
0.41186689403316185 0.35704429780919633 96
