training...
0.26760544773897366 0.20389497431205753 99
0.2743313132169797 0.21032214868659263 99
0.2806083710892117 0.2216272015092274 99
0.2955179137652642 0.25473321399505344 99
0.28922371203252345 0.24873127800491868 99
0.3179716380214594 0.24757539037991197 99
0.3172584411009354 0.27873986417072855 99
0.30997752451351596 0.23853464398388877 99
0.33807328076073784 0.24116500193125154 99
0.3475718554677619 0.2962984789974566 99
0.35599355501748403 0.33933663754306814 99
0.36504073769970957 0.358972129559554 99
0.37297235266990764 0.3484200028533754 99
0.382463785244979 0.35916473075511673 99
0.3837935620805714 0.36871445900666977 99
0.38711972190749044 0.361733908123995 99
0.40062576505809755 0.3899041967472259 99
0.3920462148492109 0.38044491719232243 99
0.399301362672846 0.3527312730846561 99
0.4001457499299814 0.33591240587853377 99
0.402918835420006 0.3557815251549607 99
0.39423699123065387 0.35261179489370303 99
0.41211174526208105 0.4025387373371872 99
0.40367010580882834 0.36073910150367683 99
0.41055750848038525 0.3668743656632912 99
0.4088068573271096 0.38213884153285604 99
0.4248666481302903 0.40238086788580874 99
0.4152564944544596 0.39356554483194284 99
0.4176581358779236 0.38389647216971806 99
0.41857145908902205 0.40731197346089476 99
0.42601051724656397 0.3983362748017081 99
0.4165428852738156 0.3975692064038294 99
0.412829286339933 0.3620084568990981 99
0.4202254171806679 0.37381666994804 99
0.419941957727594 0.360401380242892 99
0.4132290208189102 0.3645787226698959 99
0.4250735884682515 0.38104471358862463 99
0.4132314684887731 0.38932720604155735 99
0.4232109344458658 0.39363483171495817 99
0.41846846696526646 0.43663489613258294 99
