training...
0.272747093976876 0.16053532309305923 96
0.28500018953449313 0.19520501435849555 96
0.30918632495839127 0.21449219463951308 96
0.32444687512076315 0.27531253206818396 96
0.348952950465735 0.3041945827174811 96
0.3494785435264454 0.3053705073302607 96
0.36176901204855644 0.32209237488082487 96
0.3675623904818755 0.3323580694028092 96
0.3698986566189621 0.3253640854779856 96
0.3753537088674313 0.2998904603593042 96
0.3801474556785787 0.3581305132371352 96
0.3833264575185749 0.33431474466527245 96
0.38558535399186594 0.3267236280252057 96
0.38802166200512406 0.3369507545551139 96
0.39249928306586074 0.353376834113177 96
0.404446543186937 0.3856788075368556 96
0.40669192762956036 0.38848944517182316 96
0.4016990253269986 0.3658073387856359 96
0.39583571873041895 0.3414617743962759 96
0.40233028153916167 0.36991728996085627 96
0.4078390197882255 0.3831035060711101 96
0.40549740346859225 0.38582759873420736 96
0.41024523366622606 0.4290932313923112 96
0.42022527157676537 0.41986257840294733 96
0.4106364329598477 0.38409173390115015 96
0.42029495017343016 0.427618496071266 96
0.42333107268101355 0.4509699021787581 96
0.4076119443254232 0.4158613624393478 96
0.4091175741252156 0.3863602779201319 96
0.41794146635871865 0.393283266528499 96
0.41766267342100005 0.3904936813067304 96
0.4174815248750014 0.3672728387864228 96
0.4229102145110811 0.4267024028223957 96
0.4154922865674639 0.38659444561010925 96
0.4048351684702402 0.3618522856918449 96
0.40385214441094197 0.3675801872833569 96
0.40568763281098263 0.41211915089866147 96
0.41312750356939026 0.35249829055592197 96
0.40873955349271657 0.34579091256602446 96
0.41197448086533495 0.35297178696497195 96
