training...
0.09059701814609372 0.03278134762223114 111
0.11697465828683257 0.06705648433174712 111
0.14655159177385696 0.09051311256251279 111
0.15868279721785922 0.11907531151124527 111
0.18941722354688545 0.16006747383971787 111
0.1969851822098884 0.16710996032757494 111
0.20368055009785782 0.16574435830616094 111
0.21577009985607157 0.20588430231852173 111
0.22240581663645367 0.21110991391519457 111
0.2248152440568353 0.21348934870644534 111
0.23094511989903374 0.21709840654031637 111
0.24023672458356193 0.22943447912595238 111
0.23493480925362595 0.21654762828917395 111
0.2396073609637208 0.23457908854978332 111
0.24385391778096588 0.25733509262786747 111
0.24280065649636545 0.23083663668311602 111
0.2490643028889554 0.22788898309479885 111
0.2461017282975552 0.23084927550640863 111
0.25108660683530537 0.23122067680112196 111
0.25414275215495935 0.24192257540254247 111
0.25313543362716445 0.22961197618550325 111
0.2568232842383313 0.2500853492979767 111
0.2558969921131545 0.26554233523712323 111
0.2610161079095276 0.26336240955720774 111
0.25911065179018583 0.27466259090761225 111
0.26189820688088605 0.25650911539281473 111
0.2624216632714286 0.2620664489703853 111
0.26614240095386815 0.2753238350607434 111
0.2713824523156904 0.28029776398141126 111
0.2651403673738037 0.24917590180514634 111
0.26753402648109087 0.2547535711656503 111
0.2712883788761513 0.29000726939590676 111
0.26567193147150464 0.27219396383624084 111
0.2684228753880731 0.25916882987118667 111
0.2759136252915829 0.2788275180181982 111
0.2700496381663893 0.24618974221601644 111
0.2735913517205233 0.27629368417843747 111
0.27130516682107714 0.25513090629752866 111
0.2811814528997636 0.2852780646353478 111
0.2708221040250136 0.26401807001322886 111
0.2667707740368472 0.2564487556603531 111
0.27584359084881466 0.2609064738246705 111
0.2710331774679463 0.267622660591172 111
0.2779915940296254 0.27454716782215355 111
0.2753591675006003 0.2743734796743454 111
0.27818059576348975 0.2706760088433941 111
0.28189543936092937 0.27707297989978213 111
0.2725322903576015 0.2725480740369814 111
0.2736750912565497 0.2743503331404292 111
0.2782446564653336 0.2927684232973858 111
0.27450093057273683 0.277718530994666 111
0.2836205968027848 0.2781113321156976 111
0.27903663284220076 0.26501802732204544 111
0.2755341881482675 0.24500943079720672 111
0.27765152882844313 0.27378396343722544 111
0.2795140075263828 0.2603290314426351 111
0.281543547646457 0.2622473070544748 111
0.279596494577639 0.29673616038311357 111
0.28102225711517415 0.2896862426139781 111
0.27841218171847193 0.3037673216060375 111
0.2799623192237567 0.2531409964009163 111
0.27854732845866575 0.2698160323447665 111
0.2806389268992351 0.25551614810067536 111
0.28040595510081284 0.255221405119072 111
0.2809630586478356 0.2820515911018661 111
0.2848940165470028 0.2726557621254831 111
0.2828243720678905 0.2680109927718335 111
0.2794878914873864 0.2666033369272438 111
0.28402279873799097 0.26869805762507465 111
0.28434382202337016 0.261465200828717 111
0.2868513488303139 0.2729033370127781 111
0.2800183936032613 0.27088529655885574 111
0.28616321649996157 0.2780098746001804 111
0.28308661164738974 0.2959940997244805 111
0.28786714051770634 0.2481259940362168 111
0.28237986068266596 0.26515237513474 111
0.2825671172843328 0.28466080913810987 111
0.28480311508698203 0.2729797147679103 111
0.28872895415541044 0.2646003492888878 111
0.2856173684340889 0.2911436435089445 111
0.2865992813312049 0.2885565118095032 111
0.2818774657867518 0.2746381869883366 111
0.2884491706985478 0.28535986906278826 111
0.2892637945100531 0.2899331593782113 111
0.2863952652872329 0.28458590350206875 111
0.2849118438138298 0.28657796543802116 111
0.2843247192174989 0.2719906884593502 111
0.28369226832006095 0.26149427224726246 111
0.286492839612504 0.2909308472028058 111
0.28238681823547496 0.28526676620414143 111
0.28880211581310444 0.2652995462198991 111
0.28526599949842385 0.275887042367408 111
0.28513809504580595 0.26140437503798686 111
0.28723164949963315 0.2810348659691037 111
0.28636192885497824 0.26644210015839415 111
0.2866998281931724 0.27033873480648074 111
0.29154017018255274 0.2669702107075864 111
0.28665852961534605 0.26318757239256696 111
0.2902727800770379 0.2808610066187617 111
0.2883333340737755 0.2789441253982959 111
