training...
0.31221560340899457 0.20747433230881357 99
0.3247835311291202 0.2641640431054226 99
0.3218272286727086 0.24121866023262778 99
0.3398166078985457 0.2679509687405078 99
0.35825995863166127 0.299106274347241 99
0.3564117127100051 0.2651582478842374 99
0.3663304191450587 0.29522100706217674 99
0.3937690523788225 0.33887501938281667 99
0.3946097148868636 0.32729707269313935 99
0.40266210007932746 0.33736238053302503 99
0.400206735929839 0.34268815848564965 99
0.4024433418393465 0.37077330369049877 99
0.4019882874117584 0.37744148394641786 99
0.41390407815092745 0.39498144901655285 99
0.40647873767812337 0.34880229874642793 99
0.4072104474583367 0.37345559924172606 99
0.4111276934135599 0.35584480105913385 99
0.40559749008303403 0.34244404835212566 99
0.4177486223933412 0.3578015139934676 99
0.4156886489606967 0.3762434266931884 99
0.41140181757900907 0.3393050963914341 99
0.42595694856934435 0.4054982376741242 99
0.41140196192574224 0.37264732457770433 99
0.41901197125206463 0.37922242124023114 99
0.4241088233075025 0.4043514671739526 99
0.4241662552994758 0.36675220200639197 99
0.42135592526257154 0.36882981664818276 99
0.428023962236361 0.39008679773891075 99
0.4291606380181645 0.3863083261407982 99
0.42603960995777007 0.3820921285550833 99
0.4379724068024347 0.3798399463266554 99
0.44153627143514806 0.3683997247429271 99
