training...
0.07314101143301087 0.024176523104961815 111
0.0872182550628592 0.039088418688208525 111
0.1001886781545954 0.04259354445400618 111
0.10169189207236015 0.052245500173369375 111
0.12589170771598326 0.06958298613459866 111
0.14742893099692303 0.10200972558056115 111
0.1553654101431488 0.1131618585315704 111
0.18690853298825477 0.13586565227830844 111
0.20318825316909392 0.17369257010461633 111
0.20399433672487594 0.1764992055604836 111
0.21642650280938858 0.17460167655045264 111
0.21560726973349356 0.1915072344172022 111
0.21870968450594425 0.18355594061295497 111
0.2255082238945194 0.19640698722252892 111
0.22175293091120798 0.21465691538175857 111
0.22223970707115195 0.21245905905488616 111
0.23095280607814067 0.2164376597650443 111
0.2291305124264536 0.2077177171864965 111
0.23109845685690347 0.21936110332595324 111
0.23454182416044886 0.20926208066693092 111
0.24174627175082816 0.22482100092364898 111
0.23924282180585696 0.2171274345010864 111
0.2389708847849179 0.21087973594558207 111
0.2490790029846335 0.22510573806947778 111
0.24107097241338807 0.22384605610219435 111
0.24487281666215022 0.22116367836906964 111
0.24871981519997416 0.23702847825648027 111
0.2424929830694684 0.2401817948228206 111
0.24431189780057413 0.217522906382123 111
0.24841014848060072 0.23691832973477514 111
0.24711626454115257 0.22466333916876036 111
0.2557429982379532 0.2287828900463567 111
0.25678016730176617 0.2506106269252281 111
0.2558900438349548 0.261068490623031 111
0.2640500819312599 0.26754206667031727 111
0.2605205693675861 0.24087410767695935 111
0.26017583779067294 0.25157672443891294 111
0.2600792519917502 0.2571385346672842 111
0.26670660336057206 0.2551063494007118 111
0.2578903766274712 0.25122783179123453 111
0.2619231808842207 0.2532300356289315 111
0.25546711923195126 0.2380619369246353 111
0.2634788332664274 0.2628841844716481 111
0.25941522704404985 0.24972108269668636 111
0.26444263344347696 0.26416655875638806 111
0.26828828253839054 0.25758601858655805 111
0.2634731182896809 0.25747174226703606 111
0.2665676612908279 0.26429965924776144 111
0.26410374780068946 0.2497869083021073 111
0.26760251350548625 0.270525521771417 111
0.25968693254932024 0.265823963063962 111
0.26780135349906187 0.2709223208884994 111
0.266667498954562 0.27060909864891736 111
0.26590815189216077 0.2627096560378378 111
0.26450178364664384 0.2679249663854103 111
0.2680878554841034 0.27578639662135734 111
0.2723982413858584 0.2757516252335369 111
0.26880781366731793 0.2651170271921905 111
0.2649773157121018 0.27606267654395694 111
0.2740633616502861 0.2641532574994602 111
0.27241298127567487 0.25768914054840764 111
0.2707586714048404 0.258801194871168 111
0.27182261984687994 0.2890820138839008 111
0.27255088600445926 0.2681328162729369 111
0.26790969140619825 0.26279607874707783 111
0.27141917473016647 0.2650176099948256 111
0.2711652473930935 0.2797479966255031 111
0.2707337128369286 0.2688696690920189 111
0.27124463763889817 0.2537484395410173 111
0.26981683622950187 0.25693100152077075 111
0.26902767169157876 0.25957058977947245 111
0.2680879835844255 0.28280451589535244 111
0.2722015477003394 0.258479895848842 111
0.27151884763438394 0.26150548560570386 111
0.26990610998604536 0.2793184117456376 111
0.2771638213533502 0.28432100110674297 111
0.27246164846240384 0.2761934037519178 111
0.26664901510283584 0.2851728254123583 111
0.2719527898283901 0.28546297582052677 111
0.26760201907479 0.26347787010110885 111
0.2690308081663948 0.25446875642275407 111
0.26365177825614583 0.24948776191138308 111
0.26980206718771427 0.2693893831441844 111
0.2735517286082784 0.2590913979769895 111
0.27251817094010394 0.27303630565177955 111
0.275719735989149 0.27552367630391944 111
0.27502326174607405 0.27265582560981894 111
0.2741710761119345 0.2768091310417241 111
0.27497918038536295 0.2749212773498356 111
0.2715133295883094 0.27344179575872957 111
0.27721998960627775 0.28002216926724943 111
0.27790706639861756 0.27235993176302264 111
0.2716476122874898 0.2674619088738417 111
0.27254468732975534 0.25849523476201564 111
0.2697663054821227 0.27305010642958816 111
0.27534101876493605 0.2708664557256683 111
0.26890223487589715 0.2745228918538955 111
0.2731205363646582 0.2500470997361368 111
0.27082231037460225 0.2732009172987992 111
0.2717661156779194 0.24487804991099585 111
