training...
0.09173603534280698 0.03475541956999432 111
0.11249540676198395 0.06835698706955581 111
0.13898045055476943 0.08439807991022046 111
0.16860866188516235 0.13056157708038307 111
0.18698378102834204 0.1501910429190795 111
0.1974681999263508 0.17038742621184957 111
0.20417353328502524 0.191334016682502 111
0.2117533400980854 0.19692414942538014 111
0.22346510002145256 0.21646304964366025 111
0.23274327442750434 0.21598560734422523 111
0.232616919394871 0.22319150256184622 111
0.23463671382978293 0.21934636866600857 111
0.24066576054143737 0.24059004993559802 111
0.24284716450725616 0.21601374391032935 111
0.2454112625181405 0.22675946720106055 111
0.24358965809793218 0.22122163687277344 111
0.24642099752969815 0.23829344003184835 111
0.2515071370539288 0.24383210595101107 111
0.25137035859686446 0.23560592510795372 111
0.24979257265961924 0.2401561269158401 111
0.2522933828298245 0.23687137358326743 111
0.25717294414020986 0.2539845452244478 111
0.255920187743784 0.25618645257830897 111
0.2545745298018991 0.25970200628200596 111
0.2609654976045428 0.2615838133772737 111
0.2550421580871283 0.2577948419949389 111
0.26606578119601176 0.25491134146305844 111
0.260503246755154 0.2615149169158858 111
0.2621924011259166 0.2731955691281257 111
0.26919374505340204 0.2673405944850737 111
0.26579834352638265 0.2628504654106458 111
0.2670785299137822 0.28543009630891725 111
0.26740707515929746 0.26820778173713955 111
0.2661719160069236 0.2502529733998163 111
0.2752494451219314 0.30027158074062277 111
0.27057418630823266 0.26416169264712774 111
0.2736302642431367 0.28358384982519924 111
0.272692312342108 0.28113914041732824 111
0.2744483902819326 0.27353754819985715 111
0.27538483943354436 0.3037983125748624 111
0.2714031304828214 0.2649232518625155 111
0.2738214463113341 0.3021666372655954 111
0.27685240534683664 0.2962942136734637 111
0.28116676835083665 0.27484782106284006 111
0.2749621845913955 0.299013037937155 111
0.2799984805719317 0.28889198569035207 111
0.27936368015201835 0.26033554267805614 111
0.27715068262727655 0.2626557314538527 111
0.2750976582138902 0.2803477592547464 111
0.2788924415008014 0.28525650175769063 111
0.28069523521638023 0.29687872683445127 111
0.27593669179138997 0.2745165421260412 111
0.2825334709212687 0.2808330225884374 111
0.2801170571131265 0.29110793223026776 111
0.28007751473558523 0.28112294218847184 111
0.2817467429791636 0.2843168803202521 111
0.2814706483195338 0.26303544399724726 111
0.2813807128216205 0.26736307743245574 111
0.2879997319197352 0.28415835568493397 111
0.2842401613100661 0.27979606649817923 111
0.2796537679589521 0.27931920672074867 111
0.27931024130966653 0.26810167867275597 111
0.28011144609420696 0.2776801652333965 111
0.27884272441006813 0.28493481322463327 111
0.28529351424471533 0.291549286232364 111
0.28079337812597455 0.2840505672933051 111
0.28006307402523756 0.2738901599777923 111
0.28067107516950807 0.2732669543809847 111
0.28210615700547503 0.2648940228288477 111
0.2872290658869374 0.27405991703261534 111
0.2780621791985315 0.2758943107361925 111
0.2858927564028783 0.27455819707296486 111
0.28043682962204647 0.28464135356663395 111
0.2868565503924467 0.30696585673993965 111
0.28523342160938553 0.2918003747029355 111
0.280047993165859 0.27728567550817385 111
0.28505294584692076 0.29160012649189654 111
0.278240124367551 0.2752818737892318 111
0.28812613604452203 0.2703056313876906 111
0.2874107445069422 0.3001866216385446 111
0.28805901601768613 0.28124017607979934 111
0.28527866600809865 0.30528894473766127 111
0.28314041174809973 0.25823542330315863 111
0.29109609708054507 0.2682335279298807 111
0.28720035335454663 0.2755241388676597 111
0.28562530391259267 0.2870259572477867 111
0.2917944649192416 0.28097557198219775 111
0.28663294434058795 0.29050435988763673 111
0.2906013905660992 0.28121767173895007 111
0.28650505154191697 0.28450792067300396 111
0.28356501553914804 0.26814107636497636 111
0.28470223611832574 0.2932864480542326 111
0.2811626523885975 0.2916547305917949 111
0.28769437234898976 0.28076275859857186 111
0.29088756095083446 0.2886972037355209 111
0.2893720649927543 0.28367617918305266 111
0.28582815663024164 0.272983307874022 111
0.28712996880681074 0.2665071667563234 111
0.2880308644677953 0.2785774648456184 111
0.28789144550823736 0.27287693156115794 111
