training...
0.22865660938576413 0.13014591780876394 96
0.25016513097403426 0.1410783063004209 96
0.27354472764216037 0.1960820929167544 96
0.3051742602757023 0.19158740284183678 96
0.3148945097098976 0.2553006570849242 96
0.3362745991041141 0.22142271178343603 96
0.3423687754453379 0.2569048330222249 96
0.3614354959282398 0.28755463664276626 96
0.36205601717587604 0.30103484660064 96
0.3659690359266555 0.29758843938610113 96
0.3772353377805409 0.3202662831477199 96
0.3830155252565464 0.3184232547197937 96
0.3969316237767766 0.353919185873111 96
0.39256263957837995 0.3333322530486358 96
0.3835919079405316 0.361588604661477 96
0.39306879392574995 0.3260768387531815 96
0.39030801605682713 0.3420287938883043 96
0.3908976524785514 0.3723975136521622 96
0.39117405257213805 0.34066690870523386 96
0.400242737341338 0.360008569036815 96
0.400870600896386 0.3907693151503271 96
0.3993229234006459 0.36678835040184554 96
0.39707100628816877 0.35523313446664534 96
0.40333274060802227 0.36209088799052325 96
0.4003119581801939 0.40210862849526896 96
0.407334754760796 0.4375648702007748 96
0.4019801719561005 0.3502072338665098 96
0.41896184241624673 0.4059104409299755 96
0.41668782936751647 0.3704675850660448 96
0.4208964865565847 0.4270863514387936 96
0.4053764811040957 0.3856623159946222 96
0.4063170100149975 0.37602347032398975 96
0.41054258736378535 0.39854784972697455 96
0.411429027758302 0.42428336799619326 96
0.4068967761951017 0.3914583078946493 96
0.4290341995675481 0.41118175044405414 96
0.4059320334302778 0.39484711060660804 96
0.4054767834713 0.4049749643439896 96
0.4240431198632179 0.40316771410367536 96
0.4173518856708527 0.42823982087293977 96
