training...
0.06661371065254405 0.01559971018703674 111
0.08094863997143467 0.024404428824816825 111
0.10614983677906918 0.05462678502585917 111
0.11259316676748295 0.0623751606306467 111
0.13737460750416342 0.08808046617663691 111
0.16819971235359749 0.11719429544599996 111
0.16725885329083567 0.14154958023285222 111
0.1915458312774731 0.15825940243718886 111
0.20357317846333914 0.17010512421139898 111
0.2138519493468912 0.18603472821750655 111
0.2142488131865585 0.1859159293598479 111
0.21823870369749776 0.18212300946939958 111
0.22067649173888462 0.2070646654303841 111
0.2255039145283685 0.20256264406238433 111
0.2229290341901315 0.18046423753869803 111
0.2286860078161143 0.19235919826414297 111
0.2284542997300883 0.21259206750884838 111
0.23129677431118648 0.2101180972026052 111
0.23778485490020318 0.2283207501185105 111
0.2360247042412436 0.21523959135244347 111
0.24303260806057578 0.22589601206410337 111
0.24245752033054016 0.2325081184504465 111
0.24371991327637027 0.23409828861632848 111
0.2395832588770963 0.24378174025190413 111
0.24550260805164695 0.236068116866892 111
0.24671302878438872 0.24204489007007268 111
0.24812670543375234 0.2287240083616575 111
0.2541536620204941 0.25335697004024904 111
0.24872353011893325 0.2328632179921907 111
0.2504401166372012 0.22990493220089103 111
0.25105556089184083 0.24030921309703307 111
0.2567771012306753 0.2519566828946861 111
0.2510527578032076 0.23939914891373976 111
0.250258545041239 0.2320613298288257 111
0.2626412225727796 0.26733984095797153 111
0.2587120456368557 0.24858998287806186 111
0.26353923037940113 0.2563340106612645 111
0.2673959346833294 0.276397427070555 111
0.2582285321622645 0.2621841444040234 111
0.2648421945274784 0.26787614896163564 111
0.2600714287390295 0.25790994287167424 111
0.26667189368154864 0.2773970460274008 111
0.26340846789705413 0.25847341203696145 111
0.2627452629476755 0.23936828294826631 111
0.2627842390836826 0.2564170368788187 111
0.2751313476452626 0.2761947516271691 111
0.2653356475240946 0.27439151747868523 111
0.26768923067341394 0.28369816239971496 111
0.2605418052081451 0.28400016489490143 111
0.263097942494619 0.25689005638692414 111
0.26666844513055094 0.258841995633532 111
0.266991062794399 0.27333619727743974 111
0.26465280685852227 0.2515227850427669 111
0.2608894120401751 0.26049145985868144 111
0.26127132637947575 0.2523398804339094 111
0.26787969254604804 0.2701224882880257 111
0.25715323161469805 0.2333858016829867 111
0.27085823382532803 0.2852852938662581 111
0.27243618774799944 0.2535395355536735 111
0.2712015557281838 0.2587662728123611 111
0.2650520202629591 0.26167390627960174 111
0.2800494607691121 0.2868153826826538 111
0.27302911310509503 0.2758113128178065 111
0.2687799287569609 0.2667820315937266 111
0.2718288432172862 0.2584009150310224 111
0.2670135095233978 0.26989315058364555 111
0.2727022853450883 0.26056258715961866 111
0.2635270292795679 0.24815447470145563 111
0.27219246463339813 0.2588845305284517 111
0.27088654217544633 0.26746344093862134 111
0.27345069542134504 0.26868819115816456 111
0.2737048714691467 0.271523622143246 111
0.2741586314646514 0.259173733671585 111
0.2704395216587982 0.24866034287588612 111
0.27020494556583907 0.26580776253691896 111
0.26698910735650433 0.23937693929419557 111
0.2743780316688731 0.2940431833428282 111
0.270423651142302 0.27556352958607266 111
0.27680973288871563 0.2552535199333966 111
0.27474491925545064 0.27068438349321855 111
0.27635222415780264 0.24646542102662394 111
0.26808069503365595 0.25399948693449675 111
0.2804790126446242 0.2736458290523516 111
0.26843473657824707 0.22348249691587957 111
0.276392072162444 0.2768020803822662 111
0.2696857801064445 0.2487610170370167 111
0.26828304815639153 0.23776450638142985 111
0.2707921424612781 0.23503315383515808 111
0.27541279355624326 0.24203970753249776 111
0.26898796032174066 0.2588147790671158 111
0.2779857452501411 0.2732890431390352 111
0.27143276857075316 0.24223581934218938 111
0.27205364559682643 0.2560162511568216 111
0.27307308278105713 0.26945973596321504 111
0.2741154486628235 0.28655710737674844 111
0.2738516035063393 0.2696146955083952 111
0.2771026280952033 0.2694372913466688 111
0.2833785504311858 0.267011331922442 111
0.27599225319518894 0.26699355551323856 111
0.27893769680191005 0.23714002445590215 111
