training...
0.30354205957242464 0.23466810036500863 99
0.32431133255048217 0.27872802602897645 99
0.3583288754730012 0.33568523599900735 99
0.3851381231575727 0.3683955682853997 99
0.37297018297572887 0.33396884384372144 99
0.3944066073558667 0.36274099218255 99
0.40987509706498026 0.38766938255984645 99
0.40703260923383405 0.371353293497792 99
0.4118600593723399 0.3629561324152213 99
0.42395090067034413 0.40519566717983085 99
0.4178591864340494 0.3916808669487536 99
0.419129839432798 0.38542410886287604 99
0.4259574431580041 0.388673635225477 99
0.4244713001020346 0.42129707811446443 99
0.4361169141297968 0.4133871889023098 99
0.4369459010110119 0.4087427771741198 99
0.437169598371447 0.42843271399223537 99
0.4354230171010339 0.4001193703136777 99
0.43713664097770116 0.43639774729356606 99
0.433885861933588 0.3690375672414376 99
0.4473607924813282 0.4140356461236939 99
0.44121728263694293 0.42332718719956464 99
0.43813233561095216 0.4123451726460099 99
0.4499993168993304 0.42685040663666013 99
0.44560329089334905 0.42035663597171213 99
0.4407841920204117 0.43114055170307763 99
0.4440763982525246 0.43824366150676053 99
0.44809985493924853 0.4077273905402827 99
0.4483324395401648 0.41381780402939167 99
0.4438860109507368 0.42420646709862597 99
0.4421045098284565 0.41761101303424597 99
0.4538412431129375 0.426462446179067 99
0.4422669664180623 0.3985210935254492 99
0.434925707606381 0.3803380900395499 99
0.441959853404375 0.40730492535666746 99
0.4527585822897205 0.4270495573398486 99
0.45082878978487156 0.4323839858498793 99
0.45112719357303677 0.42947967405788323 99
0.4649675459248175 0.4328694185160436 99
0.45453294448640164 0.3982593143295294 99
