training...
0.17072476601164693 0.1222381052628204 111
0.21658654394880036 0.18781775769717232 111
0.23994205489871626 0.2034747934849625 111
0.2598991208714078 0.22930541810588093 111
0.2707283568107521 0.26880488542659037 111
0.274138960481996 0.2625467402207781 111
0.27705881028955553 0.2746983159762737 111
0.2872775631918018 0.26922323372369483 111
0.2843392584744889 0.317229601350302 111
0.2839237301561467 0.2958675546545467 111
0.2966566251579423 0.2965133626279526 111
0.28796577488673114 0.300247786763112 111
0.30302920344108614 0.3225732488668692 111
0.29335115711600546 0.2997508896989102 111
0.3023527702287162 0.29808172249502174 111
0.30158981931321543 0.3007861266205376 111
0.2928777541525948 0.2799432440567354 111
0.30466546337285944 0.2844963804200404 111
0.30008214432756414 0.28935209187984734 111
0.29680024918979064 0.29109227656664566 111
