training...
0.1661847717769489 0.10233827884314728 111
0.21634034619115552 0.1927685576411967 111
0.240135527769292 0.20615090722064228 111
0.2631174576542834 0.25834657805511085 111
0.2647196042959937 0.24131642498260064 111
0.2657085456093329 0.2678190460642849 111
0.2716983340455319 0.2684334773625101 111
0.2811319765992992 0.2862408470777567 111
0.27745659205794715 0.26017974129538385 111
0.28584665935038184 0.29472999485025336 111
0.2898428314477285 0.2971972367928761 111
0.2873779721808444 0.2573174198805049 111
0.2963348867280758 0.29382475641930084 111
0.29442176768274686 0.30599242162009627 111
0.30303348524886675 0.31718947792719715 111
0.29394300457300654 0.29215956031934776 111
0.2928629688257364 0.28686461073514874 111
0.30772447009265247 0.3109932047864014 111
0.30056798017656106 0.2903763922625858 111
0.29918812411977913 0.28108295911594655 111
