training...
0.09813387578468147 0.04682348299644965 111
0.15580533687608278 0.1003594758370751 111
0.17584508781215358 0.13734455976213072 111
0.1989111366427396 0.18342950174706696 111
0.2156113561257451 0.1995261388367175 111
0.21111452412836734 0.19565143095310777 111
0.20902092908265815 0.192125014002186 111
0.22870968645095235 0.2057346767481973 111
0.23326494557016705 0.22272716895235672 111
0.23544383315894327 0.2195562520475443 111
0.23414791763214135 0.21928487372890695 111
0.23808242558082368 0.23003122590068445 111
0.2436334085271396 0.24038193666213536 111
0.2488243960321479 0.2560239762564702 111
0.2456595155935604 0.23501230602514547 111
0.24606220949544477 0.23632694424590905 111
0.2502458216113619 0.24184232981167847 111
0.25643475492730544 0.2520216589233301 111
0.24781535861651263 0.2460834190836793 111
0.2606335981537216 0.2530206203904965 111
0.2585928939214029 0.2674043343574633 111
0.26421296501169794 0.2695838275162264 111
0.2561432715488628 0.26096845832007115 111
0.2556942650928764 0.24273004565795597 111
0.2637507300033712 0.2817263783363684 111
0.26268640721051856 0.2811484465903377 111
0.26371362340264437 0.25232993674623994 111
0.26539703477786253 0.29006253105890956 111
0.2689434922300775 0.27323588603439103 111
0.26236549808578447 0.24628913432957142 111
0.2675288827326739 0.25349963438925077 111
0.27070634326123616 0.26752655453130164 111
0.2639823570832615 0.25034017288964394 111
0.2708634621549646 0.2562281655417502 111
0.2681868672679652 0.26720578773989895 111
0.2770793911658822 0.27347323364040543 111
0.27684986738649514 0.27957637477488834 111
0.2737051471245842 0.2855420378599094 111
0.2707963988222473 0.2618780606053999 111
0.26913787193605804 0.2619791160788568 111
0.27305129832483854 0.26958740326499303 111
0.2716953524439826 0.2481999240759818 111
0.27578552478649215 0.2711216936193897 111
0.27404092572995614 0.27216342578810965 111
0.2694358350356472 0.254597361070003 111
0.27632578994925555 0.28522530154738224 111
0.2789211817103489 0.28135748797887933 111
0.2768898351076563 0.2846721557065396 111
0.27225130858774443 0.2738576899878104 111
0.27057766014656526 0.25843748914796943 111
0.2769119214732214 0.2765240085399257 111
0.27830945654775197 0.27030819622664903 111
0.276062581083565 0.26646851546488076 111
0.2750222015839588 0.26034414205611367 111
0.27410169301138276 0.26612319011163327 111
0.27898701219355276 0.2942337913477407 111
0.27981221755974184 0.2578204639678655 111
0.2827110673812631 0.28604967293634703 111
0.2824338457350413 0.27906119535992546 111
0.2759872396933224 0.27246428375335036 111
0.2788719693008767 0.2649753521665273 111
0.278267566214805 0.2598363387777122 111
0.2800290730075839 0.27426864928423084 111
0.28069954853312895 0.29117287102400385 111
0.27963089459910145 0.27591790896427965 111
0.28018438325956757 0.27090749122634616 111
0.281670203206487 0.2793552567033564 111
0.27973999569369085 0.2591213501223428 111
0.2811844513340275 0.26570462006953327 111
0.2792468224658016 0.2848352412955119 111
0.2804996285380969 0.268243700009781 111
0.28234594920582406 0.28008034697741374 111
0.2820335583052476 0.2829648625527323 111
0.2823853032250682 0.26694111111450575 111
0.28431194596388476 0.27527645870822254 111
0.2844577701086965 0.272462714423327 111
0.2875301378722982 0.27802800160809005 111
0.28231168273967455 0.26354744799867724 111
0.2874161988618287 0.2712620250620986 111
0.28203934776060263 0.2522462778884162 111
0.28541027915932154 0.2843112882694806 111
0.280717316757276 0.2733650931832986 111
0.28808942970989326 0.27588597056093056 111
0.28857191093600565 0.28371823165259236 111
0.2863305280057885 0.2751029249447415 111
0.29225519262774785 0.28085599106423675 111
0.280495234693961 0.2737195111682848 111
0.286597415354669 0.2703744383144926 111
0.29098573354908985 0.2691524579832885 111
0.2843904834239128 0.26405055164339863 111
0.2829546131096823 0.2611091343319405 111
0.28975812370413856 0.29490140958805977 111
0.28503049195814323 0.2680781587812674 111
0.2868279272565202 0.27152838399629164 111
0.2868905070024954 0.2546974130923606 111
0.2922405957494575 0.2833913516362735 111
0.2883669907802938 0.268490754691711 111
0.29037004813488004 0.2816688860861913 111
0.2914594843719151 0.27304204739182575 111
0.2890985577487324 0.27737300859406133 111
