training...
0.1748418998683755 0.12782147619189596 111
0.22389232110311602 0.18580784252156815 111
0.24858755592842977 0.2294466828449619 111
0.26423614361401315 0.2688791230765336 111
0.2675008560579576 0.2702036009721706 111
0.27573988494178464 0.2821665862503326 111
0.2739712644159341 0.2661248419135511 111
0.2766097170360036 0.2669408344051809 111
0.2798609632522404 0.2683298753180267 111
0.2921349650885772 0.2945578869861582 111
0.28407830026483455 0.2807072259275568 111
0.2866077666437778 0.27853819441041955 111
0.29857132906970074 0.2969004802101539 111
0.28733481537381983 0.2860647909461306 111
0.29873940503560337 0.29778584866645536 111
0.2941656524296488 0.28913616783138396 111
0.28780183737615495 0.28006657269201446 111
0.3042089238926475 0.286754195101675 111
0.2990368959243671 0.2972947398247339 111
0.29903538279764486 0.3238866790095815 111
