training...
0.17784196665319055 0.13988026480128155 111
0.2262694742130919 0.18397415262142916 111
0.25071256920714297 0.21896067348072626 111
0.27433531556937957 0.25265722210215635 111
0.27510604265891603 0.28122589192812664 111
0.2729727499907961 0.2604471885370315 111
0.2767599185124312 0.25612461368602857 111
0.2848178101479943 0.24588693100135153 111
0.26885915309787684 0.2378006077067205 111
0.28834206355600034 0.27866842727916763 111
0.29276803295337456 0.3118413355522513 111
0.2827326139978977 0.2756558456110743 111
0.2981682976697785 0.29761790970585256 111
0.2926676642089539 0.3097839014901258 111
0.298392849975483 0.29354298568518566 111
0.2907365324199493 0.2785792967183625 111
0.2831669693898081 0.2653373442906804 111
0.2980875779742584 0.29846835535493627 111
0.29728892572345494 0.2941946814962051 111
0.2965797650579312 0.29276240493742833 111
