training...
0.22271204751520923 0.15246197348568732 97
0.24615866377375903 0.20151721274052684 97
0.271844132668939 0.243943633135273 97
0.2882344337673648 0.24103506547854395 97
0.3137699911582466 0.2894262353345486 97
0.32502595724052996 0.3296757511956656 97
0.3351119301892117 0.32566589361571685 97
0.3516214883804998 0.33117957841727513 97
0.37490199531626717 0.36294167731488597 97
0.36897383513672816 0.36091642826332676 97
0.3690527147515813 0.36512503619869896 97
0.38154330982608137 0.3826876322268216 97
0.38649372846368285 0.3914966990738427 97
0.37416204622025645 0.3753333150801704 97
0.3912116279640017 0.37765285762817824 97
0.3964735786301323 0.38847311456781203 97
0.38496909181547556 0.3600572489331646 97
0.38103221476650645 0.38604963431520056 97
0.38907724981164404 0.3823224257458885 97
0.37539256536045806 0.38023884818526316 97
0.37140611242204813 0.32107555557048495 97
0.38695254920235905 0.3140287634456472 97
0.3690403331917332 0.3137642825127861 97
0.38638110034672163 0.3606673007609351 97
0.3670573983062515 0.307798942419679 97
0.37394471793662176 0.2987246053101879 97
0.3773887657688685 0.3438574827319413 97
0.3725295451806041 0.3385040752149527 97
0.3794118376264809 0.3460890216077695 97
0.36434788585281297 0.29070514386076934 97
0.37502230927077285 0.3188759544273981 97
0.38523227683171607 0.32014071961709367 97
0.36838989601535677 0.3136545330150091 97
0.3840735602383686 0.34714009251754185 97
0.3895609195159775 0.3704742024354719 97
0.38409072282894013 0.3613425020149604 97
0.3711307665926431 0.36885285547787194 97
0.3848728161267747 0.3525745028098408 97
0.3717446415859409 0.35123678232099115 97
0.38097259607689715 0.3414931757354853 97
