training...
0.3835379771350374 0.30591071408969206 100
0.4253496629559872 0.40546435313812484 100
0.4381555484710395 0.3864055941573299 100
0.45385458411792656 0.4336397621428525 100
0.46436170230022644 0.44734078354045687 100
0.46952198037828485 0.4669786990599388 100
0.4658098337703707 0.47077968649862795 100
0.4683999252251153 0.48861365946791757 100
0.46880340871939974 0.47722772046391737 100
0.4711550370871311 0.4849714552448245 100
0.47676202159285164 0.48758810375319594 100
0.47316846931704154 0.47556752735422286 100
0.4764340013416944 0.4709585525198511 100
0.47932475483814097 0.45290707935231056 100
0.4787294459152372 0.479933535753592 100
0.4803555218119422 0.47264252476038393 100
0.47970838118023 0.48152670011733345 100
0.48086507467795697 0.47976883997481035 100
0.47781430177044565 0.4793127632919667 100
0.48040445693345374 0.47165156174475864 100
