training...
0.16234280205140927 0.1083662526837234 111
0.21493721195262594 0.1956976509366713 111
0.24725994214520902 0.23412973351461117 111
0.2606537688022733 0.24585208694075805 111
0.2660046044544335 0.2578217504923691 111
0.268764262679709 0.26102383666976275 111
0.2716395401348973 0.25008793923148853 111
0.28096170011242966 0.27693300230296136 111
0.2716233584207212 0.2471706773240808 111
0.27790159809931 0.2649293383214438 111
0.28634947136204797 0.2840530258224624 111
0.28336038642710104 0.2506229576716967 111
0.29333735533379063 0.2854539587758941 111
0.2926628222934568 0.3093710176799747 111
0.29116912792229965 0.30253903725263287 111
0.294137539272189 0.2897988415607756 111
0.2870365843428524 0.2895141188165426 111
0.2955365964741144 0.32074096016463927 111
0.29249863819399985 0.2870420957682464 111
0.296080372402369 0.29457039134199153 111
