training...
0.16655164296909855 0.12521243045331754 111
0.21443669614871252 0.181868426878383 111
0.24096777961966728 0.20903834926206172 111
0.2583703098810379 0.25907261073799565 111
0.26003198224211327 0.25848916076164463 111
0.27523969693099015 0.2791656813432848 111
0.26674488749778297 0.2651600175329707 111
0.28224902762894594 0.2843406719146612 111
0.2786791087751164 0.27894038777496355 111
0.28108777821755304 0.2675965729481709 111
0.29424647218564093 0.300583125888957 111
0.2839240330198134 0.27502684696999014 111
0.2940634801995455 0.3069115764753032 111
0.2914605205669274 0.28462420654438036 111
0.29602151662110715 0.3055251882363895 111
0.2929584803505424 0.2773964253251347 111
0.2934829407235944 0.29972114825912427 111
0.3019939148033311 0.29775511612155015 111
0.29619120392265724 0.29427764438250303 111
0.2938439888041044 0.3014613172721746 111
