training...
0.06825716983077676 0.01605784485913032 111
0.08956154695139712 0.03752606708343939 111
0.11123357012624267 0.06035749508535253 111
0.1096961758222634 0.05857882623594125 111
0.1307793825272375 0.0774149715322612 111
0.16563093845360996 0.11214734047714793 111
0.16985490623159671 0.11683013484085696 111
0.19612432742201807 0.15339598891897063 111
0.20336484910125618 0.1693867242302138 111
0.2098839812716924 0.18049140885386675 111
0.22130480869352107 0.1869408981617423 111
0.21597358267346056 0.20278864586760542 111
0.21678273925678337 0.1882470358245616 111
0.22880683872527857 0.21514552406398918 111
0.22831372093650742 0.20432754729747304 111
0.23018399662425393 0.2140774927876854 111
0.2356968228220349 0.20557475436052486 111
0.22830848979265425 0.1940753541179659 111
0.23883200892129575 0.21755669426278748 111
0.24076561268262542 0.2094643596396612 111
0.24317191518135903 0.22281535965275676 111
0.24279181173794404 0.22732900021116526 111
0.24470661776959407 0.22775512496772193 111
0.23317521963462215 0.21625457510399188 111
0.2458519542040933 0.22399185632308782 111
0.248699397924251 0.23329515578932317 111
0.24060066758564022 0.22233761425976112 111
0.2507271845462707 0.23515744600577965 111
0.2521089492957544 0.2546662717017946 111
0.2506317560423498 0.23854185228665292 111
0.2558246705387166 0.24203251790318975 111
0.2533599299996223 0.24531318028876198 111
0.25697464359541494 0.2306974637993385 111
0.25690751845312104 0.24604360431335612 111
0.2566263483866918 0.24231490624248617 111
0.25922311256931274 0.2553297201754738 111
0.2580148658620364 0.24181123333954718 111
0.2620346054172268 0.26398433945894173 111
0.2543209434632932 0.2254804578976865 111
0.2554220828982452 0.2189704340715261 111
0.2616884401397853 0.2556405812419865 111
0.26857916237448115 0.2681856759769553 111
0.26385571942689573 0.25758577998914867 111
0.2628720075959697 0.2386682123989727 111
0.26618611197180664 0.26010496462486715 111
0.2680949043543537 0.27052012107558676 111
0.26638170729662386 0.23826079520347873 111
0.2683949987996346 0.2568196534497068 111
0.2636851394562848 0.27299691545867244 111
0.2676835097705084 0.2687709897079354 111
0.2656816472851186 0.27471097335663575 111
0.27247994656784424 0.2649524792075481 111
0.271191620133113 0.28718203958932853 111
0.27224653630560897 0.2911514521354879 111
0.2656407513418327 0.2608725645829445 111
0.27027480567804696 0.2835951273151693 111
0.26729501722428517 0.2718662426673447 111
0.273295486249595 0.24866241655288304 111
0.26646456627530934 0.26085939206726777 111
0.2675609294346422 0.26535199055663683 111
0.27150100028023205 0.25939406511056584 111
0.27001189245633633 0.2764949222565596 111
0.26858540317668794 0.2511214099918415 111
0.27002922892637665 0.2778321464027564 111
0.27213723570954085 0.27876375120285457 111
0.2762954672724602 0.2794119201277679 111
0.27133399442817097 0.26952871875332907 111
0.26797496124572995 0.23851265197934848 111
0.2704329804708989 0.26394030653746037 111
0.27060743021052636 0.24765192635527994 111
0.27541827062503776 0.2917879555563755 111
0.2693569654475675 0.2737018063793666 111
0.2806453636758292 0.2915937147124049 111
0.2773210000187562 0.289406486473434 111
0.2743199721089169 0.28163584224535565 111
0.276992281520454 0.268323459537177 111
0.2715760866530643 0.26491044933099595 111
0.27132769872291773 0.2743714728878892 111
0.2760288519711354 0.26918341407100943 111
0.27397724459104295 0.2633798905152611 111
0.27717683322614584 0.27565314623040227 111
0.27299871385808 0.2842698800150366 111
0.2729818878215018 0.27024562813598696 111
0.2775060571823761 0.2780817219790861 111
0.2691127445938541 0.25182036724568124 111
0.27808788398586753 0.2867204928977406 111
0.2744406482913818 0.26372933204719606 111
0.27512599433109663 0.2792978710507858 111
0.2748749863029962 0.2748704242722632 111
0.27479386159211305 0.2574235645262072 111
0.27776122379613194 0.28250997857589416 111
0.27502885849900255 0.26935100136424567 111
0.2696461514437743 0.26321341725088304 111
0.27929152118062034 0.28417746453531845 111
0.27950797910614866 0.2808558307616995 111
0.27736136528729916 0.24528030465193007 111
0.2813861611185283 0.28371466654902494 111
0.27848439832940686 0.25316996955293447 111
0.27602862075385026 0.27675248143457853 111
0.2804167383526887 0.2737780528540734 111
