training...
0.2535185554905756 0.1729695285291057 97
0.2658521811520521 0.20107698966435908 97
0.28620497948372015 0.2151495912152232 97
0.30728641667130907 0.2597716040831697 97
0.31988853827153896 0.2927413856266017 97
0.33517112409701794 0.31938668211090687 97
0.34689674434172885 0.29066711485672975 97
0.35993979508500856 0.3295899807341703 97
0.3634172511553321 0.33362587688975465 97
0.3645204992391172 0.3546312393754914 97
0.37697801968656264 0.376617054204472 97
0.38793135827522607 0.40868362293489435 97
0.3921206395238035 0.3873487725623344 97
0.4008376217125671 0.39742731422295646 97
0.39577266232310465 0.3733921255785716 97
0.40380461133765744 0.37100496477033634 97
0.4044702657871344 0.3906453847190425 97
0.41667004729618956 0.3872909843653983 97
0.4056151628556509 0.38427796673459985 97
0.40988172926089017 0.4084703229630602 97
0.4072038143846802 0.3719022367673643 97
0.4114881820882439 0.3717044309672537 97
0.4193549849149765 0.3951325124513343 97
0.41702491324254803 0.4041817334844659 97
0.4203143248755215 0.42080725922379864 97
0.401021913611795 0.36994767858976657 97
0.4212757400581941 0.4164058479659463 97
0.41766693559116375 0.42496722435465506 97
0.41814607152318234 0.38415935383331445 97
0.42333542869357665 0.3983564468545356 97
0.4037774292836915 0.3874102197946255 97
0.4160027974746578 0.3757271921161071 97
0.42141846222960727 0.3527535668534985 97
0.42435080177685397 0.3786900530537865 97
0.4241987207557429 0.40251473989642944 97
0.39616912885260325 0.3822195775909962 97
0.41907747742448326 0.38592247258253604 97
0.3989104767530439 0.3512861117731187 97
0.4122862542627386 0.36719314799073793 97
0.41758536907693244 0.37521930703671613 97
