training...
0.3023946113796546 0.2268156179924206 99
0.33138244595507166 0.28815064843136756 99
0.3531666486854022 0.3032161702883945 99
0.35600712390985895 0.2773314673106068 99
0.37658931566639936 0.2822671945361803 99
0.3835911923353731 0.34774788420191327 99
0.3841392539689332 0.3243705687961751 99
0.3891995245947917 0.3481038286400066 99
0.39970928384001836 0.3679706926736221 99
0.4102547648344074 0.3807762181290059 99
0.4080259850634541 0.36391045106392894 99
0.4115330022844026 0.38226397690373165 99
0.41591873332650575 0.38985222143987236 99
0.41527104670756104 0.3498860075626521 99
0.41867304192265725 0.37907945651761715 99
0.42227304053183373 0.4391894927352756 99
0.4170116432256465 0.3578794771710287 99
0.42798579694319305 0.3971811209142111 99
0.42081889758095337 0.36981492526130527 99
0.4244990253403411 0.3743003322832138 99
0.4303726115772442 0.35463716406448115 99
0.4240130673396809 0.33894067427567237 99
0.4271289702905603 0.3723971266602765 99
0.44482936800857814 0.4093283226434886 99
0.443082955456729 0.4003519869369945 99
0.4371890720664238 0.4069608302179489 99
0.4270703454459639 0.3434383008563694 99
0.4333703730483007 0.42204922841763476 99
0.4393421809559702 0.41666585500211495 99
0.4428857924332477 0.3801903272596759 99
0.43389072230530623 0.3924950023368775 99
0.4391790288115861 0.40719354999941004 99
0.43496666750201796 0.3995522678269762 99
0.4287921585762568 0.3753373789825346 99
0.42923806168816364 0.3880731825969605 99
0.43433633251971243 0.3773475328938584 99
0.43761423282661427 0.4021046329869861 99
0.44250654585283206 0.41112876167471896 99
0.42448536460040714 0.3518664360883069 99
0.44037843627563006 0.38944832101484156 99
