training...
0.07392021967873394 0.020834203477764796 111
0.09865981797888038 0.045728570655233676 111
0.09375504028950853 0.034266859123481236 111
0.10486447699520855 0.04332010370066296 111
0.11318734423708865 0.05973555536276771 111
0.16327495115900642 0.10774105320317526 111
0.16886040819987963 0.11851028094769893 111
0.18590086769945458 0.14781408840875684 111
0.2080685734880545 0.18861931985229155 111
0.20213210946330906 0.15960714924636124 111
0.2109064363687899 0.18403187823697637 111
0.2233879831702056 0.18809439740245404 111
0.2238654565546129 0.19922188439645783 111
0.21766335980732723 0.1849592382335164 111
0.22969784585178626 0.2131735885941575 111
0.23369268976203267 0.20639495793575574 111
0.23661345010939688 0.21350705629981634 111
0.2373951758197237 0.21072436171032763 111
0.23866795579386932 0.22792384457290876 111
0.240757016241622 0.21244572643285328 111
0.24445534895665044 0.20973458730001707 111
0.24388640184677318 0.22991737589714417 111
0.2434795886625492 0.2285060660310712 111
0.251088078529999 0.24631742717359756 111
0.25238477779034035 0.22675088387925765 111
0.25311548389264044 0.2413832994248335 111
0.2524931945461318 0.24334240482014022 111
0.25941454743611503 0.25121342796023216 111
0.26072770100960163 0.25927616357237293 111
0.24931650835808594 0.23465317348443052 111
0.2596353829521788 0.2552930207049734 111
0.26477624113096004 0.2529553555066148 111
0.2607586540422991 0.24550163789958138 111
0.2636158716996713 0.25602755702021807 111
0.26264580072898847 0.2575812832036805 111
0.259738825365322 0.2588887936127148 111
0.26516129366663693 0.2575851262714124 111
0.2693079506148763 0.27469424603926723 111
0.26127588455657774 0.26324178753694916 111
0.26694840621423194 0.264869591992824 111
0.2612592007042132 0.2699550249722368 111
0.26293096297643187 0.27099633644052384 111
0.2646722614331782 0.2433014666599855 111
0.26810117593912075 0.249632934214276 111
0.26179396543073535 0.2440563797805853 111
0.27450399477746196 0.26980061494462637 111
0.2703764315761597 0.2588145353206206 111
0.2675875771315339 0.2598778403762818 111
0.2647825572656814 0.2717170359228915 111
0.27064170189809783 0.27328175965756996 111
0.26760141483429645 0.26060791024631996 111
0.2721668510951341 0.27788978400451037 111
0.2738716839850462 0.2711708819467364 111
0.27277210764966126 0.27049786321498315 111
0.2620086504431045 0.27193714200383146 111
0.27521574151542194 0.2834463968144457 111
0.277162112658357 0.2661653416251833 111
0.2721521374626064 0.26179200812871595 111
0.2736639635317406 0.25802257693095026 111
0.27497753147369547 0.2811025208079488 111
0.2736761113559821 0.24978258980847998 111
0.2742055126978068 0.2470834274377355 111
0.2730655223684859 0.24755655864948145 111
0.27511402709800853 0.271278324064908 111
0.271163088306657 0.26340106902914956 111
0.271447989582859 0.26169477412350356 111
0.27991975929905616 0.27900321317510274 111
0.2758441184716786 0.2751951864349108 111
0.27413704717664233 0.2690551822498346 111
0.27110801537743545 0.2633501417887508 111
0.2760201062429474 0.2661428866824109 111
0.27481709631054113 0.2617751090180341 111
0.27805237319412307 0.2541544048240395 111
0.27921890026890867 0.26469563696849097 111
0.2845167316382167 0.2900598296534391 111
0.27692080239813655 0.2833406141627649 111
0.27696945658025135 0.27958574214511583 111
0.275649575428666 0.27144718751343483 111
0.275049921792032 0.277213824268235 111
0.2828575672453759 0.2652870155738569 111
0.27862181010911785 0.28834529574317735 111
0.2698188637615783 0.26026121814204267 111
0.27713109514866324 0.28011758938095005 111
0.27501101413970414 0.26418411742712383 111
0.2816443349174701 0.28009188709998617 111
0.27859804776479474 0.26550949204659346 111
0.27720202729702514 0.28123443141517235 111
0.27479527929841707 0.2655315922064805 111
0.27625344360321424 0.26906180847608263 111
0.279358811372494 0.2584656766690788 111
0.27410419409893994 0.24863822638655733 111
0.27848657414107203 0.2812816182125227 111
0.27440353889320057 0.25932562604245024 111
0.2754919272000915 0.274536133975419 111
0.2787392151832163 0.2751896511810083 111
0.27307867193729474 0.23683896592609321 111
0.26884088297178155 0.2754150426012864 111
0.28310503829056394 0.2695926498311606 111
0.27502573905056 0.2749247573446319 111
0.27539500885608226 0.26716754143679905 111
