training...
0.2916943353857412 0.20163949972222653 99
0.33796568766587454 0.29633990585444137 99
0.35626299656437466 0.31630259588531484 99
0.37123643400296086 0.3160256467613569 99
0.3788107362455127 0.3374363533141986 99
0.39222638299862744 0.3335735280732806 99
0.3978645639972416 0.3497683290466409 99
0.4025095243561247 0.3778086130754863 99
0.41347435430347373 0.3724605023643169 99
0.411790691701337 0.36151918881857986 99
0.4181240537903439 0.39697145934597006 99
0.4227320604213132 0.3967689020170553 99
0.41821140847537924 0.37867296412964546 99
0.42490065489124 0.4012645773094724 99
0.43438049455521444 0.3996502884800758 99
0.4322178434272606 0.38170342512767014 99
0.4427140760494691 0.40890369948608735 99
0.43397170795448153 0.3969286608382862 99
0.427633880854308 0.38781784587534185 99
0.43919399994793923 0.4220665237389836 99
0.42971778323852283 0.39993805208302496 99
0.434224199148996 0.3929588872736589 99
0.43592672561711654 0.3892659440208458 99
0.44148368983953107 0.39242720605771336 99
0.4386813403352255 0.3974159614527969 99
0.433097360981544 0.4079126013084207 99
0.44163560023013315 0.4122278621232846 99
0.4462634477355134 0.40453783303012664 99
0.45065854211266293 0.41221894713124535 99
0.44504161548843607 0.38387608531071565 99
0.4438374263831528 0.4292785249396229 99
0.4417651048340643 0.42077716589151903 99
0.44426507885626193 0.40879315863052523 99
0.42865247180684474 0.3854395042876298 99
0.44318071940982307 0.3850802016255584 99
0.4442231093995566 0.41441150066733057 99
0.4433765327792309 0.39279445825064563 99
0.4402056820869223 0.41366113166094703 99
0.44972607105314066 0.4250191788185578 99
0.44198422765103906 0.3782909182388778 99
