training...
0.23437959481816603 0.12307839468903975 96
0.24893241364305574 0.12689220990877612 96
0.2803517693458537 0.17897644844144456 96
0.2959414630549217 0.18893070864156775 96
0.3025662466203524 0.20510118391325788 96
0.32931019984218635 0.25518664959715676 96
0.3333257838978416 0.2287992853245857 96
0.34838241382601404 0.29954717758315685 96
0.35669526634801846 0.2720634887602406 96
0.3482830524237457 0.32565968399634654 96
0.36151304693085423 0.2920517694806998 96
0.36873222094350105 0.3149624405798416 96
0.37885436060363037 0.36070561670901613 96
0.38514800547493583 0.3622964472518455 96
0.38257167040145523 0.38721083204184037 96
0.3827490127390101 0.36662602292279634 96
0.3973222449627413 0.38032782278075605 96
0.38499561932967835 0.36753188265913783 96
0.3885007767081811 0.3551740211215927 96
0.4077762345559204 0.38505418424662674 96
0.39924508572819367 0.3766397864971267 96
0.40736893671592034 0.3718278940932335 96
0.4163174701961137 0.40544926189298736 96
0.4124828640735876 0.4049229285977429 96
0.40973502949848545 0.39241188074979944 96
0.41246793451495845 0.37710249675744656 96
0.4211989794743059 0.4075886309658083 96
0.41177505629729944 0.3839931321484228 96
0.4162618278260865 0.4243611722728584 96
0.40986094383856714 0.3950178304765293 96
0.4206239120890392 0.42538444626670463 96
0.42586497830271336 0.4080318074039562 96
0.4243903024028575 0.42283214695846183 96
0.4240487598348583 0.3977905114345138 96
0.42553302351346045 0.3970691869456075 96
0.418671557422232 0.3997273593147812 96
0.4207998660770527 0.38820371770983225 96
0.43385654996167494 0.42421248522516997 96
0.421383248829865 0.40094290504827335 96
0.4257205392944392 0.3870873622267205 96
