training...
0.17018500617074642 0.13626882047456984 111
0.22971727276196896 0.18365057567070064 111
0.24930343373672667 0.22567724610690487 111
0.2731795180614023 0.2688817615380303 111
0.2819320781649349 0.27342475304695835 111
0.27510567308199874 0.2612501748981358 111
0.27994600276344733 0.2684930775209372 111
0.2843835738202102 0.25660046827908434 111
0.27374359995169156 0.2339301171467637 111
0.2872787255876666 0.2892508603379118 111
0.2882860030278007 0.27757505833765733 111
0.2905107770249738 0.28346605101267486 111
0.3019780084631659 0.2893224489375181 111
