training...
0.22178037530657638 0.09815782949954188 96
0.25367300866469833 0.15158466388793906 96
0.2727803443261781 0.1889346252633305 96
0.30769824767544457 0.19390948400848032 96
0.3126986533643779 0.2469181687030345 96
0.3254807072704566 0.2395266368828051 96
0.33770461134616586 0.27492527552746504 96
0.3496742635764452 0.3149999549926944 96
0.35962907852904946 0.3256936280356243 96
0.36342629297988066 0.3291908538074996 96
0.36518678385095055 0.32998824130512083 96
0.38036816381671074 0.32421609642233323 96
0.3925265816925864 0.3512821710861499 96
0.39545915308774887 0.39118048130714245 96
0.39367248744063527 0.3780601511761418 96
0.40430703268481455 0.4026159498287274 96
0.40250806999764 0.40365113927206353 96
0.3979506760838379 0.38760256167337076 96
0.4067364957772494 0.3892341584570526 96
0.40478905516213776 0.39995007427800083 96
0.40545079329864514 0.4136297288975932 96
0.4081654414549754 0.3856272479088733 96
0.420989140783188 0.433744994671463 96
0.42972508901575807 0.4541280349738167 96
0.4143777086791691 0.42993232109314095 96
0.41779879324119823 0.40638824237591176 96
0.4135665532837794 0.4112983107958187 96
0.4133419188071176 0.39737547797163764 96
0.41925197038674594 0.40304798059581975 96
0.41815087940352474 0.4272421486959498 96
0.42323288699429146 0.44410448264286506 96
0.4205005146212903 0.4042021033967662 96
0.4160670985064887 0.4112386236979264 96
0.40607494505607944 0.38315626557407256 96
0.4180534969836658 0.38700838818089756 96
0.42693058177458904 0.4359769680280231 96
0.42591655443626175 0.4340238078250039 96
0.41512128959651323 0.4076750049801774 96
0.42586750538186074 0.3992821777083262 96
0.42987429846360364 0.4152190030367834 96
