Prediction:
752640, 0.11852925835013058
972801, 0.09914498592218124
737284, 0.14341561380101917
1528837, 0.3638029105534542
954885, 0.7308687020249621
1527823, 0.8421815811108792
1640977, 0.38150116315371957
157713, 0.7890426116542386
1285138, 0.23801593026592094
1437208, 0.545588209150887
1349151, 0.4373769138360033
1592870, 0.536561494029898
93228, 0.09233924427709936
465460, 0.49907446813170125
954934, 0.8400656388521774
84556, 0.3813951146685547
1567308, 0.6708841334266414
1577550, 0.27226554786394264
1285709, 0.9423824676638064
654928, 0.6046325914258491
620647, 0.295020083464079
864364, 0.2793072326203985
575603, 0.33913499749913956
1280627, 0.19794618418712479
688257, 0.0033629717852022246
1443970, 0.7067148155050729
1527947, 0.0001358024652228534
737424, 0.18868616906110566
201877, 0.18321326001654556
1457820, 0.4694666007285358
603293, 0.2286782214914825
809120, 0.6853657189764407
883875, 0.27869024884755683
1641128, 0.3293201006353113
1534634, 0.9666778510508409
1641655, 0.8014191652666045
955073, 0.7803750380828234
954571, 0.9040644171207399
736971, 0.050017173046936564
577227, 0.4697705388552386
45264, 0.9772935232397251
455393, 0.00012899906662126588
728290, 0.4013540473070288
688357, 0.12906626840647806
1301747, 0.5124211588707297
105205, 0.7813259358926378
865015, 0.7419986120840829
665348, 0.2771323175738817
820998, 0.27785415762448284
759559, 0.011827068950527693
1301769, 0.13626257806670447
609034, 0.12368872127243291
80649, 0.357871203542027
1641240, 0.31259736886029027
965916, 0.6222500442959633
34078, 0.026725349296514857
1470241, 0.19063763939577602
1348900, 0.4621077473712463
333106, 0.02299985907483504
1527607, 0.4130774819238165
954703, 0.898457698976179
1641298, 0.757701741253535
1641300, 0.12201451343995297
727385, 0.15012769702534068
304989, 0.6122322161008906
981861, 0.9832310121653831
212325, 0.48745240925021077
756584, 0.49543633082584354
331630, 0.32265194519871254
473976, 0.830519287726337
63356, 0.6035446429522541
51590, 0.12409205916855608
1640328, 0.9635040477277296
954762, 0.7902832726533942
1642379, 0.9377278734349257
1527698, 0.26519357708112623
1527704, 0.18325108247232638
543133, 0.9766023069446668
954781, 0.7940908075609124
1301405, 0.23196529997230603
619939, 0.8670117005108618
605612, 0.37278253637101305
585134, 0.7473864432174713
1433006, 0.5668921749584124
934321, 0.8007444016092145
1642435, 0.3426339091988793
1637320, 0.3478250274759632
936907, 0.3222328225343621
54735, 0.1322948151373675
70610, 0.24201725536903956
1508820, 0.402180245395104
1292758, 0.6016373028408344
104407, 0.9832579238647967
992729, 0.14255296649703572
199642, 0.3086491416254204
160234, 0.5095185088812267
1528304, 0.06645359358534313
629753, 0.47737989583397356
931327, 0.030871730276500278
