Prediction:
752640, 0.5072302320973965
972801, 0.2617810693119378
737284, 0.2552212745939333
1528837, 0.34105863108162926
954885, 0.6292374770979663
1527823, 0.976714224659949
1640977, 0.39313521438196664
157713, 0.7573369301345871
1285138, 0.21585404291351762
1437208, 0.37562984108392194
1349151, 0.4656271101487838
1592870, 0.7062550704673766
93228, 0.026180014845884975
465460, 0.5401936566970569
954934, 0.8239316225278568
84556, 0.46362453325030684
1567308, 0.80933304723051
1577550, 0.10434115862408198
1285709, 0.9501414415414439
654928, 0.6567061822558161
620647, 0.31341291925500764
864364, 0.3505558527960246
575603, 0.2680066216113858
1280627, 0.14949453567199117
688257, 0.014083801607115533
1443970, 0.6535210725669561
1527947, 0.0005815253565869727
737424, 0.10621481584307495
201877, 0.20601882535553961
1457820, 0.6604177706015235
603293, 0.1036249671920706
809120, 0.5801457565890158
883875, 0.09957475890787357
1641128, 0.3901435989969764
1534634, 0.9705168161527169
1641655, 0.8331502640126017
955073, 0.8226412926775157
954571, 0.9039224092429484
736971, 0.07160550300069456
577227, 0.44645352725252496
45264, 0.9388676839970507
455393, 0.09104033513903387
728290, 0.15759851192837362
688357, 0.17805291975204712
1301747, 0.3436728413189381
105205, 0.8012660831370726
865015, 0.8593929022013952
665348, 0.7648005792416454
820998, 0.18515248512827268
759559, 0.013430746828272007
1301769, 0.02704389713768304
609034, 0.4333330138602472
80649, 0.2290756759273123
1641240, 0.34916135048953095
965916, 0.5905673345508796
34078, 0.01601477061136998
1470241, 0.2377411426774858
1348900, 0.7475313240313283
333106, 0.03138121681346061
1527607, 0.3982593143295294
954703, 0.9295526135281166
1641298, 0.6379909287894016
1641300, 0.07227431048074442
727385, 0.2101434356544708
304989, 0.4743925165154248
981861, 0.9791428460784192
212325, 0.02613839710167424
756584, 0.386596483284634
331630, 0.4334030428663375
473976, 0.6116686945191037
63356, 0.639718604173475
51590, 0.007231115236548897
1640328, 0.9635482139635448
954762, 0.7766769026868848
1642379, 0.9433840225319725
1527698, 0.231541221805735
1527704, 0.17980280595954073
543133, 0.9749708591116124
954781, 0.7906017384792764
1301405, 0.23570034743278573
619939, 0.8867679251505146
605612, 0.4951804653144475
585134, 0.8170677439595863
1433006, 0.4976436701192277
934321, 0.642330083779315
1642435, 0.2670362128036653
1637320, 0.46100852634545514
936907, 0.6804162004089399
54735, 0.1645011161003515
70610, 0.1290902726928267
1508820, 0.3557986116709312
1292758, 0.8509565150739495
104407, 0.9668412926399385
992729, 0.28716647935641487
199642, 0.39788104519744816
160234, 0.3805740905567654
1528304, 0.06980709518295267
629753, 0.544559485991297
931327, 0.002652032873031285
