Prediction:
688643, 0.09949718827387496
159749, 0.028703641670019105
688645, 0.1210537254702317
1527820, 0.09816652466227077
539663, 0.9152312682639432
303638, 0.6950939437495551
330271, 0.027703331983463933
954399, 0.7705278668580202
70695, 0.92830818357217
1295917, 0.59949780925859
1642542, 0.8957774478457988
1527862, 0.9884072685468047
1528890, 0.4252279347009732
200254, 0.7060989984821125
540741, 0.5796033643373838
761928, 0.118774551387492
688201, 0.6611998941425439
37966, 0.03140305275418138
1537108, 0.02710265652596914
336476, 0.7157233387431534
511069, 0.5850570413438855
1301599, 0.1870845355133548
1528416, 0.06445002989618277
206959, 0.2637307727815138
478840, 0.24293602020618932
1503357, 0.6455950393655907
1642117, 0.055761186210603116
1536654, 0.3102184561932921
688274, 0.4927579119606408
1527963, 0.1896293272431103
688288, 0.02773658523729625
688293, 0.004802303178187297
688816, 0.008391695153626843
745138, 0.005472854863612489
438974, 0.39761157690489873
88771, 0.4886092177412025
459971, 0.7770925754353141
714443, 0.24683596864992036
1289425, 0.2190309812379173
1284820, 0.043442422203191874
954602, 0.8606409381804543
954604, 0.9143827202121303
208118, 0.3219586057360256
198910, 0.0018997824161898396
809216, 0.35159874768361915
610565, 0.04216582123596024
1528071, 0.29217402648741514
453897, 0.687683731290312
770827, 0.3141885226679912
216843, 0.42317844305967023
828171, 0.1775540472405551
306447, 0.6543914075375542
562451, 0.06354350047603632
1642271, 0.409496733392706
1528097, 0.5627283614997872
28965, 0.7565869710256999
367910, 0.8762085803504192
1642296, 0.7139158638169886
1528125, 0.41867332167740623
1528145, 0.09884499257367539
1555281, 0.28293066571351505
49489, 0.9467446760398764
493905, 0.3308027855757608
876885, 0.053321616507469125
1290079, 0.739472417077626
468834, 0.29224550873827315
1528677, 0.014812875352204323
756582, 0.7880754991832892
1338728, 0.6978006119426119
1528170, 0.3548508953877063
845165, 0.0032682494635243317
1528696, 0.4376667490152494
617338, 0.7629248722245625
1301888, 0.061848740088488
102785, 0.0019513222269473625
1527682, 0.42381953511222004
940424, 0.12379035959059655
1528724, 0.046712277253552384
809380, 0.34927486072401764
1446827, 0.07580541071325006
864186, 0.7661472712656756
1291714, 0.646248461737184
642499, 0.06298579760807729
688586, 0.8783745943747243
32721, 0.38661160907339204
954834, 0.6397591939665773
1536468, 0.38441646838074983
688598, 0.3305760737288314
1556442, 0.042643586907241265
901084, 0.7021281934333284
954845, 0.9162791695550558
1527780, 0.005160119748067464
1640932, 0.30438509004925035
477677, 0.00010642025220415264
829947, 0.6192615014101032
1528829, 0.3697169005435363
