Prediction:
752640, 0.3183594063080243
972801, 0.2851370202870552
737284, 0.3324798037204815
1528837, 0.3811569877737244
954885, 0.679480024635008
1527823, 0.930562100616391
1640977, 0.38239156021789006
157713, 0.8240557972573678
1285138, 0.034194526544118475
1437208, 0.25681361056511487
1349151, 0.33904435338876726
1592870, 0.1432512370864668
93228, 0.02568262962810164
465460, 0.40679064589097724
954934, 0.8352687153028225
84556, 0.503377885710426
1567308, 0.5724811275839146
1577550, 0.020104788809688547
1285709, 0.9322215510740597
654928, 0.5837559741455307
620647, 0.314167635247052
864364, 0.07767414935534854
575603, 0.20171921360276052
1280627, 0.08171909215294859
688257, 0.03829928198046724
1443970, 0.5768379251131577
1527947, 0.003771767109566353
737424, 0.11488323166590943
201877, 0.2791777874112681
1457820, 0.3644727270464741
603293, 0.5724541194035638
809120, 0.5858314396771418
883875, 0.34974593296641043
1641128, 0.45226018118788786
1534634, 0.9657570408232428
1641655, 0.7801583302209053
955073, 0.833832274051366
954571, 0.8893431240579972
736971, 0.07166396923520557
577227, 0.3675764845673659
45264, 0.9407612814556827
455393, 0.11725719940811387
728290, 0.15174189559791487
688357, 0.11599654932488314
1301747, 0.38996070976898406
105205, 0.8429589721199906
865015, 0.8590163755499112
665348, 0.25296418856419844
820998, 0.41630328892896035
759559, 0.003077083169386986
1301769, 0.11897066573445171
609034, 0.09790425034508478
80649, 0.7331008629067369
1641240, 0.40834739269626386
965916, 0.7113636144553177
34078, 0.09180382294658218
1470241, 0.1287269695334387
1348900, 0.07461845838688856
333106, 0.003950169907431078
1527607, 0.4328478788823055
954703, 0.9109118866773916
1641298, 0.675110888018502
1641300, 0.007926260755612834
727385, 0.25114257761708325
304989, 0.395070912646353
981861, 0.9877081242232459
212325, 0.23951860372029812
756584, 0.3188464388792644
331630, 0.18629364163078646
473976, 0.8061275177678976
63356, 0.30041598491947824
51590, 0.4305194529593023
1640328, 0.9600106112035999
954762, 0.785397620882504
1642379, 0.9234163145562484
1527698, 0.014979924322480413
1527704, 0.26555850558318383
543133, 0.9703082644649339
954781, 0.7686338686497537
1301405, 0.0739530772183159
619939, 0.8780718624938089
605612, 0.19077967537901458
585134, 0.8701671189280444
1433006, 0.5634002022129297
934321, 0.7667665592005797
1642435, 0.1566695372115772
1637320, 0.3614776982794698
936907, 0.5516117243640185
54735, 0.12520973251421336
70610, 0.20391931757590703
1508820, 0.3645787099412611
1292758, 0.864840592165493
104407, 0.9727699281742207
992729, 0.04629718444761828
199642, 0.48324128882069217
160234, 0.5581201714188151
1528304, 0.05288279798175878
629753, 0.688799783904385
931327, 0.018207360689568193
