Prediction:
835072, 0.021061953371877985
539657, 0.11656381914182908
1641997, 0.45350966895722045
1639955, 0.35911620144486295
1639959, 0.0189845486036287
1622038, 0.5927920010796861
637980, 0.14927850874726606
28188, 0.5779109986028736
91168, 0.043039669214213136
954915, 0.9251175268326158
425511, 0.9866798124242263
688685, 0.0016257045283714308
155185, 0.33358422627575696
39493, 0.5593111250577734
155208, 0.3046360893316174
1641035, 0.6558338024219146
1288277, 0.10197262422689714
755797, 0.5373584949147743
954462, 0.839604946239875
812132, 0.2573421447930178
87656, 0.21890289059427667
1536113, 0.9221810073093745
48248, 0.16985245512597763
744057, 0.35470538798829754
210045, 0.3781496697442566
1642144, 0.43260032945607974
50337, 0.2066621784564437
325795, 0.3468871305826931
1527974, 0.310801243126163
1642150, 0.48890589698519943
814256, 0.5292520434577014
1641143, 0.8691938280845224
438974, 0.3802037052808706
217297, 0.24389802698863208
1641170, 0.19554020615723075
688340, 0.0060271469613011035
1641688, 0.1269072787353606
688357, 0.07545347051784825
649964, 0.04758152958263826
930033, 0.960274916429725
447747, 0.5485066313108587
566532, 0.1976685193402668
1641737, 0.2910315905495238
49425, 0.5784807925666744
562451, 0.12419249261303604
817939, 0.023215707477821944
688403, 0.8025915231316225
817944, 0.34121976201635745
52506, 0.20305789241309577
452895, 0.5557659702151615
984872, 0.28284055841059796
311595, 0.6965955441934147
899888, 0.9539348996160623
646978, 0.6242740015852921
1642307, 0.02040040127371842
664904, 0.9276153153604162
1641802, 0.0014289172166416352
1466703, 0.08953658487120693
1466704, 0.15623847479134476
809297, 0.15235010435367435
1640791, 0.2536400252268284
305497, 0.03163866548083476
209245, 0.614554225694926
603488, 0.5969823748175803
701282, 0.7300087485653454
752485, 0.694386872872766
302952, 0.30524148730633416
122731, 0.6256598324097036
563052, 0.00223737021158533
1561972, 0.9244955726439249
1528692, 0.10912209501205392
1642361, 0.14238611891668082
1528698, 0.6039287755079256
1301374, 0.15160414694809984
737150, 0.5106027670926586
51590, 0.4881106660063285
364426, 0.7957187169068362
1642378, 0.9563895071618991
899993, 0.8850383934529609
752538, 0.32368960140852404
1640355, 0.18283486838217763
1446827, 0.036024621593518526
62394, 0.1541341586337976
842684, 0.14269486022600258
1640893, 0.007961285983502703
688589, 0.20984179909426126
208335, 0
1642449, 0.814724027925569
858065, 0.7111160459441167
1640919, 0.005413047730976098
1528791, 0.6423891804096156
1528294, 0.6521624086632654
1520, 0.3353972207357736
1640952, 0.8204819673048594
92156, 0.46792934045672485
63997, 0.2905165251725106
69119, 0.8677156021072006
