Prediction:
752640, 0.3865200013505211
972801, 0.23566631632510757
737284, 0.26906125410244214
1528837, 0.3724601845465923
954885, 0.7441780790214014
1527823, 0.910048963069375
1640977, 0.23597782572363568
157713, 0.7763837567007188
1285138, 0.17022673152551906
1437208, 0.3336272397296016
1349151, 0.4635931587027452
1592870, 0.5206426737641953
93228, 4.962164063142852e-05
465460, 0.38854469127805796
954934, 0.8047193032162019
84556, 0.4319488962290017
1567308, 0.7457028620176369
1577550, 0.1356634950912283
1285709, 0.9576559946557374
654928, 0.5795874334672709
620647, 0.4753449283853146
864364, 0.25127759414758905
575603, 0.3999397278901143
1280627, 0.18529663434815635
688257, 0.003212367662310997
1443970, 0.3053718127354707
1527947, 0.06637239156944048
737424, 0.043564358575169965
201877, 0.17450108832967823
1457820, 0.08150924597600259
603293, 0.39903326762059743
809120, 0.5562558994305821
883875, 0.2281566358807829
1641128, 0.4165795139091916
1534634, 0.9807820128066537
1641655, 0.7838393450722289
955073, 0.8080392041094372
954571, 0.9075277367038547
736971, 0.0677199702466312
577227, 0.4032801817123834
45264, 0.9308525793588379
455393, 0.0323306638492964
728290, 0.0002497838932886551
688357, 0.10261414403592228
1301747, 0.39505890733538246
105205, 0.875456084937845
865015, 0.8741614076542671
665348, 0.4655414823103964
820998, 0.5478760818553954
759559, 0.29265277687154695
1301769, 0.00031801639580517413
609034, 0.05298062976374943
80649, 0.461520652164842
1641240, 0.49399583424316673
965916, 0.6709437684070737
34078, 0.10406914806801658
1470241, 0.15407097026946626
1348900, 0.15153101657578583
333106, 0.04677324473537825
1527607, 0.5218505778499627
954703, 0.9208441246748786
1641298, 0.60517708176044
1641300, 0.07371541703271439
727385, 0.33292698437359
304989, 0.518070623008532
981861, 0.9798286668288406
212325, 0.5485461681556328
756584, 0.28442828693434363
331630, 0.2674773162189456
473976, 0.6571438379834098
63356, 0.3788511338603373
51590, 0.0833325743858456
1640328, 0.9910371921646709
954762, 0.7986135838173478
1642379, 0.92727826819201
1527698, 0.03530202669520332
1527704, 0.4805845161772326
543133, 0.9884367108816783
954781, 0.7963789526386
1301405, 0.28102735309327337
619939, 0.871948269875107
605612, 0.5080167446200491
585134, 0.8075661489762233
1433006, 0.6342835993434284
934321, 0.7709020618568586
1642435, 0.28813894591294015
1637320, 0.30507853558934867
936907, 0.5559809894310173
54735, 0.30343303435894436
70610, 0.22448399400528202
1508820, 0.26279183513346754
1292758, 0.8148239977869792
104407, 0.9776998320282902
992729, 0.1411574993976666
199642, 0.3475473891499665
160234, 0.5071065170857689
1528304, 0.050709840909188376
629753, 0.3522456747631847
931327, 0.10212946891654695
