Prediction:
835072, 0.000367491844568057
539657, 0.12666840964459575
1641997, 0.13959369475529393
1639955, 0.2684692069438821
1639959, 0.10072813677442304
1622038, 0.4346714745081695
637980, 0.0010948532509255753
28188, 0.5799013676237672
91168, 0.06107906316192327
954915, 0.9126785347863083
425511, 0.7238689841674839
688685, 0.07160607676045336
155185, 0.22078487694281734
39493, 0.6894491957875277
155208, 0.302648928438589
1641035, 0.5711802432187012
1288277, 0.006235244732295296
755797, 0.41950565351829294
954462, 0.8266661343160041
812132, 0.03421513072925967
87656, 0.5130259980838284
1536113, 0.9086634509943277
48248, 0.04315360615403207
744057, 0.4041308932154673
210045, 0.48523328788145537
1642144, 0.40221058440186047
50337, 0.19439794186463738
325795, 0.361904451606526
1527974, 0.1645277842337823
1642150, 0.40376852374706484
814256, 0.4196419117303602
1641143, 0.9059297422834304
438974, 0.6413298194157379
217297, 0.5210749503503569
1641170, 0.10175053047066114
688340, 0.0064990113166151055
1641688, 0.18428660261714272
688357, 0.16291310937734896
649964, 0.0001791450479309267
930033, 0.8874926091319947
447747, 0.5265332208380874
566532, 0.357972849054725
1641737, 0.29131649976052504
49425, 0.5537888533747546
562451, 0.23444301502322618
817939, 0.012218056522089226
688403, 0.7542800275200892
817944, 0.3902098530926313
52506, 0.19030888517729405
452895, 0.4686644891709669
984872, 0.23936653792126122
311595, 0.5616844852256984
899888, 0.9334709287533279
646978, 0.7248284201423423
1642307, 0.07291131825650594
664904, 0.9342555174399183
1641802, 0.00585518443800554
1466703, 0.08448959309612156
1466704, 0.2710787318874988
809297, 0.2998191106021225
1640791, 0.24059831357568728
305497, 0.06452886420313687
209245, 0.4714574963773269
603488, 0.30791813450558697
701282, 0.675165012607266
752485, 0.6495286466597832
302952, 0.43803160461827334
122731, 0.4116504177480555
563052, 0.0711640873664619
1561972, 0.9636081883730054
1528692, 0.0003084804571895531
1642361, 0.12188041454257927
1528698, 0.3412955121812558
1301374, 0.021612000374153093
737150, 0.524348337439779
51590, 0.08616473085105447
364426, 0.8554250337392074
1642378, 0.9443844847391871
899993, 0.9315879305717688
752538, 0.2625961088122494
1640355, 0.23323965003896804
1446827, 0.0010055133463354787
62394, 0.5467498869462645
842684, 0.5715751651572808
1640893, 0.04997632286169013
688589, 0.17382417519847354
208335, 0
1642449, 0.8515989265289843
858065, 0.650776297542795
1640919, 0.07385679254043478
1528791, 0.5736724846099027
1528294, 0.7129124994895789
1520, 0.23955213146316662
1640952, 0.7376221485057337
92156, 0.6160695947427793
63997, 0.04287982232162619
69119, 0.7621045218638887
