Prediction:
1556484, 0.0017563035726303935
688644, 0.3866133768386008
737290, 0.3671493369689959
1301520, 0.04034158778366615
1642001, 0.906799275217118
1528850, 0.0029286793974546517
688661, 0.5499325606663568
971799, 0.38816990450883454
1642520, 0.20849966098978434
46624, 0.8867736059042174
1537067, 0.0015560892536809156
1641005, 0.12116665502656028
1641010, 0.5703772297178266
688185, 0.47231974475929933
954938, 0.795266553643011
443966, 0.585562997434255
599616, 0.20278956004288523
439367, 0.562706013940462
1537607, 0.3578542227895265
954956, 0.6517818855996358
688719, 0.1313540289205444
615506, 0.28301761915747387
654934, 0.4270918115878588
1589851, 0.010598719995826887
104542, 0.7889112485312733
457824, 0.025088378208375065
1641573, 0.04081780919226361
1527916, 0.8380905133939559
737391, 0.3745134899244984
1301619, 0.33609759194210154
211078, 0.1380579796918427
52874, 0.6912074129361045
955024, 0.8100192812237338
32404, 0.4680022794597076
158358, 0.7265227399473811
566940, 0.5038280674260657
50848, 0.49300809037930465
1349288, 0.8674317611832271
860330, 0.5978521110238051
688818, 0.19947887430392583
1536181, 0.9408607887313982
48316, 0.8541377046094427
491718, 0.5454583217040099
1296583, 0.1729700005465139
954567, 0.897020489636579
1566412, 0.6146945143788227
66255, 0.604490393574958
66267, 0.12221463191765444
809183, 0.2625659533036243
425699, 0.6759057282579548
467683, 0.13033638347970491
464617, 0.905349659503787
752377, 0.436895684469281
872708, 0.002235284592694706
1640197, 0.9712875949909981
1301765, 0.7074606494437481
809221, 0.2968184700469135
809239, 0.3470267833467441
1528102, 0.061589891574658065
809255, 0.4285977366567241
1536298, 0.5381898749686786
1640747, 0.9235819977797355
688431, 0.7334844099809734
1636657, 0.3191270713713175
213817, 0.3839795413706019
1466703, 0.5889678915357776
1301330, 0.26635648213468033
1545042, 0.5742532826339586
737622, 0.6466633484261135
1452895, 0.5285706646413664
950625, 0.2660797060499042
856937, 0.589538797102199
493931, 0.30926024042251576
954743, 0.7777514471326852
809346, 0.06366354321538667
558984, 0.3816202444270718
1642378, 0.9440424402856239
591251, 0.4584133779512317
1640852, 0.24537734007978887
305050, 0.43741796024120655
934299, 0.9006645358402782
1640862, 0.4082451547698526
1640351, 0.41239177044365605
1642418, 0.00041634729481858487
558515, 0.07677505255455443
1511354, 0.7496814187411396
1330619, 0.2667009504043902
1528770, 0.0038153303721720263
1291715, 0.11044116451841354
901575, 0.9361611693426917
1640904, 0.027183715140985304
1537998, 0.1827098953507107
737235, 0.12832944422205778
1301469, 0.07142534971514669
37371, 0.086262605955385
797692, 0.6417071900812282
