Prediction:
752640, 0.18126005627307876
972801, 0.18552538864438076
737284, 0.17478718365452747
1528837, 0.38289786403068077
954885, 0.6838466317492524
1527823, 0.7488778207609156
1640977, 0.4239121118714962
157713, 0.739981838484343
1285138, 0.3296578148073751
1437208, 0.18313334063490735
1349151, 0.4123344296492895
1592870, 0.5820186299766286
93228, 0.007390302090617436
465460, 0.4748016697476736
954934, 0.8565184330058452
84556, 0.3560133749797667
1567308, 0.8788414492551203
1577550, 0.22371309651039553
1285709, 0.9185534652450866
654928, 0.5200910312639219
620647, 0.19018370740879478
864364, 0.3588931891519863
575603, 0.28720068346657407
1280627, 0.16674085330541594
688257, 0.0006937895711796541
1443970, 0.6976974182468622
1527947, 0.01071974045194361
737424, 0.20909567529234352
201877, 0.11275788379975829
1457820, 0.7711584416804499
603293, 0.2738065443164663
809120, 0.5089082445400244
883875, 0.21031763199047962
1641128, 0.23798965503662153
1534634, 0.9668727437404064
1641655, 0.6886406620278913
955073, 0.8323376297461444
954571, 0.9068765276151537
736971, 0.06002035137348121
577227, 0.33781725320504824
45264, 0.9495370059233389
455393, 0.06974597876744594
728290, 0.21533326315259854
688357, 0.10183784419726304
1301747, 0.38101827891647905
105205, 0.8531735315867642
865015, 0.8230179048585423
665348, 0.672274368750791
820998, 0.4498460530464073
759559, 0.04404049974874443
1301769, 0.002664213034122174
609034, 0.2666299152443731
80649, 0.6252438957197444
1641240, 0.36749103825829105
965916, 0.6745989308763575
34078, 0.04745737163100441
1470241, 0.12885888281887264
1348900, 0.15928683758797038
333106, 0.008035226755203712
1527607, 0.5518703480115594
954703, 0.9066348059874647
1641298, 0.38295620814285036
1641300, 0.005679966246527567
727385, 0.2372995601248264
304989, 0.5014895805407558
981861, 0.9655458720142733
212325, 0.04485130084541443
756584, 0.37065152269769036
331630, 0.38871756478233865
473976, 0.7547620383192601
63356, 0.2786585040304583
51590, 0.0016944859865145703
1640328, 0.9398456474270691
954762, 0.7660135638074447
1642379, 0.8849956670509483
1527698, 0.11750857622475445
1527704, 0.43942511682433816
543133, 0.9125374137108974
954781, 0.7909792600933714
1301405, 0.06896464703565172
619939, 0.8159875922656438
605612, 0.3343212435853712
585134, 0.7022655676639948
1433006, 0.612353288359827
934321, 0.7931099636875565
1642435, 0.27147177667345684
1637320, 0.37355275597477455
936907, 0.41935878625209927
54735, 0.3686364822891544
70610, 0.24518141393189163
1508820, 0.5624445573225964
1292758, 0.8415485535928334
104407, 0.9837796228882719
992729, 0.1617256361369945
199642, 0.3605852551886306
160234, 0.45553736041391857
1528304, 0.1306064455735227
629753, 0.6484778141734144
931327, 0.2378737370833939
