Prediction:
752640, 0.07366127084105206
972801, 0.45328006766930024
737284, 0.11518673465931548
1528837, 0.3574758769480096
954885, 0.7289159948546183
1527823, 0.8792957178519633
1640977, 0.18479076365530997
157713, 0.7964978676065926
1285138, 0.16000997539740308
1437208, 0.28279880882808367
1349151, 0.4551207144178227
1592870, 0.4368429453869888
93228, 0.04494840687800628
465460, 0.5135081950154613
954934, 0.843607218153953
84556, 0.5972334924945596
1567308, 0.8444387318666176
1577550, 0.10647675020005351
1285709, 0.9407649028916782
654928, 0.6188107582225749
620647, 0.29403890679292716
864364, 0.36039604660562874
575603, 0.1978669062839626
1280627, 0.3849118088626181
688257, 0.0007291321376767208
1443970, 0.5338849674724669
1527947, 1.2451063865603864e-05
737424, 0.224009118034332
201877, 0.24531896955983334
1457820, 0.363338189093741
603293, 0.3571659912191289
809120, 0.6525193352614168
883875, 0.2141663239821735
1641128, 0.48111789273605043
1534634, 0.9790001962015391
1641655, 0.7966697260977107
955073, 0.7686172877541168
954571, 0.9087164263922879
736971, 0.07273154231103934
577227, 0.3624180107691327
45264, 0.920859956335918
455393, 0.0019899383132544204
728290, 0.011760653024517603
688357, 0.10813192720997755
1301747, 0.5192385732465933
105205, 0.8301779132053186
865015, 0.8147031869166744
665348, 0.3812990345533127
820998, 0.2515145493961625
759559, 0.024904639455380115
1301769, 0.02605877702252974
609034, 0.04407282266001564
80649, 0.3357500070689651
1641240, 0.6145634965976224
965916, 0.7520291467542294
34078, 0.11476715994234757
1470241, 0.10739529900344405
1348900, 0.3669389275277927
333106, 0.13173660964763395
1527607, 0.3970158535492861
954703, 0.9049216552415467
1641298, 0.6081572587009562
1641300, 0.0654673242812426
727385, 0.27826528430465125
304989, 0.3494947027314072
981861, 0.9847764493736874
212325, 0.2114746494424049
756584, 0.331192908355621
331630, 0.018991146761835068
473976, 0.6626101465643386
63356, 0.35926407820806583
51590, 0.000612415265505411
1640328, 0.9773013097870754
954762, 0.7363450349365166
1642379, 0.9173405299091612
1527698, 0.16616152755268976
1527704, 0.49485123352142635
543133, 0.980812101444083
954781, 0.8055848135602951
1301405, 0.10947694906899536
619939, 0.8502242879943178
605612, 0.010837930477162555
585134, 0.774724484144614
1433006, 0.45609512062302027
934321, 0.709015290681467
1642435, 0.37388934055073997
1637320, 0.3294567447576097
936907, 0.6658619618170489
54735, 0.5278637932281399
70610, 0.1973025839840467
1508820, 0.5174963116248679
1292758, 0.7152413736218904
104407, 0.9881812113174555
992729, 0.18724959928665103
199642, 0.4077824860875638
160234, 0.2735215033469962
1528304, 0.09331463301480983
629753, 0.6287585267487187
931327, 0.32177458383196295
