Prediction:
752640, 0.13026205650406575
972801, 0.20725760552903677
737284, 0.08082950925156503
1528837, 0.38206501354133626
954885, 0.7493348489422624
1527823, 0.605116146360217
1640977, 0.24911173955591756
157713, 0.8595415578737107
1285138, 0.23565723336926886
1437208, 0.38989974619169926
1349151, 0.41300060665506905
1592870, 0.4610254068800118
93228, 0.20774851641087932
465460, 0.5172466316072954
954934, 0.8327925878083187
84556, 0.28156908080201465
1567308, 0.6823274902807748
1577550, 0.2141807577148574
1285709, 0.960972870103374
654928, 0.5565074319732657
620647, 0.24319740317681804
864364, 0.3477119153805212
575603, 0.29504476996862217
1280627, 0.13224536854990868
688257, 0.008024532366137854
1443970, 0.6723301394594424
1527947, 0.0463414885099167
737424, 0.19855643159583833
201877, 0.23858386733196704
1457820, 0.25621418320513595
603293, 0.39377861881430176
809120, 0.5633463230308369
883875, 0.2079210152809078
1641128, 0.11362148124339698
1534634, 0.9665946495128566
1641655, 0.6305376346768387
955073, 0.8447480007531444
954571, 0.8878434199255485
736971, 0.02763555444828288
577227, 0.273854168493339
45264, 0.9387185421249084
455393, 0.07987860202445317
728290, 0.00011418275336380081
688357, 0.09045692816533177
1301747, 0.2536987981175001
105205, 0.804230356095452
865015, 0.8523257268178095
665348, 0.4902437423394164
820998, 0.2977899267528066
759559, 0.017242995646109715
1301769, 0.019692989354402814
609034, 0.0015618966572495815
80649, 0.43511586069284086
1641240, 0.4181259416929607
965916, 0.6507872977276196
34078, 0.023188342834750734
1470241, 0.11716683125327608
1348900, 0.21875778491444217
333106, 0.016987572843117953
1527607, 0.5038195286630057
954703, 0.8950312046060717
1641298, 0.3492245251718906
1641300, 0.03054605316762996
727385, 0.05692945806378943
304989, 0.5572813019921429
981861, 0.9513933740254075
212325, 0.08891138252396623
756584, 0.06557384547749537
331630, 0.13716209130299517
473976, 0.659344018050623
63356, 0.572262284024816
51590, 0.16654109657419294
1640328, 0.9446465049667176
954762, 0.7892144513261906
1642379, 0.8883588634107873
1527698, 0.005338908113212152
1527704, 0.5529754860508524
543133, 0.875700959604841
954781, 0.7429441809761812
1301405, 0.0777322928808076
619939, 0.8203678957614635
605612, 0.2598376164284519
585134, 0.7349804659058167
1433006, 0.6376809789321505
934321, 0.5392926494918466
1642435, 0.08509392430741147
1637320, 0.21791045175596713
936907, 0.2780908146852755
54735, 0.26715569257879657
70610, 0.24674767092032043
1508820, 0.4779307542930025
1292758, 0.7929599829360244
104407, 0.989686631541676
992729, 0.06730592028158204
199642, 0.46143989342502756
160234, 0.47597262009358626
1528304, 0.17649256119067772
629753, 0.6589316748031155
931327, 0.04019460544556244
