Prediction:
1556484, 0.16662905973146352
688644, 0.3766719347307683
737290, 0.4618628647856378
1301520, 0.054576274711476816
1642001, 0.8768668803134957
1528850, 0.009470051137284824
688661, 0.556172227229691
971799, 0.30773650318227785
1642520, 0.39833667882054796
46624, 0.8716458003003993
1537067, 0.09171268951882959
1641005, 0.15032413913278644
1641010, 0.7370481330594173
688185, 0.568156160660546
954938, 0.7853837832468785
443966, 0.5253981779417408
599616, 0.0044457932247597585
439367, 0.5997896497588392
1537607, 0.30841828596679083
954956, 0.6021259128795033
688719, 0.11316680963047347
615506, 0.30248791791261
654934, 0.48677674049861036
1589851, 0.016184905431755773
104542, 0.7661159282170694
457824, 0.17550574305647004
1641573, 0.12443185496170511
1527916, 0.8885304821308654
737391, 0.49158616273969524
1301619, 0.35701002610537824
211078, 0.03316184290544315
52874, 0.8165735513405584
955024, 0.7890182331509409
32404, 0.22763538730985913
158358, 0.8002712926261968
566940, 0.1915596574696906
50848, 0.505668610526148
1349288, 0.855098365060719
860330, 0.5890937227549813
688818, 0.0028121788146150254
1536181, 0.9478440430487352
48316, 0.795520165931468
491718, 0.6734802962990004
1296583, 0.0020201755171922057
954567, 0.8840776449561717
1566412, 0.457873545703367
66255, 0.5045093351819067
66267, 0.09327695256518381
809183, 0.3389231917885778
425699, 0.1075430834216476
467683, 0.03185064154696941
464617, 0.869054694499505
752377, 0.39539424261304373
872708, 0.00014655813537613633
1640197, 0.961677772771601
1301765, 0.646002828582941
809221, 0.35289846925473356
809239, 0.3060785708505057
1528102, 0.0030738273241971877
809255, 0.43588789323962807
1536298, 0.44733032175092813
1640747, 0.9279250978169299
688431, 0.8241817621398603
1636657, 0.13646615447107843
213817, 0.6738944617762923
1466703, 0.4818532540183679
1301330, 0.3394589844100501
1545042, 0.5868925554670288
737622, 0.5822294857372199
1452895, 0.5136280850164266
950625, 0.17602212432681882
856937, 0.5404662546895264
493931, 0.5634845857201638
954743, 0.7643829762628084
809346, 0.09699717289950095
558984, 0.07492762813315913
1642378, 0.9435849248951859
591251, 0.43513891472555855
1640852, 0.3881162411947305
305050, 0.2148642637663808
934299, 0.8705522655898229
1640862, 0.4619300442114206
1640351, 0.2834955502973558
1642418, 0.00019021395488321338
558515, 0.001816069778175411
1511354, 0.7300065094113114
1330619, 0.00022019387921538305
1528770, 0.2510857669078054
1291715, 0.0020951449006749775
901575, 0.9560047952253781
1640904, 0.021330731123892728
1537998, 0.03921435404811519
737235, 0.25310597456745576
1301469, 0.1363572018841652
37371, 0.3375693597591163
797692, 0.5782163258347721
