Prediction:
1556484, 0.18806027630660546
688644, 0.3155598771366045
737290, 0.4355360616566875
1301520, 0.014460019747086899
1642001, 0.8884870427027767
1528850, 0.012650825202723771
688661, 0.554045321899377
971799, 0.37076273580060853
1642520, 0.22121003123539015
46624, 0.854536644697028
1537067, 0.06664582713475917
1641005, 0.20308568245573386
1641010, 0.657278963815484
688185, 0.4661633590079103
954938, 0.8419686104415136
443966, 0.5121360636766931
599616, 0.01874896591034704
439367, 0.6381780938876014
1537607, 0.37462625284140705
954956, 0.6337566851387771
688719, 0.11247355816504974
615506, 0.2379531377473023
654934, 0.5537882032837739
1589851, 0.009006580147198413
104542, 0.7569838829570353
457824, 0.4183306834784672
1641573, 0.026430956162362594
1527916, 0.885208756144094
737391, 0.4645434780321989
1301619, 0.3791680921594403
211078, 0.011027645079740134
52874, 0.8035968846524356
955024, 0.8079869057203178
32404, 0.4987023166444878
158358, 0.7495044085563421
566940, 0.4639876204337357
50848, 0.5017072490645451
1349288, 0.8442440986465463
860330, 0.6045021707012492
688818, 0.04961679452548404
1536181, 0.9320831418988027
48316, 0.5395042483338475
491718, 0.8213425464104818
1296583, 0.07097898580882012
954567, 0.907892838815497
1566412, 0.48292863848673384
66255, 0.35102828847455453
66267, 0.00043368245756496325
809183, 0.25274905270328013
425699, 0.420943580089192
467683, 0.16338336210982368
464617, 0.8655182693718297
752377, 0.4770787571971294
872708, 0.006827424199794505
1640197, 0.9562664450675767
1301765, 0.786724087230099
809221, 0.382813040573446
809239, 0.25440150380074783
1528102, 0.04264432957354707
809255, 0.45764748349737777
1536298, 0.5855374649332646
1640747, 0.9022884536894258
688431, 0.6796354345780145
1636657, 0.1614447695372735
213817, 0.22947649160098366
1466703, 0.5053024006204679
1301330, 0.02929907377501304
1545042, 0.7016930660236649
737622, 0.4729210620642732
1452895, 0.7197875983568697
950625, 0.19429579414254053
856937, 0.44764986575383975
493931, 0.06640310982845099
954743, 0.7923673094731926
809346, 0.026408365305100108
558984, 0.027006718910303523
1642378, 0.9442908157808383
591251, 0.43572999855090866
1640852, 0.1844248098275838
305050, 0.4974567063994239
934299, 0.8123744719891645
1640862, 0.7490934233499619
1640351, 0.35161925929256704
1642418, 0.003196778273379988
558515, 0.16146751146434624
1511354, 0.8104406200479901
1330619, 0.04399869376451501
1528770, 0.16738012664501664
1291715, 0.005256012393714693
901575, 0.8826949718488604
1640904, 0.21999058622241766
1537998, 0.04437707953475159
737235, 0.0031158140130265965
1301469, 0.22832016730104746
37371, 0.2798797508934647
797692, 0.07930597911912812
