Prediction:
835072, 0.03926673740933906
539657, 0.010168341781724464
1641997, 0.4073641419307642
1639955, 0.26602737402414706
1639959, 0.1658183318293311
1622038, 0.5089570374151313
637980, 0.11942603936504645
28188, 0.7020822156152435
91168, 1.3022600859210257e-05
954915, 0.8934028808457
425511, 0.6095678030721943
688685, 0.1803342473785782
155185, 0.4615280772619094
39493, 0.4667263375940818
155208, 0.34061167848246754
1641035, 0.6235219080363599
1288277, 0.29652277582864384
755797, 0.5086862094591105
954462, 0.8689092396424896
812132, 0.277196008071559
87656, 0.13785329804731533
1536113, 0.8594090050688374
48248, 0.0752286420342711
744057, 0.22280287764021692
210045, 0.3430257707740349
1642144, 0.5237473432464665
50337, 0.23639212705303245
325795, 0.3993207824438911
1527974, 0.641647594951375
1642150, 0.5011214484513826
814256, 0.47316007660407866
1641143, 0.9089896632875974
438974, 0.26807671448683595
217297, 0.2362758167925996
1641170, 0.10125273659254029
688340, 0.011746150826524021
1641688, 0.08297877103024306
688357, 0.14793279101846576
649964, 0.1753760114847687
930033, 0.8705268184085844
447747, 0.6376364643081259
566532, 0.2763099201295467
1641737, 0.2108981513161597
49425, 0.6052835583415679
562451, 0.2632174748490634
817939, 0.012393136546570335
688403, 0.7671292731315247
817944, 0.29185790512705084
52506, 0.09886529033874417
452895, 0.3662483586882617
984872, 0.2587762475774441
311595, 0.7225480080160338
899888, 0.9130799570441703
646978, 0.6236346290085606
1642307, 0.1919403013025942
664904, 0.9186146314095541
1641802, 0.10071804224293322
1466703, 0.6358478298512358
1466704, 0.3261411136631459
809297, 0.2957990151987448
1640791, 0.3450874753137776
305497, 0.14512478514740404
209245, 0.037343154670946115
603488, 0.6482284693727036
701282, 0.680818395127104
752485, 0.6881441057146415
302952, 0.5029263398801441
122731, 0.595998518070981
563052, 0.049429584839686
1561972, 0.9322686772780203
1528692, 0.13818592054056353
1642361, 0.0500313022502855
1528698, 0.5446760216273029
1301374, 0.0005761191866298025
737150, 0.5351199446726612
51590, 0.0010755297871112585
364426, 0.8304011218923784
1642378, 0.9255505351138955
899993, 0.7664476618448729
752538, 0.31997786594429173
1640355, 0.04699447206981797
1446827, 0.05884604546815562
62394, 0.3186943870646064
842684, 0.05391480671917226
1640893, 0.45616535545650677
688589, 0.2739560489701681
208335, 0
1642449, 0.8559387847312525
858065, 0.6516186179133826
1640919, 0.06355061994271474
1528791, 0.6333107182251194
1528294, 0.6879670691098871
1520, 0.38658236349499914
1640952, 0.6911542286960746
92156, 0.40156288610762564
63997, 0.11538646163212886
69119, 0.8570459847508353
