Prediction:
752640, 0.3992557426616494
972801, 0.33739218554042744
737284, 0.22282986386017556
1528837, 0.4343560434763101
954885, 0.7565097351183286
1527823, 0.48689492302031306
1640977, 0.14590220721907018
157713, 0.8154450431604737
1285138, 0.056840459260785
1437208, 0.310066407495397
1349151, 0.2857385803174343
1592870, 0.48933888880416426
93228, 0.12845212497759612
465460, 0.5713494138110242
954934, 0.8196932270889945
84556, 0.2736714409217183
1567308, 0.861947595837564
1577550, 0.10207269956838935
1285709, 0.932971150287572
654928, 0.5670962851803758
620647, 0.14247215442204192
864364, 0.5487765986842638
575603, 0.37906572564926483
1280627, 0.15201848060926743
688257, 0.02073969632149466
1443970, 0.6891711655671643
1527947, 0.012334705326265842
737424, 0.10549600353043331
201877, 0.09906604333674958
1457820, 0.6106142898174883
603293, 0.3529006260617928
809120, 0.5184107958869738
883875, 0.19787440105081747
1641128, 0.09637381599923046
1534634, 0.961440329208707
1641655, 0.7372929528415422
955073, 0.7294490314831065
954571, 0.8933758526891806
736971, 0.027388498560642044
577227, 0.39092400171307795
45264, 0.9638566246883328
455393, 0.0873044176770719
728290, 0.06476831245395061
688357, 0.11541989293474247
1301747, 0.2874919753618948
105205, 0.8014279437020307
865015, 0.8544764098623606
665348, 0.4623766565674371
820998, 0.42815585439572756
759559, 0.038479359404555984
1301769, 0.014315233144274117
609034, 0.31089721560914924
80649, 0.7134129938379078
1641240, 0.3241848089384645
965916, 0.7510965848451718
34078, 0.03551261643970121
1470241, 0.15258668905159098
1348900, 0.26165725996488454
333106, 0.027948620878808617
1527607, 0.46548166067899277
954703, 0.9026440611548131
1641298, 0.5937384323786193
1641300, 0.03418461112252248
727385, 0.09974439854221333
304989, 0.3781721054662512
981861, 0.9561558711623139
212325, 0.06823039871296835
756584, 0.10410702540880946
331630, 0.30589646844852714
473976, 0.7900601312843519
63356, 0.48037956514387814
51590, 4.543305409685287e-06
1640328, 0.9756960067401365
954762, 0.7911748322693045
1642379, 0.9140068681624399
1527698, 0.11032287343745015
1527704, 0.3881022288289929
543133, 0.944295857297316
954781, 0.7895527889893413
1301405, 0.011326130118788927
619939, 0.8025631325685701
605612, 0.18224488449489423
585134, 0.8757191492080808
1433006, 0.6116378697638157
934321, 0.7448603810744794
1642435, 0.14657668396282064
1637320, 0.24685243182099798
936907, 0.30248972372601995
54735, 0.3359596623298208
70610, 0.2397143388650483
1508820, 0.506589104525259
1292758, 0.7957235984413147
104407, 0.9918581298285462
992729, 0.21287042959742442
199642, 0.32329502762492424
160234, 0.6497846058687802
1528304, 0.010084872199731748
629753, 0.5828965793226174
931327, 0.17918063235676718
