Prediction:
752640, 0.3118925440450126
972801, 0.3038791518489336
737284, 0.08001029922737377
1528837, 0.36044859364519516
954885, 0.7184106723903957
1527823, 0.8612102633370519
1640977, 0.03222768544226943
157713, 0.8818962817024908
1285138, 0.3122429993467702
1437208, 0.36042721685510054
1349151, 0.15830699602360201
1592870, 0.5579385342146415
93228, 0.011802003681993774
465460, 0.3541908749872464
954934, 0.8294715704043114
84556, 0.6003986473194513
1567308, 0.6863189417715173
1577550, 0.20503970627588558
1285709, 0.9709728239072354
654928, 0.5399903642699792
620647, 0.23710877003232209
864364, 0.4763277687394496
575603, 0.3490747147064056
1280627, 0.18333019225177605
688257, 0.0014278894432036458
1443970, 0.5033329665322546
1527947, 0.03557798951207656
737424, 0.21171244135469114
201877, 0.17599375961619118
1457820, 0.45320086353356925
603293, 0.22528920339824912
809120, 0.6120747162628224
883875, 0.2550414026693172
1641128, 0.4227902870315895
1534634, 0.9706914000954545
1641655, 0.7908646915285488
955073, 0.7879885992289256
954571, 0.9038721799486564
736971, 0.10047493070391084
577227, 0.3559190329958441
45264, 0.9314964988773444
455393, 0.053929864385264856
728290, 0.16462669734739205
688357, 0.12274634783491647
1301747, 0.3408213636793083
105205, 0.8102027486560274
865015, 0.798154214754581
665348, 0.3002116798626188
820998, 0.5333326811005228
759559, 0.1689116106960546
1301769, 0.0003705278783672687
609034, 0.10504551971978036
80649, 0.3815458296717586
1641240, 0.46025402569122437
965916, 0.7472977401341506
34078, 0.12010278997696885
1470241, 0.12095523766801432
1348900, 0.33408798777191984
333106, 0.04669394323834516
1527607, 0.3895758425936595
954703, 0.903670598400872
1641298, 0.6070157453197059
1641300, 0.04115918018558199
727385, 0.11943857160919925
304989, 0.5570574326216126
981861, 0.9679788451910917
212325, 0.09162277301678688
756584, 0.3301597860473741
331630, 0.020527136391202485
473976, 0.520570554016447
63356, 0.5603366739800368
51590, 0.03882929743287632
1640328, 0.9596078246763882
954762, 0.7588705681115908
1642379, 0.8879176807881994
1527698, 0.1121326492213941
1527704, 0.1333264571909259
543133, 0.9235067136941799
954781, 0.796776908757355
1301405, 0.08515510761067493
619939, 0.8356595039367484
605612, 0.18773728287926375
585134, 0.7600859309337432
1433006, 0.5701337964718669
934321, 0.6504479064474191
1642435, 0.3621475384909662
1637320, 0.3544313160694184
936907, 0.46147991039392744
54735, 0.16881537426662835
70610, 0.25181718410548054
1508820, 0.44255709582519387
1292758, 0.7911341003802198
104407, 0.9614316883547744
992729, 0.16338282443809402
199642, 0.38685048967894975
160234, 0.48930954719083425
1528304, 0.01855343065934236
629753, 0.6844690483373876
931327, 0.10222826231319178
