Prediction:
688643, 0.09650402734933884
159749, 0.04560315977048947
688645, 0.09974518610944329
1527820, 0.018011750621156387
539663, 0.9017874861943603
303638, 0.674614747713292
330271, 0.03670255923438145
954399, 0.7125166992713928
70695, 0.9393150362820606
1295917, 0.7228872888099979
1642542, 0.881175317978517
1527862, 0.9813425450799635
1528890, 0.26680124702684516
200254, 0.8674062504248534
540741, 0.6313107095400975
761928, 0.1312108273762379
688201, 0.6957160792108943
37966, 0.12702235166629255
1537108, 0.04888327756182054
336476, 0.6649418215972935
511069, 0.7391825176400902
1301599, 0.10428464631457665
1528416, 0.052584600637448346
206959, 0.27068599012758676
478840, 0.11374915777522131
1503357, 0.6956982639504997
1642117, 0.15774943423916737
1536654, 0.01308116486552827
688274, 0.48930781341036034
1527963, 0.06975195320536613
688288, 0.07275327585362684
688293, 0.00826406004667164
688816, 0.025363555375709834
745138, 0.19092033375250722
438974, 0.7838458115885605
88771, 0.5505729677878132
459971, 0.7831037478848671
714443, 0.2243935200191973
1289425, 0.60759480703689
1284820, 0.18561133213116213
954602, 0.8317714425590763
954604, 0.9055914830692505
208118, 0.34255932021735147
198910, 0.015350609444191195
809216, 0.3729593524473672
610565, 0.040509336876268544
1528071, 0.2317391197821601
453897, 0.6174952159162558
770827, 0.33375915739146716
216843, 0.37185730668566663
828171, 0.055597694796101986
306447, 0.6649056063616653
562451, 0.10714475014476264
1642271, 0.44095781952263174
1528097, 0.8697227967734954
28965, 0.875254900444859
367910, 0.8452096296074038
1642296, 0.594215140353784
1528125, 0.524095363201613
1528145, 0.06574890228540918
1555281, 0.1682017745461962
49489, 0.9270102246435342
493905, 0.6049945111550015
876885, 0.10727153512974572
1290079, 0.7062404193467966
468834, 0.5053036019103564
1528677, 0.08358929534956838
756582, 0.8221547358366221
1338728, 0.7727121439366837
1528170, 0.47212419301707986
845165, 0.4065175871018965
1528696, 0.3151430243046955
617338, 0.5316626709390407
1301888, 0.04412356754274248
102785, 0.09494497616434763
1527682, 0.5393399715458578
940424, 0.7039343027502069
1528724, 0.010930746493095986
809380, 0.18042362241917959
1446827, 0.03432137214289793
864186, 0.7263199547326274
1291714, 0.6900830597669846
642499, 0.08779213851349059
688586, 0.8622265571725415
32721, 0.574281606081278
954834, 0.7130250645547511
1536468, 0.2772800936659526
688598, 0.36499466930341135
1556442, 0.03264807931488012
901084, 0.7030543225167516
954845, 0.9203233378180087
1527780, 0.013430167482549514
1640932, 0.4667613749103035
477677, 0.10541396131769394
829947, 0.4401878740853674
1528829, 0.1704049406201868
