Prediction:
835072, 0.04831511050765774
539657, 0.05141839959533763
1641997, 0.22870980631203378
1639955, 0.3373796959841235
1639959, 0.12781010725363687
1622038, 0.5595434282549743
637980, 0.06434281841997036
28188, 0.24621790490937168
91168, 0.2676244206327501
954915, 0.8954359671419289
425511, 0.9990644240417046
688685, 0.12286999066102909
155185, 0.2299750481727602
39493, 0.4609393860153556
155208, 0.423262834265226
1641035, 0.6261817336345195
1288277, 0.00036109587508256975
755797, 0.6717241757509046
954462, 0.8768784515126108
812132, 0.07352504582359141
87656, 0.18741328181825814
1536113, 0.8963786206993125
48248, 0.05606817758304932
744057, 0.26648551550190913
210045, 0.25555084819271345
1642144, 0.45130416200179824
50337, 0.44592053908435236
325795, 0.6567344602923263
1527974, 0.4279063592809367
1642150, 0.41050723002777834
814256, 0.5681570664050571
1641143, 0.8825751820749966
438974, 0.43502405569791086
217297, 0.49889060993173595
1641170, 0.1417972553150226
688340, 0.0012598735019693256
1641688, 0.07872579140596811
688357, 0.15242066329471798
649964, 0.18004118259065166
930033, 0.9749180793451624
447747, 0.6990540521399887
566532, 0.15399158807571278
1641737, 0.2282650265696885
49425, 0.6717979761598307
562451, 0.4341548885188884
817939, 0.003560212986412717
688403, 0.7037665673985142
817944, 0.3424962979294532
52506, 0.031005037512141825
452895, 0.47343063312034156
984872, 0.39482399506584126
311595, 0.657715006135611
899888, 0.8985833435815956
646978, 0.6435073443652555
1642307, 0.004104871517002686
664904, 0.9278816690150057
1641802, 0.02145994440062904
1466703, 0.7171809067022081
1466704, 0.4009522770955037
809297, 0.2931358286519415
1640791, 0.05482553903189272
305497, 0.0040922930658448455
209245, 0.9036543730883319
603488, 0.44084863452798945
701282, 0.4280871225347255
752485, 0.6831892121713071
302952, 0.06280236715169042
122731, 0.7493698001337382
563052, 0.223198425073943
1561972, 0.9006100668066415
1528692, 0.13672528763976552
1642361, 0.04129943759679894
1528698, 0.6037859787931689
1301374, 0.0035058873084548763
737150, 0.5042803429719219
51590, 0.12244827141428158
364426, 0.8289452313003939
1642378, 0.93798215108721
899993, 0.9326155909256869
752538, 0.32052258606282097
1640355, 0.005720704392734686
1446827, 0.03411322803224903
62394, 0.4190353710536828
842684, 0.3826901133223792
1640893, 0.26597898480935805
688589, 0.2543888206630643
208335, 0
1642449, 0.7951595875515075
858065, 0.8275078451087899
1640919, 0.009632283238090584
1528791, 0.6834470567170372
1528294, 0.7252724658672982
1520, 0.12700772845950803
1640952, 0.6199038138044722
92156, 0.7311645412363634
63997, 0.06961073876516916
69119, 0.8964053915765386
