Prediction:
752640, 0.1366355517643495
972801, 0.2354117344853773
737284, 0.12264852454944743
1528837, 0.35609735902408307
954885, 0.7011727224283205
1527823, 0.6698305029409123
1640977, 0.33936380856328
157713, 0.8726146023441639
1285138, 0.011788319002039851
1437208, 0.324091957502539
1349151, 0.3068209139567617
1592870, 0.4753444588506328
93228, 0.10277553151030738
465460, 0.5634910035450572
954934, 0.854866976020661
84556, 0.4408419198308841
1567308, 0.6688982551095014
1577550, 0.040881513580747236
1285709, 0.9567182645052976
654928, 0.6464328356837015
620647, 0.1964076465735062
864364, 0.5425728497563724
575603, 0.4110628127202368
1280627, 0.07353106491614829
688257, 0.007911074286590597
1443970, 0.7198495204840416
1527947, 0.00722540898380196
737424, 0.10822220120715245
201877, 0.2636373912976818
1457820, 0.33984683998701243
603293, 0.4742055292619734
809120, 0.6293362858135033
883875, 0.1676303955037621
1641128, 0.28880539276620837
1534634, 0.9742922983677499
1641655, 0.7443658378139721
955073, 0.7937660453311558
954571, 0.9158751972215264
736971, 0.05492397758289961
577227, 0.3633221398801072
45264, 0.9398150997300337
455393, 0.053482752600438443
728290, 0.12328842379037978
688357, 0.11549815323757404
1301747, 0.353089784112691
105205, 0.8512638697191205
865015, 0.8393744838679889
665348, 0.3090752632911402
820998, 0.5048863485182443
759559, 0.0258912226125991
1301769, 0.03963280687735863
609034, 0.14363203098327285
80649, 0.16830941933346696
1641240, 0.3694795710472075
965916, 0.6891929526211529
34078, 0.1274555543295571
1470241, 0.049333099898743314
1348900, 0.11305541469688996
333106, 0.23657428918972193
1527607, 0.5289486138765749
954703, 0.9116602903959385
1641298, 0.47143435212237517
1641300, 0.07350815974331716
727385, 0.2926420045128313
304989, 0.4711378141218443
981861, 0.9707197982249635
212325, 0.5847504553721224
756584, 0.3756619482356257
331630, 0.2927381104553378
473976, 0.7881423154466289
63356, 0.1372188364754443
51590, 0.0493638540280575
1640328, 0.9688793274160976
954762, 0.7906814207986931
1642379, 0.9107316789438153
1527698, 0.33414858510505707
1527704, 0.08595925113979586
543133, 0.9096522776155662
954781, 0.7751331581636322
1301405, 0.19486985154522
619939, 0.856438316520057
605612, 0.3098690301406676
585134, 0.7007637207521193
1433006, 0.6602461883513489
934321, 0.7681905233558908
1642435, 0.3048799967977827
1637320, 0.3933258739453403
936907, 0.4142055515337748
54735, 0.2810116323876996
70610, 0.2004848872341006
1508820, 0.5195752010681158
1292758, 0.8327419099333511
104407, 0.9761641682214712
992729, 0.03378762193739853
199642, 0.7309833663775415
160234, 0.2919694182819802
1528304, 0.0968328202089559
629753, 0.719374591831134
931327, 0.07934212833433263
