Prediction:
1556484, 0.033382062308317854
688644, 0.3653250573211213
737290, 0.3144970499865101
1301520, 0.09940654877593551
1642001, 0.8860416514041197
1528850, 0.00031544042288391723
688661, 0.6246044532002731
971799, 0.5171871253888918
1642520, 0.035249706592512274
46624, 0.8951256804578452
1537067, 0.013301083222314441
1641005, 0.14757447405815574
1641010, 0.6165270653763855
688185, 0.597789139768019
954938, 0.7851749902235645
443966, 0.5596524975978868
599616, 0.00032062898285915186
439367, 0.5854219719048469
1537607, 0.29821351853963585
954956, 0.627373678031915
688719, 0.12404711107141936
615506, 0.3703811303945482
654934, 0.5056004493910958
1589851, 0.01123586167718999
104542, 0.8128043243698087
457824, 0.227434895357757
1641573, 0.2505458630462907
1527916, 0.891757916517521
737391, 0.38301460287734035
1301619, 0.32076415749424364
211078, 0.11254987992808413
52874, 0.8133095861896658
955024, 0.778806264671433
32404, 0.6522206612659754
158358, 0.7105412262777613
566940, 0.43724606277958505
50848, 0.569325042365132
1349288, 0.8341301948710417
860330, 0.6132022093348831
688818, 0.03932773179985616
1536181, 0.9588333697077717
48316, 0.8223708952711141
491718, 0.6272223719132859
1296583, 0.09893683957338475
954567, 0.8882777923537868
1566412, 0.6677684019290028
66255, 0.6006560265638565
66267, 0.04924792919095002
809183, 0.39655872702464295
425699, 0.3582689449249281
467683, 0.08258289391424131
464617, 0.9094546602955016
752377, 0.44995787019140077
872708, 0.005056961908219989
1640197, 0.9664510898869823
1301765, 0.6546160112147728
809221, 0.3110847102305453
809239, 0.3215353771235951
1528102, 0.00034318007982742457
809255, 0.48733917074120425
1536298, 0.7138156367132171
1640747, 0.8627564675069961
688431, 0.7830829335344633
1636657, 0.1171893563488191
213817, 0.5766567542424349
1466703, 0.5642380567707435
1301330, 0.27213095436492146
1545042, 0.4620429477292728
737622, 0.5745480545540326
1452895, 0.5917440204068185
950625, 0.22467212224866803
856937, 0.002541372771112773
493931, 0.48697447891713064
954743, 0.7950893808675674
809346, 0.04316271295079608
558984, 0.0026480743053487036
1642378, 0.9381763169524613
591251, 0.54240438806801
1640852, 0.3932065901423028
305050, 0.23293548236580958
934299, 0.8043576733322998
1640862, 0.5738529923164686
1640351, 0.3824102192610726
1642418, 0.17540283115825345
558515, 0.10497298955143641
1511354, 0.77373070327543
1330619, 0.280548560609412
1528770, 0.05308937762623493
1291715, 0.016314868429520582
901575, 0.9443271187049681
1640904, 0.011869379160521889
1537998, 0.5649864927611079
737235, 0.19115388477287343
1301469, 0.15241404655423357
37371, 0.05858172407995761
797692, 0.34208490051506196
