Prediction:
752640, 0.01732324557811848
972801, 0.3473063923631324
737284, 0.29500816213536296
1528837, 0.3876687422328776
954885, 0.6572739392161363
1527823, 0.8290348070931928
1640977, 0.24865624129412733
157713, 0.7909770691718375
1285138, 0.06257623399720655
1437208, 0.2837444682017684
1349151, 0.5036759008775183
1592870, 0.6221411490300665
93228, 2.076857333513759e-07
465460, 0.2346265506147452
954934, 0.8464853505514355
84556, 0.5804328414586812
1567308, 0.8529467813526564
1577550, 0.20087655415489156
1285709, 0.9257895624043009
654928, 0.6534723069319551
620647, 0.24817185133320582
864364, 0.3642699469904236
575603, 0.28081500216555494
1280627, 0.15457622752599662
688257, 0.00019168764402105674
1443970, 0.6053675788084459
1527947, 0.016577319066080363
737424, 0.1322672678429456
201877, 0.18663872108204319
1457820, 0.47965774876904627
603293, 0.5032125685538024
809120, 0.6114685131129654
883875, 0.2265393101075274
1641128, 0.39888080097962414
1534634, 0.9738464174418854
1641655, 0.8650269230860429
955073, 0.8278065597003351
954571, 0.9084796910638095
736971, 0.062282558795820515
577227, 0.34369727563261704
45264, 0.9548985349322864
455393, 0.00977722013729326
728290, 0.03863846675040064
688357, 0.13371479830080388
1301747, 0.3381656177513
105205, 0.8824429142699296
865015, 0.8574423978947352
665348, 0.45743663710515303
820998, 0.04784224503199763
759559, 0.024910410839375115
1301769, 0.12150669839124685
609034, 0.010833951487907539
80649, 0.2574985113144167
1641240, 0.4739448922533753
965916, 0.6655098258095289
34078, 0.06529013794502661
1470241, 0.31520987601804284
1348900, 0.3192533493455286
333106, 0.010653671563986665
1527607, 0.582828993622344
954703, 0.9178661465154188
1641298, 0.7163631759306782
1641300, 0.04194477430628215
727385, 0.26091637533279
304989, 0.42976099704112575
981861, 0.980074422999695
212325, 0.083407601409636
756584, 0.3029145704190036
331630, 0.3054531175372014
473976, 0.5661119299510473
63356, 0.49952273560682847
51590, 0.14085209565305043
1640328, 0.9659100648758078
954762, 0.7681781491317172
1642379, 0.9300219062219376
1527698, 0.20206036153173884
1527704, 0.41767009979204506
543133, 0.994188064788151
954781, 0.7621864220894095
1301405, 0.02830942680466751
619939, 0.9104972187610031
605612, 0.5368195446779704
585134, 0.7248789908878353
1433006, 0.5078055194543483
934321, 0.8477036061754519
1642435, 0.48856383848701
1637320, 0.30609203766850385
936907, 0.6373529660550926
54735, 0.4484924229288856
70610, 0.14351393410986277
1508820, 0.18139016970906385
1292758, 0.6925974828981774
104407, 0.9883382354198876
992729, 2.2534830829300043e-05
199642, 0.36914758601517933
160234, 0.47596208095290465
1528304, 0.05160254829533466
629753, 0.6444736868258749
931327, 0.008156609526315153
