Prediction:
752640, 0.5123534216842652
972801, 0.19420666723596677
737284, 0.10108526877721036
1528837, 0.3064333803324729
954885, 0.6947631088345275
1527823, 0.8484741489678521
1640977, 0.10205738122366396
157713, 0.7464482497177414
1285138, 0.11118749834183758
1437208, 0.2690308713513075
1349151, 0.4842377691320593
1592870, 0.2571437928222944
93228, 0.00014522827966014797
465460, 0.5648188140269348
954934, 0.8418591296162075
84556, 0.3830341257966046
1567308, 0.8663761833790079
1577550, 0.021635605286536828
1285709, 0.9417315849348586
654928, 0.5587851367263388
620647, 0.2286961611508451
864364, 0.1988665149063058
575603, 0.17718841134619084
1280627, 0.13847980555423273
688257, 0.012329704875780799
1443970, 0.5308310407888149
1527947, 0.002372823813327503
737424, 0.24195497013744527
201877, 0.2546454532495513
1457820, 0.13337720530221236
603293, 0.3395446679666319
809120, 0.6780303217477214
883875, 0.3893362726026801
1641128, 0.4831029775138342
1534634, 0.9695346269790607
1641655, 0.8233480629875669
955073, 0.8360135991966982
954571, 0.8876906175416811
736971, 0.08029517042181814
577227, 0.2935374976626062
45264, 0.9581651628409673
455393, 0.0296448941510363
728290, 0.036181234501860525
688357, 0.12478361516802007
1301747, 0.36815329931800767
105205, 0.8379339532560772
865015, 0.8177996405298378
665348, 0.3257058688594024
820998, 0.3082847264973457
759559, 0.06382509193460605
1301769, 0.012067036916594675
609034, 0.28209947056196594
80649, 0.4475781302688889
1641240, 0.48562820079713626
965916, 0.6911095493237066
34078, 0.020303038942107794
1470241, 0.12990782744598325
1348900, 0.029957598154680593
333106, 0.037016312846242565
1527607, 0.4083792525499872
954703, 0.898567278796572
1641298, 0.6408635160106709
1641300, 0.0029693488837254783
727385, 0.1226501965131404
304989, 0.21433426699640584
981861, 0.9789595002924006
212325, 0.13225288916178513
756584, 0.18841369309965478
331630, 0.295115871771522
473976, 0.6979572395569069
63356, 0.7529283957451492
51590, 0.020842722187507236
1640328, 0.9499820364913558
954762, 0.7868009073094588
1642379, 0.9257562487845529
1527698, 0.14396496317743843
1527704, 0.5844323730805769
543133, 0.9787139269781419
954781, 0.7676597260370909
1301405, 0.12413690361198947
619939, 0.8529045954271984
605612, 0.05578535764416648
585134, 0.7789095272185164
1433006, 0.6166496173379478
934321, 0.6698709223536986
1642435, 0.465058996180368
1637320, 0.3372550250132813
936907, 0.6234341771006143
54735, 0.09247448073617384
70610, 0.17655941434882333
1508820, 0.29273380501335217
1292758, 0.841360697685813
104407, 0.9860525671174221
992729, 0.10524283882659834
199642, 0.09425924304779541
160234, 0.4834102746249614
1528304, 0.0014572087491752806
629753, 0.6026383625257631
931327, 0.10189194019104983
