Prediction:
1556484, 0.07235317916609953
688644, 0.34361465353044485
737290, 0.4756294087478506
1301520, 0.01879409432163813
1642001, 0.8998676200558566
1528850, 0.028782578739104437
688661, 0.5523756085113068
971799, 0.16636500686195288
1642520, 0.0015994712836534099
46624, 0.9117691725254162
1537067, 0.0190396371956513
1641005, 0.29209660566117346
1641010, 0.6723818257524575
688185, 0.6755604011095885
954938, 0.8053730333469387
443966, 0.4538212535271958
599616, 0.1392954274815333
439367, 0.6871558189036333
1537607, 0.4297710208122412
954956, 0.673705103983181
688719, 0.09608052080983313
615506, 0.2121093518967103
654934, 0.49717622926036464
1589851, 0.07583777853045212
104542, 0.7438260756815047
457824, 0.30840107639918524
1641573, 0.1696646702560713
1527916, 0.8487724378358162
737391, 0.5434404145045961
1301619, 0.3014259349049154
211078, 0.04214213991961453
52874, 0.7648255968826436
955024, 0.8218431106099124
32404, 0.6064330873327929
158358, 0.6942210112724762
566940, 0.4434459140748265
50848, 0.5802791429337474
1349288, 0.870574476778636
860330, 0.6191420995632154
688818, 0.07251415130681746
1536181, 0.9353139520368022
48316, 0.4118701141000059
491718, 0.7750590919573731
1296583, 0.07097347675366293
954567, 0.88681859238801
1566412, 0.6793492309060846
66255, 0.5449643494206475
66267, 0.1591636834880805
809183, 0.23353146550807516
425699, 0.5670651049118712
467683, 0.020826638129045824
464617, 0.9010548350065539
752377, 0.41748947509294826
872708, 0.11788345951631435
1640197, 0.9548534703051303
1301765, 0.7334263454744542
809221, 0.40338841055008656
809239, 0.3735507118314861
1528102, 0.029901362605810018
809255, 0.34546716706742736
1536298, 0.5649001582000436
1640747, 0.9145154522683636
688431, 0.8217878451228913
1636657, 0.33380005807100693
213817, 0.32410325148775837
1466703, 0.5847186206734091
1301330, 0.016593004150408944
1545042, 0.45648384957714877
737622, 0.5807404133267189
1452895, 0.6225988174382646
950625, 0.22961312854099172
856937, 0.2660970139751198
493931, 0.199826222071895
954743, 0.783020027883824
809346, 0.039355664398385566
558984, 0.06062308900151628
1642378, 0.9251305277022619
591251, 0.46680795241119927
1640852, 0.40708065150595224
305050, 0.0885749323606482
934299, 0.7828751510895947
1640862, 0.5584230245604237
1640351, 0.44331310986577815
1642418, 0.07254930296503968
558515, 0.05640864107625626
1511354, 0.8289601453785279
1330619, 0.039049348613131425
1528770, 0.21907688650633847
1291715, 0.049080461942224415
901575, 0.9508393830308474
1640904, 0.050645355713968734
1537998, 0.37615200272402033
737235, 0.04154588469643956
1301469, 0.11175727770527541
37371, 0.4509174465940442
797692, 0.2227696658491561
