Prediction:
1556484, 0.0033858372995973474
688644, 0.304452547981095
737290, 0.3932451926400351
1301520, 0.15125523548834888
1642001, 0.9282986813961177
1528850, 0.046665837847253575
688661, 0.547288275272428
971799, 0.36089633661208437
1642520, 0.02273535411917224
46624, 0.862250832553971
1537067, 0.04326566752683635
1641005, 0.1059961640028647
1641010, 0.6162659954479806
688185, 0.5037784016223456
954938, 0.7482012977907948
443966, 0.5169968109317591
599616, 0.06889461524420974
439367, 0.6626311302844192
1537607, 0.17314889772199457
954956, 0.6234874648850395
688719, 0.11332789603480777
615506, 0.4044078406680194
654934, 0.3982353789144203
1589851, 0.009019882738467594
104542, 0.7507149618009255
457824, 0.0001377073845615497
1641573, 0.002898682429544263
1527916, 0.8093994942030405
737391, 0.17919732663174676
1301619, 0.3466778848020733
211078, 0.2708998191143068
52874, 0.8487961500325681
955024, 0.7576629796593336
32404, 0.4984771164690062
158358, 0.640103406955563
566940, 0.3940793620661572
50848, 0.46260625008876477
1349288, 0.8382846327027905
860330, 0.5713268345503364
688818, 0.0019727258349976004
1536181, 0.9079413007692413
48316, 0.6335969955617732
491718, 0.6630963075337799
1296583, 0.0672191810555826
954567, 0.9062621819609006
1566412, 0.5211535130047558
66255, 0.19651109473973447
66267, 0.06002461228759895
809183, 0.3753250154537524
425699, 0.622336367023752
467683, 0.0007081978197412367
464617, 0.9029199501431174
752377, 0.5669390357224756
872708, 0.00882671861019891
1640197, 0.9628513926169826
1301765, 0.731539000248837
809221, 0.29496587612968883
809239, 0.3423438028590762
1528102, 0.006438068901427762
809255, 0.43341786642533386
1536298, 0.4615612746114907
1640747, 0.9187970603022105
688431, 0.7336301419133953
1636657, 0.13706698156117164
213817, 0.651755684619897
1466703, 0.48612250134575025
1301330, 0.06742397005339629
1545042, 0.6258013296957265
737622, 0.570849199113894
1452895, 0.6297354554130088
950625, 0.26323720513709814
856937, 0.72833155450669
493931, 0.28178486683436127
954743, 0.7483381955420755
809346, 0.12239095487459241
558984, 0.245620368976857
1642378, 0.9561143041748478
591251, 0.5177659771108326
1640852, 0.3648421512468886
305050, 0.5547518347127458
934299, 0.8515991434999803
1640862, 0.5393256220744878
1640351, 0.4848145216617786
1642418, 0.23350903835462256
558515, 0.004262036957523238
1511354, 0.8136310215219813
1330619, 0.025567122223864078
1528770, 0.011373121798957195
1291715, 0.14017207521201613
901575, 0.9018519610596359
1640904, 0.07925464450404612
1537998, 0.26258609563204466
737235, 0.04696693407352463
1301469, 0.0278743109303399
37371, 0.19795078511615388
797692, 0.44925509733598473
