Prediction:
752640, 0.16797640303408304
972801, 0.4206918268266869
737284, 0.12895720387051426
1528837, 0.3096650878109987
954885, 0.7576901478294871
1527823, 0.7655124131236153
1640977, 0.30813689259123256
157713, 0.8470442239309489
1285138, 0.11011113822218972
1437208, 0.2758138933539317
1349151, 0.48222257792768136
1592870, 0.4258488480871433
93228, 0.021420504820635462
465460, 0.28136038251477435
954934, 0.8390705398774562
84556, 0.40756419406283967
1567308, 0.8867782687712417
1577550, 0.15685580836645327
1285709, 0.9760408504616526
654928, 0.6027148479584981
620647, 0.1740766004510106
864364, 0.24963558174882838
575603, 0.040879916725404725
1280627, 0.13593968838431836
688257, 0.014752007715689422
1443970, 0.6457802449705232
1527947, 0.015100055681174913
737424, 0.2666652402256205
201877, 0.2936737358549651
1457820, 0.5703044937118079
603293, 0.3394716648893893
809120, 0.6531693073340868
883875, 0.16179622661177254
1641128, 0.34773468447171635
1534634, 0.971118172559877
1641655, 0.7915246679737986
955073, 0.8009035443969278
954571, 0.895529545916051
736971, 0.08685139089446112
577227, 0.3361383486868478
45264, 0.9407448191913218
455393, 0.023050482450223415
728290, 0.0011990711015668544
688357, 0.1196870117775574
1301747, 0.4002526125190145
105205, 0.8510075299880473
865015, 0.7857837849213568
665348, 0.6257616112840118
820998, 0.42425496251131006
759559, 0.0036546250378641262
1301769, 0.01037013334603531
609034, 0.16733939713416054
80649, 0.5072838698051997
1641240, 0.45262607092866025
965916, 0.6536495642845456
34078, 0.032938299654613194
1470241, 0.08793333415463139
1348900, 0.02259317571997434
333106, 0.0013265027535247019
1527607, 0.4249836158807291
954703, 0.9299942904546329
1641298, 0.5743798723458279
1641300, 0.06803425863169438
727385, 0.1656065354022812
304989, 0.435703173235738
981861, 0.9853559720746297
212325, 0.20694873392180227
756584, 0.2995149968438784
331630, 0.20655082995568316
473976, 0.7272915225395851
63356, 0.1012145404309879
51590, 0.008468008094430771
1640328, 0.9692699381985744
954762, 0.7814891138143667
1642379, 0.9144874000739387
1527698, 0.21886678244219138
1527704, 0.33799562376771114
543133, 0.9523295362922323
954781, 0.7287480133650568
1301405, 0.08307325793069358
619939, 0.8451196067709269
605612, 0.31108491277712125
585134, 0.7919576643286208
1433006, 0.5325150434648472
934321, 0.682766494893609
1642435, 0.2445026067407581
1637320, 0.3602202488317881
936907, 0.4308032670077849
54735, 0.46719055918563196
70610, 0.187571624183377
1508820, 0.5446798696701756
1292758, 0.7359770200481975
104407, 0.9771952477986036
992729, 0.1279525907917592
199642, 0.3007495024655226
160234, 0.34917594934251234
1528304, 0.0020546771865832866
629753, 0.6926990754297233
931327, 0.012156439476005592
