Prediction:
688643, 0.09631185446526544
159749, 0.03160923241363085
688645, 0.06849087009091605
1527820, 3.564331563180175e-05
539663, 0.8440723506898967
303638, 0.5602993481781311
330271, 0.0012481499941569298
954399, 0.7675956666713415
70695, 0.9348879460137525
1295917, 0.38532022682203976
1642542, 0.8925260507884215
1527862, 0.972963879321686
1528890, 0.15480911470796194
200254, 0.7470847362974562
540741, 0.7010991342539049
761928, 0.31989306815400376
688201, 0.43935395690909756
37966, 0.007212179019313834
1537108, 0.01650981801749009
336476, 0.8042433384087772
511069, 0.4126714133542265
1301599, 0.08616488007943487
1528416, 0.1528569348626181
206959, 0.03615162445433717
478840, 0.09645059425895419
1503357, 0.6618973905462491
1642117, 0.023257934223833578
1536654, 0.19076709320336327
688274, 0.5008963010274259
1527963, 0.08727392189516474
688288, 0.06968048712830802
688293, 0.0026103263754192318
688816, 0.015315046080622043
745138, 0.12365011077433428
438974, 0.16785517781303613
88771, 0.584834408169321
459971, 0.8583641092732001
714443, 0.16571786878185268
1289425, 0.5849968757302508
1284820, 0.4672421709953631
954602, 0.8325937135968756
954604, 0.8996525816980603
208118, 0.6387101211250397
198910, 0.022244139865925106
809216, 0.37459035905253935
610565, 0.10510777042726462
1528071, 0.10003420653996924
453897, 0.5658102406297284
770827, 0.36657785943478993
216843, 0.15760692916569163
828171, 0.2313938425267493
306447, 0.6394161285294493
562451, 0.12713142609910374
1642271, 0.5182913446476292
1528097, 0.8155760129635605
28965, 0.8134586491162235
367910, 0.8189272568080336
1642296, 0.8258100429821766
1528125, 0.4427629064763617
1528145, 0.0772258881802639
1555281, 0.22950612134182552
49489, 0.9348504068983149
493905, 0.5930592567431081
876885, 0.031532297822204736
1290079, 0.6654093522441964
468834, 0.4653657209095519
1528677, 0.3612882029813928
756582, 0.8374613692787148
1338728, 0.7288346756157154
1528170, 0.36340741175940866
845165, 0.010217681771838785
1528696, 0.3994261294534865
617338, 0.5629503799362975
1301888, 0.11492146226803228
102785, 0.01968516985032806
1527682, 0.5756098814000276
940424, 0.44407646821336977
1528724, 0.003185925826543566
809380, 0.3840166552726179
1446827, 0.049214921095989905
864186, 0.8368528624450735
1291714, 0.7296553288686064
642499, 0.027215489495531292
688586, 0.8977989185244811
32721, 0.6497370106715569
954834, 0.6816116556838315
1536468, 0.49905971619242734
688598, 0.4243998578448595
1556442, 0.03512186296485998
901084, 0.8640824860744153
954845, 0.9002918111920356
1527780, 0.10651221686509911
1640932, 0.25548710959846976
477677, 0.05311503227948324
829947, 0.4057806938667512
1528829, 0.41386933238521506
