Prediction:
420098, 0.18891619591289632
954630, 0.8769951664755642
1527815, 0.3103851982256472
823821, 0.9342140720669213
737293, 0.3538663642297269
954899, 0.6379537170653858
1622037, 0.6400985984700484
1536022, 0.7791371115321443
65814, 0.27582978591422036
35100, 0.792373808632392
1639970, 0.9783745955194504
1642021, 0.4577962607338399
1528101, 0.41029608555335484
1528359, 0.5123092315936912
1640747, 0.8993122301676253
54063, 0.04660175519333715
978480, 0.9698777038161556
1495345, 0.2728732579076976
728369, 0.00026840325415913575
1301555, 0.45716348221334746
1641780, 0.5076961325651128
306229, 0.7186370246683857
1535033, 0.19635935826169718
158524, 0.29527043097940964
499518, 0.34731038766770905
475717, 0.14274682782111842
1445189, 0.7473151354830386
1637967, 0.2620387052799646
1301583, 0.5521736794155364
687185, 0.17563653725763068
1528917, 0.31320126071926035
954969, 0.7479607906454002
305497, 0.17749454771870846
737121, 0.045427398197110336
583010, 0.25510201568511776
361059, 0.2405090466035356
1440356, 0.963461005878476
1473382, 0.5055211985466506
954984, 0.694442928628957
87656, 0.03831344392164525
1641067, 0.5891445005960376
124012, 0.0038576186003221463
1536365, 0.7005924310322015
460654, 0.6165789404756292
1638514, 0.2688604468092813
302709, 0.7760296966167377
701308, 0.9908898008816913
1528447, 0.9549491455336233
688769, 0.7538567921884718
448646, 0.11494076180365095
688776, 0.46511695993876623
1527688, 0.28854302823274136
537481, 0.008749656039589607
1328268, 0.2808525955393023
559248, 0.9380892739981628
44689, 0.3517698032879523
1528720, 0.16622268907775034
158358, 0.8449023020512372
688792, 0.20174187736065086
1641112, 0.12859170595670613
834201, 0.7191406698226391
954266, 0.5482805260586705
36763, 0.5451379094687434
106144, 0.9293370709611539
50337, 0.4627260610222446
1640352, 0.9923469087803749
1642147, 0.37372509040254026
940451, 0.025783820089361108
1451942, 0.6045243328256267
860330, 0.6583281039799361
48815, 0.9433741148895008
327344, 0.9251505456954012
1642415, 0.3026787148896347
809138, 0.4584120760787847
1641907, 0.3096694536566562
1641399, 0.24217078501249473
954808, 0.6747933873485403
195514, 0.7662740285531502
688827, 0.6572760648423154
4285, 0.5301067725586942
305598, 0.027330872115507825
842698, 0.13086801589265143
809419, 0.12820086043374412
1640908, 0.3072644050932936
1451727, 0.38482057735352404
79581, 0.6954747698890784
954845, 0.9009792309666325
752352, 0.04610695171936474
1528801, 0.24344453957224838
1637091, 0.5204161516472552
1495268, 0.4630873278424041
105962, 0.059312781697531305
1528557, 0.5195898078690697
477677, 0.25858737182935454
1641453, 0.8106731715078753
944116, 0.0006901844768392261
688886, 0.20357606425838112
809207, 0.6486459788607333
1528310, 0.6654741531185987
727292, 0.4863472324618774
