Prediction:
752640, 0.11027647942520027
972801, 0.2543121930356023
737284, 0.1116065281813334
1528837, 0.441641061643109
954885, 0.7129521319526286
1527823, 0.7474643717793039
1640977, 0.40662641094552465
157713, 0.7217433136642597
1285138, 0.18955127388944218
1437208, 0.2661928313651365
1349151, 0.41827148458400126
1592870, 0.6372400088799535
93228, 0.009345542297639692
465460, 0.5678342243338858
954934, 0.8469460881852358
84556, 0.476681870268116
1567308, 0.7664888313269483
1577550, 0.11011852682005811
1285709, 0.9517353890910956
654928, 0.5030893597384066
620647, 0.09156619818757897
864364, 0.29096465990195247
575603, 0.2816760958332639
1280627, 0.0819459864176257
688257, 0.00029824407429504833
1443970, 0.7669098846365813
1527947, 0.1529970329592774
737424, 0.15609195434981465
201877, 0.21078781901414298
1457820, 0.2932020676628797
603293, 0.24877333632815998
809120, 0.47598661868800657
883875, 0.13483860473278228
1641128, 0.3525947183041507
1534634, 0.9485850831672326
1641655, 0.7574679632464764
955073, 0.8052925627562938
954571, 0.887999103087221
736971, 0.0641359921750415
577227, 0.4028141880357123
45264, 0.9371978801516871
455393, 0.03430791238178298
728290, 0.01289282729059539
688357, 0.11386156340089333
1301747, 0.30715538930795266
105205, 0.8552741683060623
865015, 0.8103151869578495
665348, 0.5767462749859615
820998, 0.18966612960985188
759559, 0.006810184407945408
1301769, 0.0061778585506097865
609034, 0.17202830770123828
80649, 0.6960611776831217
1641240, 0.3696199273760633
965916, 0.5839137603006844
34078, 0.007022929070693363
1470241, 0.14359979803233255
1348900, 0.5084676645427383
333106, 0.06664445187919289
1527607, 0.5310583703760212
954703, 0.9351146434647473
1641298, 0.4772943997620609
1641300, 0.10857154254652332
727385, 0.14002275268308945
304989, 0.6355140871976387
981861, 0.9593123557202703
212325, 0.05495479232391231
756584, 0.4198158400617648
331630, 0.34960530110951155
473976, 0.6490156263567408
63356, 0.39470496752726536
51590, 0.19234793591615335
1640328, 0.9272762958540461
954762, 0.7643877294462018
1642379, 0.8731450993799016
1527698, 0.13652442683205726
1527704, 0.31421921924098295
543133, 0.9047364130302012
954781, 0.8032918048345535
1301405, 0.17974260185255794
619939, 0.7877843103519448
605612, 0.44782246777536566
585134, 0.7677306534403313
1433006, 0.5665767052111957
934321, 0.7767928855915862
1642435, 0.21090635606736033
1637320, 0.4281981989577224
936907, 0.49825376757798173
54735, 0.37328384968848954
70610, 0.18757795176587105
1508820, 0.4706886245005544
1292758, 0.7639631013027777
104407, 0.9914906959577834
992729, 0.115704966809353
199642, 0.5996551873861574
160234, 0.4121241760719548
1528304, 0.0461112324721201
629753, 0.8479087388200485
931327, 0.44611374264132253
