Prediction:
752640, 0.24851469039285587
972801, 0.2671661073947546
737284, 0.3185256962579469
1528837, 0.3634780648150892
954885, 0.7569432809664266
1527823, 0.5458731516194476
1640977, 0.02612038466239833
157713, 0.6728704723155848
1285138, 0.3139891269032864
1437208, 0.11800901097739092
1349151, 0.40235659600310136
1592870, 0.6067909636952444
93228, 0.06021657034223745
465460, 0.5828783495402201
954934, 0.8547950218825321
84556, 0.5886661385724189
1567308, 0.8237437676564322
1577550, 0.01371122017641044
1285709, 0.9704079204068731
654928, 0.5559102538051903
620647, 0.14964203855535704
864364, 0.3939622349594734
575603, 0.521832359269461
1280627, 0.07800999117644673
688257, 0.042959091918947416
1443970, 0.758001485341567
1527947, 0.05514982673905375
737424, 0.06845042558900856
201877, 0.25362623425523645
1457820, 0.5239109712653885
603293, 0.2805312259038105
809120, 0.5275700053777348
883875, 0.2543722052920362
1641128, 0.2428917433744915
1534634, 0.9546341795995477
1641655, 0.7276788974129496
955073, 0.8443467940476861
954571, 0.8930296876871188
736971, 0.08130344074032086
577227, 0.3843908229317374
45264, 0.9424549804214059
455393, 0.2532086226584172
728290, 0.3041849854099633
688357, 0.10293884616951739
1301747, 0.3083967076791243
105205, 0.7381242477012858
865015, 0.778155469140409
665348, 0.5528881335032293
820998, 0.10083765758699895
759559, 0.009648805243227917
1301769, 0.08322856119655567
609034, 0.06161732094530482
80649, 0.47093680499784557
1641240, 0.45993096392534094
965916, 0.6634476472664151
34078, 0.04410893628299469
1470241, 0.20492798545626065
1348900, 0.03891384849681532
333106, 0.013583923103715057
1527607, 0.5094826516795721
954703, 0.922058567277967
1641298, 0.5692565649708888
1641300, 0.025438924148886127
727385, 0.0682079614410811
304989, 0.5577652800409925
981861, 0.9593000841477087
212325, 0.4633847724788202
756584, 0.20993169238313616
331630, 0.00030273997586773596
473976, 0.71347859576981
63356, 0.5923599240358363
51590, 0.27974572256011987
1640328, 0.9121295543532106
954762, 0.7411032782921372
1642379, 0.9022773330869867
1527698, 0.13694712586658667
1527704, 0.3673989486705037
543133, 0.9585355854324499
954781, 0.7596519582710337
1301405, 0.24761199215203863
619939, 0.8391050936833601
605612, 0.4986043902728049
585134, 0.8232915912683963
1433006, 0.5233047400673443
934321, 0.6730917850796637
1642435, 0.3410452913499983
1637320, 0.3575472922821209
936907, 0.4661556086713104
54735, 0.30542366147956745
70610, 0.23290919201114055
1508820, 0.5675629017248014
1292758, 0.8931398724384514
104407, 0.9882650940092593
992729, 0.1489349398544937
199642, 0.6320614475287472
160234, 0.6310286381815196
1528304, 0.010029111808764072
629753, 0.8823710295724839
931327, 0.26950871959714745
