Prediction:
752640, 0.18512594228725548
972801, 0.3066732574439327
737284, 0.07778972598346519
1528837, 0.39666654240271004
954885, 0.7996898386139544
1527823, 0.6093438369478329
1640977, 0.04740206555974208
157713, 0.8183057637972105
1285138, 0.20345234244400517
1437208, 0.07678676639907132
1349151, 0.3830410321076513
1592870, 0.28495312691453195
93228, 0.0074086058220588875
465460, 0.3858650591626737
954934, 0.8205775650650917
84556, 0.23253219048254908
1567308, 0.737760521711683
1577550, 0.5209074775044614
1285709, 0.9435284664721733
654928, 0.5576072599629575
620647, 0.13197574223735586
864364, 0.27181275618754397
575603, 0.24825066859961795
1280627, 0.1557770348843598
688257, 0.003018125459595925
1443970, 0.6125049927085737
1527947, 0.005264368790224699
737424, 0.03847398893842574
201877, 0.3368084730180085
1457820, 0.3144164026133702
603293, 0.3616229673352049
809120, 0.4833366878397677
883875, 0.052385111911808065
1641128, 0.28934923258646456
1534634, 0.9614135367736341
1641655, 0.6712566313644094
955073, 0.8023098517370143
954571, 0.9082928329390682
736971, 0.06766293610598469
577227, 0.31757339887572833
45264, 0.907050403916676
455393, 0.0005002613460226917
728290, 0.03128880781125931
688357, 0.13140159767463191
1301747, 0.21857608675373927
105205, 0.8060570842220292
865015, 0.7363387800926372
665348, 0.28624761272415683
820998, 0.6124912891373354
759559, 0.07410655687885088
1301769, 0.06039620184307188
609034, 0.11403120069066829
80649, 0.27819190550740264
1641240, 0.36384504180877864
965916, 0.5580410327381574
34078, 0.012889142848741677
1470241, 0.20961083862837626
1348900, 0.2872018734587201
333106, 0.0878500011268778
1527607, 0.2856866659691232
954703, 0.9005701177277758
1641298, 0.22531631441446442
1641300, 0.027355467119362053
727385, 0.016939282589230466
304989, 0.5957253900966036
981861, 0.9427532400798557
212325, 0.011359177303949178
756584, 0.11823516243851956
331630, 0.04690738694969447
473976, 0.6304403954578635
63356, 0.3634493165304969
51590, 0.010670325730312683
1640328, 0.9386339070913299
954762, 0.7275578503061736
1642379, 0.8813057609450288
1527698, 0.1634781182486568
1527704, 0.3521264809687012
543133, 0.8509314532860798
954781, 0.759943022003924
1301405, 0.03955409094288015
619939, 0.8287078930366906
605612, 0.25643188338224027
585134, 0.7743779243834378
1433006, 0.5936756680957797
934321, 0.6465662224567219
1642435, 0.049685873143379376
1637320, 0.28297600102089016
936907, 0.1957806786574455
54735, 0.49642169796917834
70610, 0.20600453032147484
1508820, 0.5950955982672645
1292758, 0.7067344380211078
104407, 0.9729529265871626
992729, 0.28225924378627765
199642, 0.6251939893606975
160234, 0.34071368133234564
1528304, 0.0188208016039047
629753, 0.5810953132221702
931327, 0.1901464035742889
