Prediction:
1556484, 0.09346038947001424
688644, 0.3833524855108451
737290, 0.5522914590813326
1301520, 0.11566482870903032
1642001, 0.9271848814655845
1528850, 0.0016302446399525659
688661, 0.5304257912933887
971799, 0.26095665607782276
1642520, 0.011572950504364042
46624, 0.8967202532098605
1537067, 0.0057032054899718064
1641005, 0.3157546869555174
1641010, 0.705046058564651
688185, 0.4263164792832288
954938, 0.7674384481674322
443966, 0.5497277327395528
599616, 0.0011330410937603337
439367, 0.5798774388932281
1537607, 0.18514625239600999
954956, 0.6462602058420036
688719, 0.20563316847311192
615506, 0.3787040666967216
654934, 0.32058584150965314
1589851, 0.03370965741643726
104542, 0.8196659474858309
457824, 0.041928431022175146
1641573, 0.0668894060925766
1527916, 0.8249094487563425
737391, 0.24926408493238522
1301619, 0.3227305918799543
211078, 0.13432030932864775
52874, 0.9027070220050804
955024, 0.7693158363183933
32404, 0.5357691529277178
158358, 0.565311681096194
566940, 0.6410907404064715
50848, 0.4072407356401815
1349288, 0.8711611244230074
860330, 0.7107447825052748
688818, 0.007361794468064538
1536181, 0.9404068034333596
48316, 0.5931017426602884
491718, 0.7752986482691575
1296583, 0.15987578230035962
954567, 0.8689265416486395
1566412, 0.5126449158149422
66255, 0.4928428140216184
66267, 0.39522382535948625
809183, 0.3181390404069345
425699, 0.48861567123542937
467683, 0.004378320494293171
464617, 0.8281301859949247
752377, 0.5778990626206526
872708, 0.005208267413617733
1640197, 0.9841559787453759
1301765, 0.7173884789594684
809221, 0.3605902408971054
809239, 0.23901964178317972
1528102, 0.04120081048719931
809255, 0.4241608970484235
1536298, 0.5707784656100205
1640747, 0.8546097752501527
688431, 0.7602693664263794
1636657, 0.3148201045658792
213817, 0.35579510440749557
1466703, 0.49149093808607225
1301330, 0.16678295351158554
1545042, 0.6029647878843255
737622, 0.544068440699382
1452895, 0.7839776380587186
950625, 0.18521501604541904
856937, 0.001992981614381036
493931, 0.1782469947111401
954743, 0.7628405802444095
809346, 0.0033343110178106258
558984, 0.08159095434761438
1642378, 0.9395227779260293
591251, 0.570635679617612
1640852, 0.40695361478541453
305050, 0.1400719185351471
934299, 0.7297546299796498
1640862, 0.6219357527610764
1640351, 0.4236156080822606
1642418, 0.027772326825069967
558515, 0.0037963980731210074
1511354, 0.7526726149268002
1330619, 0.005155412896779979
1528770, 0.06828926347970321
1291715, 0.0013700557841920924
901575, 0.9494368413279581
1640904, 0.007232989512399672
1537998, 0.09798741550179862
737235, 0.02348396413093671
1301469, 0.0633242380043848
37371, 0.010099480634994235
797692, 0.31591916174354356
