Prediction:
752640, 0.31431068119962935
972801, 0.2609047210031107
737284, 0.2589151938792047
1528837, 0.3153288024267252
954885, 0.7212181027006268
1527823, 0.8086599604052647
1640977, 0.20727143244484397
157713, 0.7347272541372296
1285138, 0.23259735606005244
1437208, 0.5205238879583951
1349151, 0.49989916999402334
1592870, 0.6605155327481255
93228, 0.09895924846307487
465460, 0.546502998190743
954934, 0.8176111086840883
84556, 0.4748893690208618
1567308, 0.678158228912925
1577550, 0.22258748110468157
1285709, 0.955515743859388
654928, 0.599842730134728
620647, 0.25561906982307536
864364, 0.659456991863347
575603, 0.3684299188902993
1280627, 0.0801328550391759
688257, 0.03829634443973471
1443970, 0.5876903871443347
1527947, 0.005384915077403885
737424, 0.18012769754212443
201877, 0.3249751193327292
1457820, 0.5161536749385456
603293, 0.3826091672923517
809120, 0.5777012184090968
883875, 0.43626721215723846
1641128, 0.3092687486295819
1534634, 0.9609573893504603
1641655, 0.7711041733610291
955073, 0.8434496722437259
954571, 0.8836946656773548
736971, 0.03426923526884252
577227, 0.398425804902227
45264, 0.9230207468974891
455393, 0.11522067444070208
728290, 0.13136935080073323
688357, 0.10336254759468932
1301747, 0.5470719904614851
105205, 0.8485948895661328
865015, 0.8011448393477407
665348, 0.6062118975532859
820998, 0.11268050130366311
759559, 0.08779518778155769
1301769, 0.0016296114016721912
609034, 0.2925001172195046
80649, 0.7042357428309804
1641240, 0.378127090121707
965916, 0.7139385071709107
34078, 0.11681288571379224
1470241, 0.36241433353841734
1348900, 0.009177714967132303
333106, 0.0023388254834049997
1527607, 0.544972318686573
954703, 0.9062693821239222
1641298, 0.42400793728579655
1641300, 0.17685577198105548
727385, 0.3055566910899663
304989, 0.4170609313618176
981861, 0.9786205460831627
212325, 0.0910387233182082
756584, 0.23262616590787497
331630, 0.4775677931900936
473976, 0.7915860068360275
63356, 0.255071937104777
51590, 0.04534480015497054
1640328, 0.9494933647109702
954762, 0.800827553679577
1642379, 0.9285706509487989
1527698, 0.2847531270551625
1527704, 0.2558164931714755
543133, 0.9486795578840983
954781, 0.7839811182691615
1301405, 0.09877534374586326
619939, 0.7720372590058708
605612, 0.1912592888394523
585134, 0.6836429153638535
1433006, 0.6037031709017779
934321, 0.7500568453953923
1642435, 0.10497408342341791
1637320, 0.28138937587676227
936907, 0.5296007285543674
54735, 0.3884758844880728
70610, 0.14976986016846017
1508820, 0.5929132582364871
1292758, 0.7962203305820705
104407, 0.982612291793571
992729, 0.061263924382265245
199642, 0.5849601017772335
160234, 0.5592053580274774
1528304, 0.00028675197979165267
629753, 0.8419466281180767
931327, 0.16682012123438622
