Prediction:
688643, 0.08746724971799093
159749, 0.02512435548323328
688645, 0.12578894201981136
1527820, 0.011879596810307709
539663, 0.9058011129773063
303638, 0.7623654499146266
330271, 0.036500018952348855
954399, 0.7603513450014519
70695, 0.9485524022690452
1295917, 0.722435873238399
1642542, 0.8845333017426721
1527862, 0.9528955148975415
1528890, 0.4300700341255588
200254, 0.8240486226221122
540741, 0.5415980353065812
761928, 0.3675401134428889
688201, 0.6559281587959593
37966, 0.002423210186961248
1537108, 0.011686338302995985
336476, 0.564951721570244
511069, 0.3783009303171976
1301599, 0.2628926397715647
1528416, 0.049598669442109514
206959, 0.3213703641189072
478840, 0.1383907406687219
1503357, 0.7994618001716312
1642117, 0.10382492781966944
1536654, 0.12416284033347617
688274, 0.5216227886896725
1527963, 0.423666541199382
688288, 0.20903610102564363
688293, 0.005095659983149864
688816, 0.008087707225696626
745138, 0.049024012075361695
438974, 0.8286820351673138
88771, 0.40780839629356475
459971, 0.801639675302449
714443, 0.2831883908023739
1289425, 0.2821275635793971
1284820, 0.677399209873373
954602, 0.8708039332163339
954604, 0.9107548932557186
208118, 0.6083768590390075
198910, 0.15793084923982384
809216, 0.3556079678177267
610565, 0.2036462950921879
1528071, 0.15792454113494697
453897, 0.6453793474684932
770827, 0.31801644581961536
216843, 0.5628698977013548
828171, 0.0848215519597204
306447, 0.6712703172806991
562451, 0.2731186351346514
1642271, 0.5646061385297353
1528097, 0.8237319267322195
28965, 0.7266104953273996
367910, 0.7740621448581835
1642296, 0.7063291397229581
1528125, 0.4563541846446947
1528145, 0.20351925971408058
1555281, 0.34889443063014974
49489, 0.9523040230448447
493905, 0.23993696929797392
876885, 0.40416865047803713
1290079, 0.8863242508242837
468834, 0.3797546843068141
1528677, 0.055660361330982934
756582, 0.8193412377050338
1338728, 0.7702756422001132
1528170, 0.42420669767683894
845165, 0.008806778861658305
1528696, 0.3570821009073595
617338, 0.7676456334512789
1301888, 0.15292814248777967
102785, 0.060712997668483114
1527682, 0.49835279206990235
940424, 0.6380061617487628
1528724, 0.0011482854506172423
809380, 0.06818091530836445
1446827, 0.08244550987255833
864186, 0.6499848178265365
1291714, 0.6652633825146756
642499, 0.05957317886998468
688586, 0.8172145389221538
32721, 0.5746820494957952
954834, 0.6457881237045537
1536468, 0.5402166077584373
688598, 0.5093226437166283
1556442, 0.03550965177098032
901084, 0.7759450560439467
954845, 0.9314812470196742
1527780, 0.000716545702792333
1640932, 0.5015329918296441
477677, 0.013490058239934235
829947, 0.35824139391117416
1528829, 0.2724711275635583
