Prediction:
752640, 0.2171237606074458
972801, 0.19219577878968028
737284, 0.15599864520772738
1528837, 0.45772925331208375
954885, 0.690161106637767
1527823, 0.4724224461782804
1640977, 0.36230632231769017
157713, 0.8244982689241627
1285138, 0.2617631923150196
1437208, 0.5648318406317112
1349151, 0.4220164438806377
1592870, 0.27489812052248275
93228, 0.004620326013596226
465460, 0.45451397278792977
954934, 0.8436000812591341
84556, 0.5278685739193663
1567308, 0.72735329615688
1577550, 0.34300898166995425
1285709, 0.9461781797846901
654928, 0.49366948048029363
620647, 0.05747000299879776
864364, 0.28858891111982815
575603, 0.2899067506328737
1280627, 0.05760447093149305
688257, 0.10245030561290992
1443970, 0.6735509032626843
1527947, 2.7506458860211997e-05
737424, 0.14155863678358893
201877, 0.24251392389861876
1457820, 0.46729522864667383
603293, 0.4351229889022105
809120, 0.5218066743372554
883875, 0.2229121393092152
1641128, 0.20484774638911268
1534634, 0.9395423397220961
1641655, 0.6423031358892555
955073, 0.7958680775919328
954571, 0.8928188890442103
736971, 0.017047691009497854
577227, 0.29463399017834246
45264, 0.9126566188918089
455393, 0.048783220826557526
728290, 0.024183561733826256
688357, 0.14965670182268165
1301747, 0.2942654659063591
105205, 0.7547226089404535
865015, 0.7642251205852081
665348, 0.4315811470735593
820998, 0.17280247542064192
759559, 0.0006520669573743741
1301769, 0.002542763189183144
609034, 0.02454750824825839
80649, 0.3712134056922521
1641240, 0.4455832087503563
965916, 0.34916046827808456
34078, 0.06588286492458931
1470241, 0.18927870225462334
1348900, 0.0009215470800414907
333106, 0.039491794386085646
1527607, 0.4480145611007878
954703, 0.9157364462576602
1641298, 0.30045183177476215
1641300, 0.0812306535759742
727385, 0.04036076533318479
304989, 0.46177551258764254
981861, 0.9140799200472784
212325, 0.05949804888386842
756584, 0.2301490172768955
331630, 0.45149398259509116
473976, 0.4026642150985626
63356, 0.48686846758813696
51590, 0.047369534681843926
1640328, 0.9099336216083309
954762, 0.7942847307439476
1642379, 0.881502157539079
1527698, 0.2089062232279922
1527704, 0.3903479252726392
543133, 0.9045906577225845
954781, 0.7763411881827866
1301405, 0.17415629648333447
619939, 0.8449063329353641
605612, 0.00414362941572043
585134, 0.7108098010808056
1433006, 0.627617371150399
934321, 0.6519978103241596
1642435, 0.1268771268449847
1637320, 0.28689864133802323
936907, 0.4033007290011247
54735, 0.44345195073635246
70610, 0.25727470055108664
1508820, 0.48078243128504433
1292758, 0.7012219134665565
104407, 0.9858762252299313
992729, 0.15671819747350818
199642, 0.6515371600371942
160234, 0.46454007974148254
1528304, 0.0018448244580765005
629753, 0.6228044711413707
931327, 0.036835861169762577
