Prediction:
752640, 0.27201989973668134
972801, 0.27008757745075523
737284, 0.2074825622006243
1528837, 0.3804648390936382
954885, 0.6897485536404666
1527823, 0.952799652274529
1640977, 0.18402673273089143
157713, 0.8417620681684789
1285138, 0.21309555654703075
1437208, 0.13939698963286926
1349151, 0.5453664561355104
1592870, 0.4162791234176568
93228, 0.11525877556957072
465460, 0.6499135859184957
954934, 0.8382810504229553
84556, 0.2960009923442206
1567308, 0.7746830044007879
1577550, 0.1640783575111142
1285709, 0.920775049111225
654928, 0.6058192016602736
620647, 0.2458421164881553
864364, 0.46458459601185154
575603, 0.21767284505762843
1280627, 0.18942595870511456
688257, 0.021594269418200435
1443970, 0.5522472076066136
1527947, 0.06569699388979994
737424, 0.07551593578369845
201877, 0.21632635064528125
1457820, 1.5211648221907223e-05
603293, 0.1236065231969247
809120, 0.6695524715743673
883875, 0.006171172223149228
1641128, 0.5062446058667038
1534634, 0.9745167175622157
1641655, 0.8523555794640282
955073, 0.8329228054900976
954571, 0.8912261504599784
736971, 0.11999995900375883
577227, 0.42538273018545597
45264, 0.9643885888417851
455393, 0.21992057240817983
728290, 0.495757380154842
688357, 0.12736114317688385
1301747, 0.5300191222657671
105205, 0.8313994845819702
865015, 0.8480635762266878
665348, 0.4369291516940825
820998, 0.4963170535191636
759559, 0.06530828128263048
1301769, 0.05368261977958906
609034, 0.06617681144686698
80649, 0.587997123004929
1641240, 0.27797775310470985
965916, 0.7566333041602531
34078, 0.06329384302078535
1470241, 0.1748780557583876
1348900, 0.40534840026753727
333106, 0.012040062406047334
1527607, 0.4959548399420822
954703, 0.9138865529034013
1641298, 0.596661660539566
1641300, 0.013234228883600065
727385, 0.24336525836650322
304989, 0.4421036173780704
981861, 0.9842961229903184
212325, 0.45049354723611273
756584, 0.3817155392338449
331630, 0.013197982234908054
473976, 0.6190406083822126
63356, 0.5645942134429309
51590, 0.14678184816220574
1640328, 0.9668521374590272
954762, 0.7658942952404734
1642379, 0.9399000220782757
1527698, 0.14207293679172564
1527704, 0.0805297612449258
543133, 0.9725219501985283
954781, 0.7777986887882812
1301405, 0.08081622335759063
619939, 0.8684339690092003
605612, 0.046460716891038145
585134, 0.8499762747418782
1433006, 0.5792358759786279
934321, 0.7644538587263764
1642435, 0.2710784477140345
1637320, 0.4425444715203369
936907, 0.40682135525312013
54735, 0.5394408223770044
70610, 0.23612953111920107
1508820, 0.30312882867951807
1292758, 0.7191019417539436
104407, 0.9816754145639944
992729, 0.31728668279800004
199642, 0.4179473320540509
160234, 0.3332322915189382
1528304, 3.9916301259729127e-05
629753, 0.6245962064819619
931327, 0.18729328578142126
