Prediction:
835072, 0.030914296153918424
539657, 0.08870662931357254
1641997, 0.25688875847606524
1639955, 0.33786282342679
1639959, 0.00637227524745612
1622038, 0.5189723617895686
637980, 0.02915376295239107
28188, 0.49748251476082567
91168, 0.00036229751690702974
954915, 0.9077023352603487
425511, 0.44552554823744867
688685, 0.16519243408535764
155185, 0.35121318320479417
39493, 0.49648911354055675
155208, 0.24768432049221722
1641035, 0.6044426693602521
1288277, 0.044870868451497174
755797, 0.3079203818125779
954462, 0.8647577629969602
812132, 0.13154298303083395
87656, 0.22342714829793872
1536113, 0.9045629577502597
48248, 0.06829545502744529
744057, 0.24283182969379477
210045, 0.5084620017771253
1642144, 0.5538550498586223
50337, 0.21327363496777388
325795, 0.5075845648041479
1527974, 0.2572584017578794
1642150, 0.5393155285579964
814256, 0.2850230824215523
1641143, 0.8509303165507351
438974, 0.18391122751201042
217297, 0.3569942634829271
1641170, 0.08755872827069235
688340, 0.010135630438191465
1641688, 0.0003298053061638801
688357, 0.12008785954706382
649964, 0.08589751595975657
930033, 0.9475695711304573
447747, 0.672187146679266
566532, 0.27472656103537874
1641737, 0.0822952662315086
49425, 0.6436580007649846
562451, 0.21192107665040225
817939, 0.006246044125385157
688403, 0.7264745505735181
817944, 0.2987061584417911
52506, 0.14608334914381174
452895, 0.46015805638224827
984872, 0.03292148540357607
311595, 0.5879614811390241
899888, 0.9602030398803961
646978, 0.6238383866685052
1642307, 0.07357644972091862
664904, 0.9313233428547666
1641802, 0.002678996122842587
1466703, 0.5036101810005081
1466704, 0.41850697771931783
809297, 0.2982132578287461
1640791, 0.0003029384458363877
305497, 0.16574342223069166
209245, 0.4633479784158533
603488, 0.40392271304925914
701282, 0.6793694877264095
752485, 0.7105985070689728
302952, 0.187822292434645
122731, 0.7180563668354062
563052, 0.0012373731334982855
1561972, 0.8944736499255753
1528692, 0.001393725218829754
1642361, 0.0006850137642637189
1528698, 0.6944096943050458
1301374, 0.12389806571729214
737150, 0.6190819839780165
51590, 0.006390373207033604
364426, 0.7930598665054465
1642378, 0.9421172207349265
899993, 0.8767287244114013
752538, 0.34284220376137114
1640355, 0.017450941399732422
1446827, 0.0032739803416670793
62394, 0.4381309066114509
842684, 0.3907234644489832
1640893, 0.18057254275238635
688589, 0.233209927789679
208335, 0
1642449, 0.8336675273335095
858065, 0.7460072676528464
1640919, 0.031051966519213527
1528791, 0.4904182964550722
1528294, 0.7692965027526113
1520, 0.18864454559872312
1640952, 0.6783576794029311
92156, 0.5516653516089185
63997, 0.10259957123142684
69119, 0.8684108357958104
