Prediction:
752640, 0.10593672034121837
972801, 0.24729907127189732
737284, 0.22191203744914784
1528837, 0.3396180080975845
954885, 0.7024448627078052
1527823, 0.842651931216293
1640977, 0.38625460813038764
157713, 0.7606270027628675
1285138, 0.12125890954876684
1437208, 0.2948712042568226
1349151, 0.43269446325357724
1592870, 0.35904983545778923
93228, 0.021341074309985955
465460, 0.6606266498846759
954934, 0.8331147273791005
84556, 0.5733317341848411
1567308, 0.6003743209279114
1577550, 0.14690550905544383
1285709, 0.9776321638797609
654928, 0.5692339300185515
620647, 0.25898511963960247
864364, 0.4375573725845843
575603, 0.11628394384796666
1280627, 0.11092328087304353
688257, 0.010157957882234989
1443970, 0.5336326727309755
1527947, 0.055262225336806095
737424, 0.13823778999406333
201877, 0.28578991432357403
1457820, 0.22666981418244794
603293, 0.30199115104488455
809120, 0.5520767573643854
883875, 0.2045402054092378
1641128, 0.2997732609853973
1534634, 0.9671003616610409
1641655, 0.7728980199996117
955073, 0.7849784716974829
954571, 0.9141755992550461
736971, 0.059376031903036225
577227, 0.45737498383356734
45264, 0.9379324049301371
455393, 0.08384227100435694
728290, 0.03806594135945142
688357, 0.13288322731973945
1301747, 0.3760508590060703
105205, 0.8232018684249133
865015, 0.8346235668774251
665348, 0.6084929349913549
820998, 0.33396149594536517
759559, 0.188121543460934
1301769, 0.06940207656928969
609034, 0.19365732154795717
80649, 0.5981584323279054
1641240, 0.4039880207580969
965916, 0.7715216338623762
34078, 0.18141624699429942
1470241, 0.11382281106412988
1348900, 0.01289240898637146
333106, 0.03919447734947148
1527607, 0.29430360755218954
954703, 0.9119880379023435
1641298, 0.5883509912805571
1641300, 0.03250596264592076
727385, 0.19362304591151883
304989, 0.5522380713367991
981861, 0.9892124924527816
212325, 0.20107183448324797
756584, 0.20721398953015704
331630, 0.15651153825628492
473976, 0.5491363770869032
63356, 0.6334153170361393
51590, 0.04779888433458027
1640328, 0.9037988276570363
954762, 0.7739579440302649
1642379, 0.9154851899716389
1527698, 0.21655418519379113
1527704, 0.4815569154640696
543133, 0.9502055075952013
954781, 0.765113234030374
1301405, 0.19352736191752148
619939, 0.8678309506541161
605612, 0.2747538188881103
585134, 0.6824602693619406
1433006, 0.6198014371202573
934321, 0.6031219177071308
1642435, 0.298511714160421
1637320, 0.3657987083086483
936907, 0.484264815395261
54735, 0.3937074892447777
70610, 0.20392190299663338
1508820, 0.546872132184744
1292758, 0.6319966623830895
104407, 0.9878506458534758
992729, 0.1178386999744847
199642, 0.5764955244113174
160234, 0.6085378350191407
1528304, 0.15399779416128861
629753, 0.655205127276263
931327, 0.08695121898863215
