Prediction:
752640, 0.2781627364839018
972801, 0.32689209248959056
737284, 0.4370277557043832
1528837, 0.38075686241910706
954885, 0.7111729869540578
1527823, 0.9567069504957064
1640977, 0.275580621459708
157713, 0.779747866927949
1285138, 0.0888577046132525
1437208, 0.38061847320812503
1349151, 0.40865111039682905
1592870, 0.6487537681288604
93228, 0.17447547754040313
465460, 0.5364908216567461
954934, 0.8445812286636678
84556, 0.2378678393116746
1567308, 0.7865409990007447
1577550, 0.28799295074599046
1285709, 0.9383417654102157
654928, 0.6188591231748423
620647, 0.341769601814994
864364, 0.40410679085944456
575603, 0.27171176309655276
1280627, 0.22533444078902898
688257, 1.1279949663282948e-05
1443970, 0.6081841292854124
1527947, 0.021647378814411936
737424, 0.129568035109089
201877, 0.34867946763433855
1457820, 0.7180451505809756
603293, 0.17516611854960845
809120, 0.570687959154176
883875, 0.2700589158630876
1641128, 0.37313154318388597
1534634, 0.9860141626890117
1641655, 0.8276263607220977
955073, 0.7855686404458776
954571, 0.8913872892474637
736971, 0.06417059398977472
577227, 0.4260109714094451
45264, 0.9664490523505495
455393, 0.11601937287848435
728290, 0.17665676753303847
688357, 0.11481485558234597
1301747, 0.39230416448781974
105205, 0.8294480288109903
865015, 0.8647365323818341
665348, 0.14728845654886139
820998, 0.774865988127484
759559, 0.0003312007757831335
1301769, 0.0074880183904013796
609034, 0.48635877378500536
80649, 0.6006627267354382
1641240, 0.26846527960945493
965916, 0.7511755304466284
34078, 0.22764916890176679
1470241, 0.10302610478429439
1348900, 0.3978689931592883
333106, 0.004926575286447593
1527607, 0.4614830268454826
954703, 0.9156598952370905
1641298, 0.6393126635505255
1641300, 4.174686327482742e-07
727385, 0.29741373853663705
304989, 0.42326689273160334
981861, 0.9809969240193562
212325, 0.0328408866864704
756584, 0.32799928895006014
331630, 0.1736271998676604
473976, 0.6458951957440852
63356, 0.4309314079976336
51590, 0.03613739779981739
1640328, 0.973456467080686
954762, 0.7853640108964364
1642379, 0.9107014349558861
1527698, 0.14320593605810353
1527704, 0.3181776994778171
543133, 0.9525455294816716
954781, 0.7701364879908507
1301405, 0.2261825596535222
619939, 0.8506479899822518
605612, 0.3238417179550404
585134, 0.832757753926005
1433006, 0.6408290879813321
934321, 0.7940585674089803
1642435, 0.21740845101877795
1637320, 0.3941185285287712
936907, 0.7064536915576062
54735, 0.1104554028021713
70610, 0.24417568793768496
1508820, 0.2723449531487749
1292758, 0.7156810886734447
104407, 0.9907895884297704
992729, 0.1387725191225897
199642, 0.5962328524178544
160234, 0.3274224039264879
1528304, 0.021297843006592362
629753, 0.45016253271823914
931327, 0.19694079672734455
