Prediction:
835072, 0.0005131965813810604
539657, 0.07916141781456615
1641997, 0.1256592279722545
1639955, 0.22405403053822426
1639959, 0.07996855638377527
1622038, 0.4736661905355918
637980, 0.023498164563144956
28188, 0.5818146283893257
91168, 0.03508225160549711
954915, 0.8999376613872992
425511, 0.37669340119209954
688685, 0.024686096099947177
155185, 0.2545952246037185
39493, 0.595588023944546
155208, 0.23932601566559705
1641035, 0.6679998449392768
1288277, 0.00019314483618137026
755797, 0.28854421796425794
954462, 0.8668927241553439
812132, 0.25678070805949826
87656, 0.5189696291950526
1536113, 0.8835163852911952
48248, 0.09470928916388464
744057, 0.5189835515392948
210045, 0.2094224556813802
1642144, 0.574733145847475
50337, 0.336782649396458
325795, 0.5008426212214256
1527974, 0.6726100855434355
1642150, 0.15034433788838852
814256, 0.3794557694264936
1641143, 0.9062066946746347
438974, 0.021402169991367303
217297, 0.4478619590136702
1641170, 0.10558140154705715
688340, 0.009311465412723399
1641688, 0.11693978521376279
688357, 0.11659966502668809
649964, 0.05480170794263225
930033, 0.9504150342283644
447747, 0.5200842204755525
566532, 0.3344393033215526
1641737, 0.15684319495171392
49425, 0.7076982891874036
562451, 0.1855131452733919
817939, 3.6742234390156277e-06
688403, 0.7688244192426289
817944, 0.3625295926704371
52506, 0.3284642413421555
452895, 0.37340492671183373
984872, 0.09940066400955956
311595, 0.5527911313977972
899888, 0.9613648065071599
646978, 0.8326425330222614
1642307, 0.02663109568313978
664904, 0.9492130541630072
1641802, 0.01558494083886917
1466703, 0.3647729557199087
1466704, 0.32903569116973214
809297, 0.3185472468243659
1640791, 0.06948882477554935
305497, 0.015700897230555327
209245, 0.15940927629678517
603488, 0.5632055630189933
701282, 0.5598830754910598
752485, 0.6923532721033601
302952, 0.18116201979026023
122731, 0.5472717265114163
563052, 0.0017340175756558648
1561972, 0.9337556752934901
1528692, 0.006625795685936728
1642361, 0.3950442039141137
1528698, 0.5993330926139966
1301374, 0.109792491532143
737150, 0.42888915396000254
51590, 0.0023608108888011846
364426, 0.8885824135154312
1642378, 0.9051825157948593
899993, 0.9176587234965115
752538, 0.3752702100731032
1640355, 0.1986991899215399
1446827, 0.0006244960941908916
62394, 0.384881576980837
842684, 0.011360951072940512
1640893, 0.33196711399304746
688589, 0.24460050941146114
208335, 0
1642449, 0.8754397352266476
858065, 0.760969876649291
1640919, 0.012460031651317427
1528791, 0.6108011664439478
1528294, 0.5743221921895052
1520, 0.41236912368387163
1640952, 0.7987099916927786
92156, 0.6747073324091907
63997, 0.26471869569808243
69119, 0.8347140950515626
