Prediction:
97281, 0.4561440226546186
1642243, 0.416705021801778
159749, 0.27310027621431887
685575, 0.023162871863590177
1546248, 0.865316422072074
759559, 0.001288596556268303
1642001, 0.9138149510904898
674833, 0.9959835034936614
817939, 0.0849768720989661
688405, 0.8293568335873169
1366807, 0.77068362471522
511514, 0.11474154482881825
637980, 0.006584126328922672
621599, 0.7174781735617703
76063, 0.34338899044513793
787236, 0.5666854513903432
498215, 0.5701805183848085
984872, 0.408161208976098
1640748, 0.9400933134798981
1528370, 0.14703089373658607
1536565, 0.8468792444127148
1641783, 0.8923970866299783
307259, 0.9693690134159214
1577533, 0.5686665506948909
1636929, 0.21181362411361873
513861, 0.06361830059624624
40265, 0.7280208011882038
954700, 0.8059993905366406
49996, 0.978982526411599
1330005, 0
737622, 0.6998552818962908
688474, 0.32401214373361686
954972, 0.8428032428546481
304989, 0.6211042610482258
603744, 0.41042284043383
1564001, 0.03940541029205789
331362, 0.044770866274019015
1641314, 0.5164776062310091
809060, 0.37274392549112223
609123, 0.45303360675787574
620648, 0.24684396531446814
954990, 0.35794040689298434
1509999, 0.05768821849593394
752494, 0.4073548361260012
45424, 0.8141217321079162
575603, 0.3270104910419713
28023, 0.45256329740653195
1642106, 0.3710369798649187
1537148, 0.19453143393064634
3965, 0.5586128232838656
954876, 0.6752998943759985
514433, 0.07766571911753092
102785, 0.07226422871799462
34948, 0.5907970996510434
87173, 0.41578114752473433
52873, 0.6592708581405232
50316, 0.015839777616669378
587660, 0.0006849849548741531
814483, 0.023592967727954422
714645, 0.47248088559180473
1528727, 0.3725536722663605
1528218, 0.19757526947795878
809117, 0.7550683881788395
1640861, 0.5937149508165659
212895, 0.2314256746831979
1642148, 0.7508037988130334
1301419, 0.23966119339943856
96941, 0.013194038172398344
934066, 0.4824427833720963
1642418, 0.004162861330512158
28340, 0.19069661070976665
1290681, 0.7414339991869313
1454018, 0.22216243135938987
88771, 0.6414517572192184
978889, 0.7056159403326102
342731, 0.5634445514294496
955086, 0.48837666857389417
66255, 0.310218995823709
75477, 0.8333730500124064
1451733, 4.780544796758635e-06
1640919, 0.11377083404940996
1556442, 0.03460500551939061
688347, 0.822909260724717
1528541, 0.7394029943715188
809182, 0.5677831016856679
686303, 0.2619046575815469
1575136, 0.0023191871673126116
654559, 0.3432812401951426
688356, 0.962820836568996
1642468, 0.0578387235733199
153318, 0.6817163512004575
753895, 0.038099308170132906
1513, 0.7639818287569297
1640426, 0.011191977044978013
1495275, 0.13790410211401014
104172, 0.8683128315762438
954859, 0.8442899581467108
737273, 0.07799532347707729
1640700, 0.18429062681888306
1640703, 0.46099518402919337
