Prediction:
688643, 0.14064451802479286
159749, 0.23563465926461863
688645, 0.1558534595978947
1527820, 0.0021597048693406725
539663, 0.9617926456744688
303638, 0.6424150562713162
1638422, 0.0895262485720496
330271, 0.026929895037751395
954399, 0.7766081802670881
70695, 0.9495294322852066
1295917, 0.725686911162897
1642542, 0.9557503822361257
1527862, 0.989567482274737
1528890, 0.5522970947202852
200254, 0.789014705475423
540741, 0.6902978903944783
1365575, 0.7549981450147769
761928, 0.3895166482970652
688201, 0.8777914901238574
37966, 0.009633250528084126
1537108, 0.0018665687787883475
336476, 0.5346692503740474
511069, 0.6451236578732887
1301599, 0.06596978286787272
1528416, 0.11454781072004845
206959, 0.21131190068112513
478840, 0.18164871071334507
1503357, 0.8565139418370391
1642117, 0.1494008763796935
1536654, 0.3948934296066359
688274, 0.6802354692791018
1527963, 0.19055265907330246
688288, 0.27049752473902866
688293, 0.023915970797249643
688816, 0.0155968654748645
745138, 0.011109858298023769
438974, 0.6874973230849829
88771, 0.6494742591265232
459971, 0.8997346590129885
714443, 0.3345554169337476
1289425, 0.4840456075407989
1451729, 0.5093857881405118
1284820, 0.37169590313589096
954602, 0.8912187465953815
954604, 0.9134040861823128
208118, 0.40569294709413395
198910, 0.18592551440732466
809216, 0.4592119491870812
610565, 0.14807034496579172
1528071, 0.011271310564621403
453897, 0.7117695790711619
770827, 0.1934189613030616
216843, 0.4250721979510403
828171, 0.33812059359269087
306447, 0.7816414584692482
562451, 0.3504523899402699
1642271, 0.6603284286139798
1528097, 0.7491435265418908
28965, 0.8833346868531063
367910, 0.8118039195443862
1642296, 0.723217560153076
1528125, 0.4966579832588279
1528145, 0.15572222660615012
1555281, 0.20317203252927224
49489, 0.9604671427660685
493905, 0.6440193123294493
876885, 0.3740882280256619
1290079, 0.8052237517517365
468834, 0.37290240010962467
1528677, 0.002531040390175268
756582, 0.8413142973549934
1338728, 0.745050913838007
1528170, 0.49524526293472776
845165, 0.010235551697368488
1528696, 0.34872799119238884
617338, 0.5825319904320574
1301888, 0.23187693064823342
102785, 0.13235114080404864
1527682, 0.6299353694853892
940424, 0.6183043029475801
1528724, 3.478804494848099e-05
809380, 0.5859536151089783
1446827, 0.08766992628267077
864186, 0.7776281304808403
1291714, 0.6474865125285226
642499, 0.08723106033639853
688586, 0.8845134414316899
1513931, 0.020245826902827332
32721, 0.5941502360089279
954834, 0.705659865838546
1536468, 0.5819748091419362
688598, 0.6250118202582062
1556442, 0.01483722685956403
901084, 0.8204204020780055
954845, 0.8837285138119171
1527780, 0.019811147071551887
1640932, 0.0005969887246748643
477677, 0.23493449060923594
829947, 0.31069442369880773
1528829, 0.24287279229680703
