Prediction:
835072, 0.011031037275569323
539657, 0.14643860805500367
1641997, 0.2444179801147463
1639955, 0.31320543894927366
1639959, 0.13691264242406403
1622038, 0.40905641252973923
637980, 0.05714388097998585
28188, 0.5314636726264463
91168, 0.018986696362657315
954915, 0.8970602473642674
425511, 0.9972126373342425
688685, 0.002870643370145206
155185, 0.294720958871625
39493, 0.3934045006530003
155208, 0.3460964306936144
1641035, 0.5920226553800205
1288277, 0.008041971375773187
755797, 0.444943287595006
954462, 0.8130204417285407
812132, 0.26227574514719554
87656, 0.2426857174704795
1536113, 0.9419537122906032
48248, 0.06882693998321987
744057, 0.3460276558381757
210045, 0.15047164241409558
1642144, 0.5512899908175762
50337, 0.30549855726364755
325795, 0.3197657165679014
1527974, 0.4964458651524936
1642150, 0.5849329811984247
814256, 0.4031594783424148
1641143, 0.8470615981258192
438974, 0.13900555300053138
217297, 0.34260281425979666
1641170, 0.13383425680087838
688340, 0.012449063764815272
1641688, 0.11892118193747891
688357, 0.18280429195294257
649964, 0.37206274239402415
930033, 0.9310128429915304
447747, 0.6265260487906174
566532, 0.20766059589780783
1641737, 0.06592722081253058
49425, 0.5994548632332898
562451, 0.31209636860988454
817939, 0.034095249225350795
688403, 0.7750055164421737
817944, 0.3922808901069973
52506, 0.16151778931157254
452895, 0.40649815478143797
984872, 0.00684246766784774
311595, 0.6141879325625429
899888, 0.9295379758943952
646978, 0.6586527630434762
1642307, 0.029788938146765444
664904, 0.9431628975147016
1641802, 0.009780957762167947
1466703, 0.5921676213549926
1466704, 0.31111926881154306
809297, 0.15531362933702067
1640791, 0.1226676187185909
305497, 0.005593312581599797
209245, 0.329932163207307
603488, 0.46603428429816957
701282, 0.5052153573676077
752485, 0.688876570040061
302952, 0.4818289663879435
122731, 0.7250826227169899
563052, 0.03451738031473996
1561972, 0.8268325689613995
1528692, 0.027283155812160575
1642361, 0.19343512684261183
1528698, 0.3650388764377803
1301374, 0.06585632896550613
737150, 0.5671410861783732
51590, 0.1830407545136552
364426, 0.7443972589149027
1642378, 0.9516486164524148
899993, 0.8744503311268131
752538, 0.40947325965934517
1640355, 0.0071976932390961645
1446827, 0.0003675794895152785
62394, 0.3300577421521652
842684, 0.1526768074298041
1640893, 0.12097652534357477
688589, 0.31757071254883584
208335, 0
1642449, 0.8533136483283164
858065, 0.7373169801731922
1640919, 1.8686061215125573e-05
1528791, 0.6262999847974667
1528294, 0.7091662211860207
1520, 0.2509111198215068
1640952, 0.6550303294759585
92156, 0.6885338745214017
63997, 0.08229600270440061
69119, 0.7737417140503853
