Prediction:
835072, 0.00013644090719328261
539657, 0.2085225244070757
1641997, 6.326246760989652e-06
1639955, 0.17423524986107236
1639959, 0.24127722599745313
1622038, 0.5009981544873636
637980, 0.013466928895307737
28188, 0.3762463265732251
91168, 0.0012642577783813598
954915, 0.8930950568736529
425511, 0.5097061286112539
688685, 0.021091648575859698
155185, 0.48883767097867215
39493, 0.44135635949798474
155208, 0.38262604553907364
1641035, 0.6818381752226886
1288277, 0.05055129708327197
755797, 0.49363798374029505
954462, 0.8409576549360404
812132, 0.4228048391430812
87656, 0.17785175319492946
1536113, 0.9090515843078126
48248, 0.13997970661540204
744057, 0.3519261459456164
210045, 0.1468635877094777
1642144, 0.5729654268427341
50337, 0.36188462812462957
325795, 0.4313645000770149
1527974, 0.5805101489326094
1642150, 0.4077259743890369
814256, 0.4822562327851422
1641143, 0.8875104696612053
438974, 0.14139444364488765
217297, 0.5145989129428068
1641170, 0.06802493262445873
688340, 0.00033018655946348417
1641688, 0.0005989569614879239
688357, 0.18284263925996153
649964, 0.3426510618894218
930033, 0.951895441240553
447747, 0.6805221037806192
566532, 0.2864544580997506
1641737, 0.2250186288212295
49425, 0.6727971202558042
562451, 0.15227888609869308
817939, 0.0019461147630615895
688403, 0.7138330077522369
817944, 0.39978962300621446
52506, 0.23378471615237326
452895, 0.43089572361266515
984872, 0.5192183404615403
311595, 0.5282233683954138
899888, 0.9030308306291627
646978, 0.7190928834537244
1642307, 0.00022287915368475518
664904, 0.9656024660967044
1641802, 0.014305351084352231
1466703, 0.2798339273467617
1466704, 0.4457735473703322
809297, 0.29389895987832443
1640791, 0.02678502238949904
305497, 0.0022718131914665346
209245, 0.8020469206680699
603488, 0.4146536053445083
701282, 0.7266408598712067
752485, 0.7282309007889523
302952, 0.2535572971557263
122731, 0.8338910681071515
563052, 0.0735742615429313
1561972, 0.9685511448842027
1528692, 0.010806893273853022
1642361, 0.18605368282750925
1528698, 0.4977684583070516
1301374, 0.1572005169820478
737150, 0.4068551085664867
51590, 4.2826458870876314e-05
364426, 0.8450382157246072
1642378, 0.9373479158366178
899993, 0.7342265304439173
752538, 0.3239144665168419
1640355, 0.0757687524956616
1446827, 0.00614336288174942
62394, 0.2324867605289776
842684, 0.05192622430026991
1640893, 0.1004081319894255
688589, 0.19537354789782804
208335, 0
1642449, 0.8032590030818636
858065, 0.49696146937424585
1640919, 0.0006299068664211588
1528791, 0.6930570080849723
1528294, 0.8066623669621777
1520, 0.16862520962137664
1640952, 0.7889214492329344
92156, 0.44825619898701335
63997, 0.43307264401944096
69119, 0.83414586776544
