Prediction:
752640, 0.5132635495682791
972801, 0.20490708029952628
737284, 0.09079081353391368
1528837, 0.38627797581519924
954885, 0.7378797947537
1527823, 0.8657677281974062
1640977, 0.24492486306566238
157713, 0.8080504332061702
1285138, 0.35053642082627895
1437208, 0.2704520343588234
1349151, 0.47874243482161966
1592870, 0.5575027388700678
93228, 0.010320235437287063
465460, 0.5871124333968668
954934, 0.7988241173105963
84556, 0.41707373188203645
1567308, 0.6649733527646644
1577550, 0.20670427578071338
1285709, 0.9301041072462474
654928, 0.6670560166757386
620647, 0.3118098226226255
864364, 0.22205192907316634
575603, 0.08610488395155279
1280627, 0.13270163423388323
688257, 0.0032437044679787517
1443970, 0.6730333982146168
1527947, 0.0001267466887090878
737424, 0.20302342585849878
201877, 0.3196065732111872
1457820, 0.321750994130005
603293, 0.4142994920107566
809120, 0.5809603138393987
883875, 0.25022874412134455
1641128, 0.5040297990404998
1534634, 0.9691802370478709
1641655, 0.8255560246917995
955073, 0.8250970433143814
954571, 0.9107235299922563
736971, 0.08407621971443101
577227, 0.3912105321078393
45264, 0.9095398634865987
455393, 0.003227951694798576
728290, 0.06516957370431901
688357, 0.11065943517894225
1301747, 0.3712340138109628
105205, 0.8014746329769316
865015, 0.8799080288098942
665348, 0.29170884211412823
820998, 0.0040630502337346405
759559, 0.12434778625118147
1301769, 0.04034672594864269
609034, 0.05088614876988838
80649, 0.6714993009026237
1641240, 0.3782909182388778
965916, 0.6587894937717961
34078, 0.11143909369031524
1470241, 0.37307695087112536
1348900, 0.7767584543622893
333106, 0.0006864734768310722
1527607, 0.49016475343527355
954703, 0.9284727759791819
1641298, 0.6548804739035978
1641300, 0.11704880505572413
727385, 0.26577079915251856
304989, 0.5283213534441076
981861, 0.9792749743080628
212325, 0.4182309855649081
756584, 0.10447292360414992
331630, 0.005151861075561158
473976, 0.750316716425451
63356, 0.25383239490853665
51590, 0.012216873250719514
1640328, 0.9874624304361084
954762, 0.7814575816852855
1642379, 0.9035380158949369
1527698, 0.11902615386242911
1527704, 0.09269708036298424
543133, 0.9645507057056248
954781, 0.7410305119827886
1301405, 0.27017293285546895
619939, 0.8994982779319307
605612, 0.24092001749313854
585134, 0.8026861487388596
1433006, 0.6366739057617805
934321, 0.8973538050574759
1642435, 0.37004272343742217
1637320, 0.2842695904590663
936907, 0.5672505152863416
54735, 0.21672657365699888
70610, 0.16862545800568726
1508820, 0.19301762893713134
1292758, 0.832596573848063
104407, 0.9771342805950043
992729, 0.08737020593902975
199642, 0.7199315838711964
160234, 0.3283382008268801
1528304, 0.00023265220290248983
629753, 0.6077852530512113
931327, 0.11470811502184447
