Prediction:
752640, 0.08608972559353079
972801, 0.17759099852397864
737284, 0.3138709257801623
1528837, 0.38160979990585364
954885, 0.7023166237169463
1527823, 0.8429982713295899
1640977, 0.35364111609993254
157713, 0.882277442696763
1285138, 0.32291284387098784
1437208, 0.3776315174791712
1349151, 0.34897408649966244
1592870, 0.18259500038384227
93228, 0.006274023948324695
465460, 0.4673833595819154
954934, 0.8172800136823369
84556, 0.6855257977923119
1567308, 0.6926617291254878
1577550, 0.17896242470043888
1285709, 0.9659977419771374
654928, 0.6161988853521645
620647, 0.238335870504995
864364, 0.34320210968355264
575603, 0.2080647187859983
1280627, 0.06204584580799761
688257, 0.013807630253891394
1443970, 0.6973876914684932
1527947, 0.050154986202519514
737424, 0.2102744627658288
201877, 0.14288438863439712
1457820, 0.3784968381179779
603293, 0.4577595364518131
809120, 0.5718130723645497
883875, 0.1432521229176072
1641128, 0.29439236497808063
1534634, 0.9647568292120923
1641655, 0.7775885578856279
955073, 0.7957636952776366
954571, 0.894958827035128
736971, 0.10455836479392948
577227, 0.27194561246801613
45264, 0.921317676236546
455393, 0.007330431698432408
728290, 0.014497988545235773
688357, 0.10732680437979801
1301747, 0.35966333459298594
105205, 0.8880818443779024
865015, 0.795909494173052
665348, 0.44927167905919446
820998, 0.06291617014354291
759559, 0.0014773452559061358
1301769, 0.04898751306887361
609034, 0.31097136268637765
80649, 0.08659360640530676
1641240, 0.4594396378853323
965916, 0.7792411823301367
34078, 0.13450224868329577
1470241, 0.054072748305406176
1348900, 0.1521415734191525
333106, 0.058102243663245165
1527607, 0.42443842799926623
954703, 0.8921917015082915
1641298, 0.6583259174117863
1641300, 0.07390942343815483
727385, 0.16124374364859154
304989, 0.41306682156316993
981861, 0.9787034304252189
212325, 0.42999712349246016
756584, 0.2929065833216108
331630, 0.06986473260885283
473976, 0.6538093293839492
63356, 0.5595100224028757
51590, 0.001967243976379041
1640328, 0.9461966047727505
954762, 0.7802808935415947
1642379, 0.9148504551424566
1527698, 0.12554829422779878
1527704, 0.341571098631048
543133, 0.9166852569645604
954781, 0.7966859013537324
1301405, 0.10616050726145143
619939, 0.8410944718320928
605612, 0.19445343455212377
585134, 0.8549287455719775
1433006, 0.4671630757313858
934321, 0.7079524522240451
1642435, 0.26105170803517463
1637320, 0.3360286014335942
936907, 0.3606845361061905
54735, 0.27560871005499565
70610, 0.192296432967825
1508820, 0.6777874594351968
1292758, 0.8253008899669648
104407, 0.9802928328539314
992729, 0.012741514720010158
199642, 0.22296767337140883
160234, 0.17663768370015143
1528304, 0.009465495982905754
629753, 0.7328091354222678
931327, 0.025758120423167802
