Prediction:
1556484, 0.16055134181831804
688644, 0.36108054712380605
737290, 0.37282169237452584
1301520, 0.1132815070421287
1642001, 0.920123527741954
1528850, 0.012638645876911443
688661, 0.3995783370158152
971799, 0.2392235398700584
1642520, 0.010093328767657617
46624, 0.8720598651428999
1537067, 0.0407786128546532
1641005, 0.1742706878589358
1641010, 0.7867638095222808
688185, 0.5199703712320264
954938, 0.7449764986772328
443966, 0.5510254819110638
599616, 0.05612058670184445
439367, 0.7486500062320314
1537607, 0.459263163895293
954956, 0.6728081549994801
688719, 0.18264505335911474
615506, 0.2242214940767919
654934, 0.345878960340359
1589851, 0.0008768050658235421
104542, 0.7102325849282238
457824, 0.40527781667790025
1641573, 0.10152045634889544
1527916, 0.8140726834639496
737391, 0.34520070915202167
1301619, 0.3058321957641819
211078, 0.0990072570681432
52874, 0.7924991028799465
955024, 0.7779773902941077
32404, 0.7408564489889775
158358, 0.6847743694530191
566940, 0.19564864420256223
50848, 0.6361960764431341
1349288, 0.843202830781547
860330, 0.6915300497377531
688818, 0.024957417875699
1536181, 0.9425399765842483
48316, 0.693836225347005
491718, 0.821216336194864
1296583, 0.09937573959467214
954567, 0.8879013696380706
1566412, 0.550537512867952
66255, 0.46243915858341056
66267, 0.07833333661344288
809183, 0.25743285585813014
425699, 0.31893467812822307
467683, 0.2589215141163866
464617, 0.8529376439632731
752377, 0.5944758739064696
872708, 0.011499574420671285
1640197, 0.9679429642329204
1301765, 0.7811387808042436
809221, 0.3408519136174265
809239, 0.3617350661606092
1528102, 0.05552930558809898
809255, 0.4151270369726122
1536298, 0.6275454998548502
1640747, 0.9187732226727194
688431, 0.790640701083654
1636657, 0.07719283878843183
213817, 0.4449734083963554
1466703, 0.4010717879716048
1301330, 0.0922149581340852
1545042, 0.7452728067237351
737622, 0.5594131159794196
1452895, 0.7046239038927324
950625, 0.10139683695927558
856937, 0.25897914291763213
493931, 0.2888875381119289
954743, 0.7687758812005694
809346, 0.0020998278357707957
558984, 0.1646155222883375
1642378, 0.9546365498406327
591251, 0.5667526442577351
1640852, 0.3609492985443793
305050, 0.4305124178305989
934299, 0.796785656225375
1640862, 0.1779398753817052
1640351, 0.3832640994382879
1642418, 0.15007349841149625
558515, 0.019311489774353544
1511354, 0.7618821996048178
1330619, 0.00046355433954101355
1528770, 0.021420858430606825
1291715, 0.09805720108420428
901575, 0.9618168239195716
1640904, 2.1996518014320865e-05
1537998, 0.4591372633104913
737235, 0.2223976478180292
1301469, 0.1304171735360038
37371, 0.8144156774868643
797692, 0.4068545927649101
