Prediction:
1556484, 0.20839289062611618
688644, 0.36511974113226175
737290, 0.291473854763976
1301520, 0.09285149240204732
1642001, 0.8297169870344769
1528850, 0.025471231404407373
688661, 0.6162173534368777
971799, 0.5910893873791576
1642520, 0.08006571736959242
46624, 0.85431302526664
1537067, 0.0002270240120177955
1641005, 0.19675768168146762
1641010, 0.6635438424160833
688185, 0.5936423575436727
954938, 0.7611765023493234
443966, 0.5043618808298832
599616, 0.039988842720533
439367, 0.7348622654734288
1537607, 0.3043034323866242
954956, 0.6462753166940703
688719, 0.1489525999794729
615506, 0.18158635886800314
654934, 0.49022075442343477
1589851, 0.2415255870563126
104542, 0.7254895697304095
457824, 0.32655746880840003
1641573, 0.0117821287164502
1527916, 0.8647161859175174
737391, 0.4066465093348646
1301619, 0.3515594098562108
211078, 0.11625737858467428
52874, 0.7915925161148604
955024, 0.7954019087764831
32404, 0.5140414413951434
158358, 0.7550788734413473
566940, 0.48969029627219046
50848, 0.5941775342217666
1349288, 0.8496180586099397
860330, 0.6465793252149277
688818, 0.0013240181586293236
1536181, 0.9444078107124846
48316, 0.6437284729679746
491718, 0.6243046591359352
1296583, 0.06304497462925134
954567, 0.8906961016892588
1566412, 0.4796558424421263
66255, 0.5944976955039221
66267, 0.23500281586033323
809183, 0.22355952400908427
425699, 0.48999725007808803
467683, 0.20627510693113396
464617, 0.8325773846927026
752377, 0.410711715348648
872708, 0.02013085261035472
1640197, 0.9523299366118542
1301765, 0.6649916779635476
809221, 0.2855313856906098
809239, 0.3606672000169378
1528102, 0.017655487165385564
809255, 0.44787603833053274
1536298, 0.6361397181827813
1640747, 0.872586959257161
688431, 0.7550880641973948
1636657, 0.27488093143984216
213817, 0.624419229484581
1466703, 0.4449973380238514
1301330, 0.008099505739921898
1545042, 0.5607277173150053
737622, 0.6102409466593928
1452895, 0.49067025495227234
950625, 0.24967920812768807
856937, 0.5244246362769561
493931, 0.4984340226974684
954743, 0.7614391463092047
809346, 0.00017063591549387836
558984, 0.1659016515646873
1642378, 0.9555330281434269
591251, 0.3673478363795044
1640852, 0.3794914105752051
305050, 0.19472491540089246
934299, 0.7805894613676692
1640862, 0.1838268576998561
1640351, 0.37223024576392777
1642418, 0.02421382301023926
558515, 0.000597786715949201
1511354, 0.8640206005760589
1330619, 0.0005221026597388583
1528770, 0.10078414518549542
1291715, 0.005082640521811138
901575, 0.9447577359496016
1640904, 0.0044364568870886795
1537998, 0.10686344357173033
737235, 0.2905836652957246
1301469, 0.2888070529901283
37371, 0.17549856357191657
797692, 0.6246689656247193
