Prediction:
688643, 0.07048555745559065
159749, 0.010315839781028173
688645, 0.04114647067313037
1527820, 0.03817730676722887
539663, 0.9354648503351232
303638, 0.43914256061887436
330271, 0.02472921725001015
954399, 0.7502953732631605
70695, 0.9675801798680044
1295917, 0.754510624091867
1642542, 0.8747145182881951
1527862, 0.9726099731384902
1528890, 0.2547127060455079
200254, 0.8427146714380095
540741, 0.6033415414971343
761928, 0.28778540697884747
688201, 0.6691487022111244
37966, 0.0029100149932404775
1537108, 0.014854037446670772
336476, 0.6877862161719674
511069, 0.6461691398002408
1301599, 0.08728793402931552
1528416, 0.11197072595027033
206959, 0.02705746434286518
478840, 0.2060657136016207
1503357, 0.6926595280365839
1642117, 0.029775524661605438
1536654, 0.016289302095005054
688274, 0.5135486157431626
1527963, 0.40292508846851643
688288, 0.15128040497611037
688293, 0.01088397086192172
688816, 0.015628890466010972
745138, 0.0007506110512897206
438974, 0.24123163111155005
88771, 0.3684676072937998
459971, 0.7901077743744889
714443, 0.07485905211227492
1289425, 0.3351154962748633
1284820, 0.25383617480711
954602, 0.8763665658987059
954604, 0.8956563895820628
208118, 0.4180961941843229
198910, 0.058704450966710356
809216, 0.263975983179273
610565, 0.005767239411973123
1528071, 0.3348079794583688
453897, 0.5461627527335354
770827, 0.37628504902944926
216843, 0.5162944687648768
828171, 0.12118063127881576
306447, 0.48511713716623794
562451, 0.14985819634718683
1642271, 0.6432523541005815
1528097, 0.7066253688277063
28965, 0.8743134246363422
367910, 0.7508032577968111
1642296, 0.6788628316176627
1528125, 0.5957281357554782
1528145, 0.11190255655544902
1555281, 0.26099354728857216
49489, 0.9147057931669835
493905, 0.7438817340087865
876885, 0.10860594387069923
1290079, 0.7497076867821497
468834, 0.31751676447356564
1528677, 0.00011667030044959166
756582, 0.8697587070735195
1338728, 0.7606228134320744
1528170, 0.40869568155021424
845165, 0.006293070901381224
1528696, 0.30826018633220703
617338, 0.5282306829407293
1301888, 0.0010232380991744162
102785, 0.07426302041642507
1527682, 0.5807949659232939
940424, 0.7530680160114872
1528724, 0.00739571954927334
809380, 0.13905557118486522
1446827, 0.0004737872340296859
864186, 0.7360667712017587
1291714, 0.6306138357862894
642499, 0.07014499051020259
688586, 0.750469943980597
32721, 0.3733105902406211
954834, 0.6608013763878603
1536468, 0.4243016301043475
688598, 0.48106227128112405
1556442, 0.014702817358177541
901084, 0.7002655547208352
954845, 0.9179825966519402
1527780, 0.01685810967597789
1640932, 0.578648412833929
477677, 0.027666198240266428
829947, 0.1982526063707928
1528829, 0.03747782638617017
