Prediction:
752640, 0.1465293455902475
972801, 0.4088865371241374
737284, 0.4291236625277729
1528837, 0.3862674494294653
954885, 0.6538152016991216
1527823, 0.814987675999051
1640977, 0.17261696387824435
157713, 0.8042110979717825
1285138, 0.12079059541356808
1437208, 0.17775592371142174
1349151, 0.45430091251968274
1592870, 0.36875432935139413
93228, 0.044395058021852146
465460, 0.6899951176692274
954934, 0.8210306306893955
84556, 0.25500657782371067
1567308, 0.7676647618745969
1577550, 0.24851765167120288
1285709, 0.9101198536026996
654928, 0.6156597222456925
620647, 0.35334500113620965
864364, 0.4208588844745914
575603, 0.08581023837672849
1280627, 0.24881408704598157
688257, 0.014944572815081167
1443970, 0.6447866407392218
1527947, 0.0026289634557490923
737424, 0.17907397061960453
201877, 0.2378618503817716
1457820, 0.5445012709379262
603293, 0.2589317002487308
809120, 0.623384163902319
883875, 0.1174786239283424
1641128, 0.33294543430428536
1534634, 0.9567034809569771
1641655, 0.8333989112181197
955073, 0.8258277643347476
954571, 0.9120355129767942
736971, 0.08553042677489364
577227, 0.3171412871568674
45264, 0.9457358905616914
455393, 0.28088555716235486
728290, 0.08230439973442182
688357, 0.13654947735225587
1301747, 0.4457334447481425
105205, 0.9051356210079275
865015, 0.919944087162643
665348, 0.5010036480339718
820998, 0.09657770466784905
759559, 0.00010333761171488193
1301769, 0.05125518935225263
609034, 0.0841077598526812
80649, 0.4968597854752446
1641240, 0.44597092354765067
965916, 0.7747664642477932
34078, 0.004644549642328555
1470241, 0.16781668672302727
1348900, 0.15434991570801865
333106, 0.0018265172817610086
1527607, 0.5997181479818097
954703, 0.8982295670253679
1641298, 0.6504450121062186
1641300, 0.03996197861994651
727385, 0.04194969664955785
304989, 0.3971680568404179
981861, 0.9832450926122767
212325, 0.47610368650224466
756584, 0.3362478761841717
331630, 0.022583240254418106
473976, 0.6656722561644841
63356, 0.05374276565720069
51590, 0.00011905600758635665
1640328, 0.9783214756282794
954762, 0.7388269279606751
1642379, 0.9317698399188633
1527698, 0.27961620735812387
1527704, 0.12198339617195188
543133, 0.952489669769047
954781, 0.7758267095880425
1301405, 0.023543042787323654
619939, 0.8479324741028773
605612, 0.16605835042980654
585134, 0.851654454126543
1433006, 0.5993574632468717
934321, 0.7528791217461659
1642435, 0.4216211645058638
1637320, 0.39243766511695644
936907, 0.8076891904718116
54735, 0.4252442889042945
70610, 0.13932477087494188
1508820, 0.5864740216943175
1292758, 0.7685952260148495
104407, 0.9798253395742063
992729, 0.1277586453609814
199642, 0.5695296432878294
160234, 0.49290964436260354
1528304, 0.0012559848865037844
629753, 0.7260981909514629
931327, 0.1918923558948026
