Prediction:
1556484, 0.01153210556044533
688644, 0.3875400238030163
737290, 0.14891356850513854
1301520, 0.01584789083889817
1642001, 0.8413877938254041
1528850, 0.054597559495078954
688661, 0.38663621380400354
971799, 0.3917798524507804
1642520, 0.09997683551880887
46624, 0.8973068288459844
1537067, 0.012141224664000054
1641005, 0.2424848317739292
1641010, 0.7810341325409678
688185, 0.5243468659840802
954938, 0.7230589379325116
443966, 0.5065022154622902
599616, 0.044578734679997144
439367, 0.634885935913571
1537607, 0.3434048937580568
954956, 0.675002436997387
688719, 0.15882230192022376
615506, 0.2672149333660839
654934, 0.43183390451704273
1589851, 0.004681529812912659
104542, 0.7969284283689011
457824, 0.38072995283366745
1641573, 0.15325297782037722
1527916, 0.8838789363744971
737391, 0.3859310125754697
1301619, 0.33280510250112505
211078, 0.23128156631424196
52874, 0.8416641376359848
955024, 0.750281860748078
32404, 0.2775092518813013
158358, 0.6490970449154397
566940, 0.17995915650547023
50848, 0.6248667788130089
1349288, 0.884585943183331
860330, 0.687311084280944
688818, 0.044464869621686075
1536181, 0.9429060048653021
48316, 0.7246713262267159
491718, 0.7095253777377121
1296583, 0.1338471501708559
954567, 0.8976973087747927
1566412, 0.6962383959741014
66255, 0.12758725211643557
66267, 0.17310996655707422
809183, 0.3029165569166829
425699, 0.6067221915082999
467683, 0.0011720622732223288
464617, 0.9087407050607196
752377, 0.4923810983413054
872708, 0.005266907922983713
1640197, 0.937266415509736
1301765, 0.6734161210637195
809221, 0.343203315578153
809239, 0.3347427933332925
1528102, 0.04562148980830313
809255, 0.3859802093272673
1536298, 0.3495708844384799
1640747, 0.9111987289838689
688431, 0.7743956935717706
1636657, 0.11245795782490305
213817, 0.33580623871220167
1466703, 0.238926064962151
1301330, 0.20369650906819414
1545042, 0.6457633579935725
737622, 0.6094113254163799
1452895, 0.6546758038962595
950625, 0.12096766285530848
856937, 0.04496274186375046
493931, 0.3738444629373507
954743, 0.7092504376071251
809346, 0.004809999537479461
558984, 0.14280821372029448
1642378, 0.9486920226351229
591251, 0.5689142109356586
1640852, 0.3502256716220432
305050, 0.35476478237229614
934299, 0.8710190006935467
1640862, 0.2818175354435015
1640351, 0.41387069201916915
1642418, 0.017666599253111842
558515, 0.02865341186811628
1511354, 0.6840923727495929
1330619, 0.04810404821347174
1528770, 0.04449639309993143
1291715, 0.019063352745822132
901575, 0.9018883384365127
1640904, 0.03550065060610308
1537998, 0.013395514184073585
737235, 0.19778703453425264
1301469, 0.13200093329814838
37371, 0.2875221741568619
797692, 0.7758638830865843
