Prediction:
688643, 0.12403364042429027
159749, 0.14505868801317962
688645, 0.17924884973970295
1527820, 0.008483554436953223
539663, 0.9121715086874685
303638, 0.5529700433791542
330271, 0.0017504174402781934
954399, 0.7279168186861175
70695, 0.9533146825770827
1295917, 0.7953792594260277
1642542, 0.8773362975061724
1527862, 0.9926810716125325
1528890, 0.20760125790324147
200254, 0.8138543611098498
540741, 0.6101412196536264
761928, 0.3774540180271275
688201, 0.6905401958074946
37966, 0.0003892574295515217
1537108, 3.168589624451207e-07
336476, 0.6102674144314739
511069, 0.5674367367191739
1301599, 0.19615899218003796
1528416, 0.16070525763807775
206959, 0.12998091021848943
478840, 0.02222794474603851
1503357, 0.7707056274370926
1642117, 0.017222724965515846
1536654, 0.018649004229711785
688274, 0.5128156423263049
1527963, 0.19904100040454614
688288, 0.07156928211771817
688293, 0.005003395241279451
688816, 0.01753451812459038
745138, 0.0564122760461466
438974, 0.6995680792461352
88771, 0.3350891085663233
459971, 0.8511545403375365
714443, 0.16678723169271634
1289425, 0.6317617992278796
1284820, 0.04709786758624984
954602, 0.8342358172657803
954604, 0.9158005733539194
208118, 0.6999108483921747
198910, 0.18414660573555455
809216, 0.3221087498692959
610565, 0.042346443632144896
1528071, 0.17363236511232114
453897, 0.7363386872366756
770827, 0.2429357856234755
216843, 0.5416750579383969
828171, 0.3334339917794398
306447, 0.6968635633993223
562451, 0.2705867544873344
1642271, 0.7203624863532123
1528097, 0.5742447710047239
28965, 0.6657637377231488
367910, 0.7552888861074007
1642296, 0.703792817248465
1528125, 0.31212028961777627
1528145, 0.29694352988667133
1555281, 0.23695187025586043
49489, 0.9626206551569514
493905, 0.28597472126752876
876885, 0.0009795592344791252
1290079, 0.6293989227068996
468834, 0.36124821899529347
1528677, 0.08083514804597028
756582, 0.8013213567273023
1338728, 0.7057710272651347
1528170, 0.5482029981180304
845165, 0.006795264480199694
1528696, 0.3054870790959207
617338, 0.6905282516150748
1301888, 0.027262438062643547
102785, 0.08683419815386563
1527682, 0.48040902302357336
940424, 0.3022604292680599
1528724, 0.0004355734255629092
809380, 0.3040237135937674
1446827, 0.03649897836010301
864186, 0.7929381299775717
1291714, 0.5678365631185746
642499, 0.007764685067123807
688586, 0.7873692343194889
32721, 0.41703870778321683
954834, 0.6349282764451865
1536468, 0.45037141199607944
688598, 0.4947570178722637
1556442, 0.11656259185483196
901084, 0.9425182745786413
954845, 0.9267566778796935
1527780, 0.014748699485398585
1640932, 0.6175253128125252
477677, 0.06574784071685755
829947, 0.43410538340874755
1528829, 0.3446953549346504
