Prediction:
752640, 0.26403020167399854
972801, 0.3966461147883515
737284, 0.3114892664501048
1528837, 0.37931252080169775
954885, 0.6462521204453788
1527823, 0.9694397986985234
1640977, 0.33674974423188153
157713, 0.8257665976107966
1285138, 0.25090256828882224
1437208, 0.5032112932570232
1349151, 0.6184498079893872
1592870, 0.6352487092783513
93228, 0.009551845251023148
465460, 0.6705505170688101
954934, 0.8402590374418094
84556, 0.6394662676330026
1567308, 0.7141752159200715
1577550, 0.22372097463260765
1285709, 0.9499517052845365
654928, 0.6151776655755989
620647, 0.3133716843909526
864364, 0.3895431111069551
575603, 0.08211847493764864
1280627, 0.16210163381831014
688257, 0.005035138426947961
1443970, 0.41412588032078423
1527947, 0.035365538526623344
737424, 0.17124948422300185
201877, 0.21980564491368537
1457820, 0.5999160142468082
603293, 0.29052550666860505
809120, 0.6573038645680002
883875, 0.0996639736235628
1641128, 0.2621786308841304
1534634, 0.9607072110989041
1641655, 0.833207586539288
955073, 0.7786905002734634
954571, 0.8875382264093956
736971, 0.11139461963392039
577227, 0.48991704696772376
45264, 0.9745875501924777
455393, 0.0033844090204580663
728290, 0.08425449038356417
688357, 0.1612218799689708
1301747, 0.3395694482692894
105205, 0.8712390861660065
865015, 0.8892684547993732
665348, 0.5072244848466663
820998, 0.5700953362346994
759559, 0.010940481382107526
1301769, 0.04966505359581457
609034, 0.0005341897316415813
80649, 0.24633842062116854
1641240, 0.3046764514179896
965916, 0.7526375270993134
34078, 0.052588325205226286
1470241, 0.15115802185408814
1348900, 0.34760546840844286
333106, 0.0004298465363574563
1527607, 0.5110285585743118
954703, 0.8868220627707792
1641298, 0.6239539274907318
1641300, 0.012542512194592912
727385, 0.18870280026603278
304989, 0.4625251460295056
981861, 0.9737492176341642
212325, 0.11628171682306497
756584, 0.13394319803348068
331630, 0.08767215775482325
473976, 0.4541968715843529
63356, 0.42313601643701565
51590, 0.21529877649790286
1640328, 0.9740291916662549
954762, 0.7437495804382792
1642379, 0.8894823881788557
1527698, 0.09680942635270756
1527704, 0.12548372851207673
543133, 0.9607509503508173
954781, 0.7896507434707941
1301405, 0.10068290403542553
619939, 0.8608637804933387
605612, 0.18220193918846211
585134, 0.7382081645506489
1433006, 0.6350494770264699
934321, 0.8374056742536462
1642435, 0.28367425841448546
1637320, 0.38981687803755555
936907, 0.47807563990647434
54735, 0.011688514728504221
70610, 0.17853499569123688
1508820, 0.5608745045931958
1292758, 0.7220214736282119
104407, 0.9849845235576394
992729, 0.22775279878362337
199642, 0.5691427384806271
160234, 0.45820493363729853
1528304, 0.0006810629644965656
629753, 0.5539959019209224
931327, 0.1568288691284051
