Prediction:
1556484, 0.07719184254604196
688644, 0.42574185518253665
737290, 0.3546274437920462
1301520, 0.09782322548583486
1642001, 0.8532453174622652
1528850, 0.002100750853329862
688661, 0.6349649730391411
971799, 0.459773369280289
1642520, 0.0964331053310305
46624, 0.9347492284651904
1537067, 0.027059935858367763
1641005, 0.2749016938286422
1641010, 0.7246045861523084
688185, 0.6106773855853236
954938, 0.7415679119301779
443966, 0.5713194378054235
599616, 0.005066352445977785
439367, 0.5343428260994726
1537607, 0.1494511394402389
954956, 0.6587046538223433
688719, 0.2564302248400931
615506, 0.21979703323600996
654934, 0.4795949317661944
1589851, 0.031077263479881687
104542, 0.8690873674310344
457824, 0.15685636696035213
1641573, 0.0032598649621410174
1527916, 0.8845289743410185
737391, 0.38753174918819283
1301619, 0.30890100566272227
211078, 0.06543470314599442
52874, 0.803092929647632
955024, 0.7542190565450664
32404, 0.31806145473044267
158358, 0.6968968228895361
566940, 0.26369824521311236
50848, 0.5791321990694326
1349288, 0.9342490886531402
860330, 0.7846879942110117
688818, 0.07460258185646922
1536181, 0.9488263360090617
48316, 0.8122982061765329
491718, 0.7074612297111633
1296583, 0.2192213177847916
954567, 0.8860331060186506
1566412, 0.7614987238630244
66255, 0.5099424371449486
66267, 0.007408914480409496
809183, 0.1825492526043732
425699, 0.13088034715677332
467683, 0.10978862625454211
464617, 0.8791281723713168
752377, 0.4371692570462454
872708, 0.019606992160414456
1640197, 0.9430772476016915
1301765, 0.5371350366979697
809221, 0.34071967178763857
809239, 0.3788485973953139
1528102, 0.008176564113548864
809255, 0.41849647902706305
1536298, 0.5605915702959836
1640747, 0.8878650476513853
688431, 0.8405387840098033
1636657, 0.28757810414594864
213817, 0.5183071471276494
1466703, 0.6301484878205251
1301330, 0.3299060288255313
1545042, 0.5571329877555531
737622, 0.5994596500738419
1452895, 0.5407062829880435
950625, 0.2702225936488967
856937, 0.38471931840643725
493931, 0.3691833062577534
954743, 0.7620868027844936
809346, 0.007906603588291355
558984, 0.003153560943755702
1642378, 0.9710488832979407
591251, 0.3538418056814872
1640852, 0.16918600112233015
305050, 0.16527352218094524
934299, 0.8457291818480767
1640862, 0.3947711173142581
1640351, 0.4671754473311248
1642418, 0.06888540563795394
558515, 0.012880632014504378
1511354, 0.7486653882744156
1330619, 0.014810469891570055
1528770, 0.10263928269122509
1291715, 0.006000138148093725
901575, 0.9507993900860165
1640904, 0.03643209854917779
1537998, 0.07504040101915907
737235, 0.03721767110572422
1301469, 0.2033031891394919
37371, 0.5329537656880219
797692, 0.5029545626683186
