Prediction:
835072, 1.2388098646255141e-05
539657, 0.19777842994698416
1641997, 0.4066609199360595
1639955, 0.37521930703671613
1639959, 0.11258101544630454
1622038, 0.5899133771560541
637980, 0.00043432158162411236
28188, 0.5880927759899712
91168, 0.10570244581657279
954915, 0.9006242523497652
425511, 0.9930283163506444
688685, 0.01759676902934209
155185, 0.3247835883399947
39493, 0.6044043842091146
155208, 0.4783101131245757
1641035, 0.6570376926480839
1288277, 0.012579062186030478
755797, 0.3874549122692983
954462, 0.8175176863918522
812132, 0.31474134458228514
87656, 0.4498432002799808
1536113, 0.9297384472082517
48248, 0.12876753532604562
744057, 0.35784306904117535
210045, 0.4163748510479746
1642144, 0.7337903547225044
50337, 0.4092626617280824
325795, 0.4819989916711315
1527974, 0.6475507882765354
1642150, 0.5763349701472716
814256, 0.4775309071104442
1641143, 0.8824697695194852
438974, 0.32401036802832894
217297, 0.374298366805978
1641170, 0.0495246807751987
688340, 0.0038928715560202594
1641688, 0.09294764665922092
688357, 0.1873494744710796
649964, 0.2424894411243135
930033, 0.9569510581898435
447747, 0.5442280000804727
566532, 0.18924015840261607
1641737, 0.4381865733947591
49425, 0.704629955356744
562451, 0.17466360069136444
817939, 0.004199326422173892
688403, 0.7880857272330718
817944, 0.3679079868585059
52506, 0.23588833153415434
452895, 0.33872733293366575
984872, 0.3147074326966739
311595, 0.4880331004062504
899888, 0.893050788303167
646978, 0.6674729591531633
1642307, 0.1942173043414332
664904, 0.9724637345585654
1641802, 0.0014140392887099004
1466703, 0.4163949157710415
1466704, 0.37341215586616666
809297, 0.2629062477232134
1640791, 0.21765516753804695
305497, 0.13860590170075435
209245, 0.022554733603252428
603488, 0.5150453145178823
701282, 0.7562415539369066
752485, 0.6525533073336702
302952, 0.365044000172163
122731, 0.6263293488393232
563052, 0.10516410838767548
1561972, 0.7973152263656359
1528692, 0.009365557204092845
1642361, 0.22514668708384683
1528698, 0.5329991791528083
1301374, 0.03909732355729968
737150, 0.5018021795971805
51590, 0.07982472745635105
364426, 0.7491868631550772
1642378, 0.9490643964747574
899993, 0.8049302784190052
752538, 0.3605079178948192
1640355, 0.0722003350102462
1446827, 0.011362985720498354
62394, 0.46594368167251116
842684, 0.30266880276345803
1640893, 0.1252007366337408
688589, 0.1806519327049045
208335, 0
1642449, 0.8661901085953586
858065, 0.8516861285228267
1640919, 0.06910223344398865
1528791, 0.7342913610257137
1528294, 0.7936456482895983
1520, 0.18356441461427114
1640952, 0.8797657344172924
92156, 0.6157578523756445
63997, 0.09186225324296585
69119, 0.8361805918441747
