Prediction:
752640, 0.062228271144584985
972801, 0.22097593084034797
737284, 0.1274679975262442
1528837, 0.3764527499620902
954885, 0.6994647594338351
1527823, 0.9568629642472207
1640977, 0.3157657592927516
157713, 0.8385280928390947
1285138, 0.24602037649242658
1437208, 0.18567832388245956
1349151, 0.3899375853613111
1592870, 0.4022601310024395
93228, 0.05507230487325713
465460, 0.48286999191013147
954934, 0.8137302354375724
84556, 0.22801845010959051
1567308, 0.8151569551252144
1577550, 0.35026762715231535
1285709, 0.9457329929205446
654928, 0.6321426134693866
620647, 0.21049724994803723
864364, 0.5399923504404968
575603, 0.1924457716931028
1280627, 0.20569692445502596
688257, 0.0607186285903209
1443970, 0.69746614729491
1527947, 0.04255228412250194
737424, 0.30700244932878246
201877, 0.18955388457371858
1457820, 0.5270992654969038
603293, 0.36644367224659213
809120, 0.6660355206180746
883875, 0.044021628877309156
1641128, 0.37406572758073287
1534634, 0.97419503450684
1641655, 0.8228631843714277
955073, 0.859979023394464
954571, 0.9236980264495638
736971, 0.08013572814145692
577227, 0.3088209281442075
45264, 0.9611030829167405
455393, 0.10483139108177517
728290, 0.10671329965257775
688357, 0.10930343557440944
1301747, 0.4456411555969331
105205, 0.8420176841153248
865015, 0.79034953864604
665348, 0.6692894969854982
820998, 0.311769422508909
759559, 0.0309238505632952
1301769, 0.004762304947308697
609034, 0.030750198319435023
80649, 0.5504197829138312
1641240, 0.2515375689109182
965916, 0.6978516806018785
34078, 0.05731075791675263
1470241, 0.20632372202475732
1348900, 0.37722769556423813
333106, 0.00025792732827026397
1527607, 0.40993384300844
954703, 0.9080942088215065
1641298, 0.6062881839094335
1641300, 0.013590999746096932
727385, 0.15288545344693602
304989, 0.33305807991945524
981861, 0.9784527277683411
212325, 0.45101243914419836
756584, 0.26635907829668565
331630, 0.2211958578344112
473976, 0.6293759397085981
63356, 0.4485965253273267
51590, 0.08458511602216404
1640328, 0.9644681223038953
954762, 0.8070748085229001
1642379, 0.9027993120296239
1527698, 0.14536188854673476
1527704, 0.30727441372700887
543133, 0.9757855138576208
954781, 0.7766377884092861
1301405, 0.11393332079214769
619939, 0.8006010231664451
605612, 0.42180531601160803
585134, 0.8479730479327167
1433006, 0.5379305923035093
934321, 0.8404939417727783
1642435, 0.26638375016884297
1637320, 0.3771299492899696
936907, 0.673920296614422
54735, 0.43912855321742367
70610, 0.18865633117802436
1508820, 0.45048314216229607
1292758, 0.810697257334096
104407, 0.9849992047060977
992729, 0.15613085378237596
199642, 0.4595334816191487
160234, 0.4058615263915106
1528304, 0.0816543096514499
629753, 0.7225427245800639
931327, 0.058731909511663884
