Prediction:
835072, 0.04359942804041636
539657, 0.1794185221654649
1641997, 0.27401144726811744
1639955, 0.29355670044286264
1639959, 0.12435036308544736
1622038, 0.4703845494534215
637980, 0.0017277919781550184
28188, 0.4217981604257433
91168, 0.03795520748402657
954915, 0.8968069550888675
425511, 0.6565230304675924
688685, 0.04800054666856006
155185, 0.20514013999341943
39493, 0.6298727116799991
155208, 0.26974192611112985
1641035, 0.5875080015823643
1288277, 0.0028789645616070316
755797, 0.4167625704529452
954462, 0.8065420564077813
812132, 0.262460213734837
87656, 0.2781090518178447
1536113, 0.8687837732640132
48248, 0.048245246836047445
744057, 0.3260665848137554
210045, 0.3327587220648191
1642144, 0.32059077994977714
50337, 0.5128630335659122
325795, 0.558058429132099
1527974, 0.2465597803239722
1642150, 0.2431861460124199
814256, 0.606633636677635
1641143, 0.842317272072054
438974, 0.3865362458871925
217297, 0.3185358684522433
1641170, 0.10032924623655155
688340, 0.010776883006463765
1641688, 0.0035063833886447224
688357, 0.12960444626752404
649964, 0.10076418070890715
930033, 0.9389129372959559
447747, 0.553691269400059
566532, 0.335887899348194
1641737, 0.13754329686146113
49425, 0.7291592398145055
562451, 0.18912952671858663
817939, 0.05028518481079942
688403, 0.660480957642546
817944, 0.336818812829311
52506, 0.23748650499420343
452895, 0.21088563048489237
984872, 0.4690460762417536
311595, 0.30932208410931394
899888, 0.9269721102705017
646978, 0.7404713002159665
1642307, 0.0198519574400508
664904, 0.9668392676988914
1641802, 0.000839498049079731
1466703, 0.15553699242849056
1466704, 0.4659345605933663
809297, 0.28605139288390713
1640791, 0.10620253035599118
305497, 0.19647023041102557
209245, 0.41865730544633356
603488, 0.46092025756841815
701282, 0.6516645933641233
752485, 0.6317603131315634
302952, 2.3868461490272794e-05
122731, 0.7735083332869347
563052, 0.018375458019291045
1561972, 0.9440549876003698
1528692, 0.024271290581331366
1642361, 7.237890664201276e-05
1528698, 0.651815607207997
1301374, 0.000343973993013552
737150, 0.4823173792719819
51590, 0.007428324759218739
364426, 0.8235215687799733
1642378, 0.9240884862790102
899993, 0.881407087959487
752538, 0.36651854005263435
1640355, 0.13139427101498047
1446827, 0.089298545341758
62394, 0.49775900734154577
842684, 0.2963695058103307
1640893, 0.12318640761037629
688589, 0.2619286418878543
208335, 0
1642449, 0.8153166343850287
858065, 0.530777407369344
1640919, 0.05211143326327638
1528791, 0.6198612718411669
1528294, 0.70433905198491
1520, 0.22247812460664815
1640952, 0.701990096686082
92156, 0.6617078594315133
63997, 0.14780925908268835
69119, 0.8014662898866478
