Prediction:
752640, 0.05199485986825785
972801, 0.2916367685508958
737284, 0.32370828449464917
1528837, 0.43984090169646883
954885, 0.7389339091890251
1527823, 0.7425213915137838
1640977, 0.5506164786024441
157713, 0.7832619537770227
1285138, 0.14953511131479688
1437208, 0.4407279130525927
1349151, 0.5463324735993537
1592870, 0.24112798556436907
93228, 0.03704510751505726
465460, 0.6960571878855047
954934, 0.8564979064378119
84556, 0.31241451294317957
1567308, 0.8874279837016771
1577550, 0.14043408686774358
1285709, 0.9208190147159667
654928, 0.5038266735858223
620647, 0.16550958470010543
864364, 0.35225895924640666
575603, 0.31875516225350137
1280627, 0.0925771799422406
688257, 6.515192150345388e-05
1443970, 0.632830372967768
1527947, 0.008050641148929274
737424, 0.19606367889483256
201877, 0.08653833672194326
1457820, 0.5731622779677407
603293, 0.35969669314236435
809120, 0.589075038305417
883875, 0.48543979733579035
1641128, 0.3759334852385976
1534634, 0.9524311793098018
1641655, 0.7015742481309704
955073, 0.7491696908475044
954571, 0.8981647069068599
736971, 0.03777798089263546
577227, 0.33409827390644736
45264, 0.9424137202130997
455393, 0.3860413517395735
728290, 0.2505089483521165
688357, 0.12913360003123978
1301747, 0.3654293271639847
105205, 0.7874680805932629
865015, 0.7800375005931502
665348, 0.47567741060655916
820998, 0.08176080165956828
759559, 0.007637658225043245
1301769, 0.0036266316273042823
609034, 0.13530607354969892
80649, 0.5922638312111088
1641240, 0.26746181519257944
965916, 0.7093664377487883
34078, 0.09884464398732216
1470241, 0.09002204784843079
1348900, 0.1522316159915266
333106, 0.050727225867961565
1527607, 0.4642383882798979
954703, 0.8993276882316853
1641298, 0.4076033236041676
1641300, 0.01642578107292661
727385, 0.04220766516181765
304989, 0.49140003583797687
981861, 0.9663410365047989
212325, 0.25551994211994683
756584, 0.3055817079410974
331630, 0.25974268506932136
473976, 0.7264560373057989
63356, 0.8177391094985683
51590, 0.05350767769627749
1640328, 0.8997721444961614
954762, 0.7337337601954721
1642379, 0.9178371344712358
1527698, 0.27913519147004284
1527704, 0.3535064334690959
543133, 0.8901329989320809
954781, 0.8089312103824224
1301405, 0.23103705893794885
619939, 0.8227412858780255
605612, 0.1036886604017364
585134, 0.7025756553240402
1433006, 0.6336722359840181
934321, 0.7084454329108804
1642435, 0.23501825733939016
1637320, 0.27288562743576367
936907, 0.2591607238904304
54735, 0.16928163612482072
70610, 0.15435761529780728
1508820, 0.5444428337702363
1292758, 0.8089393179115757
104407, 0.9806187085871183
992729, 0.1990553843086605
199642, 0.6726527657561504
160234, 0.29957234410437916
1528304, 0.009490452449670653
629753, 0.5739769666418475
931327, 0.08486215894768404
