Prediction:
752640, 0.4742857384401462
972801, 0.20442034417862873
737284, 0.23936144552863717
1528837, 0.4332238111166846
954885, 0.731163510761595
1527823, 0.6371328239666955
1640977, 0.10289413346200593
157713, 0.8776896549527228
1285138, 0.21607120931050625
1437208, 0.25406291877852744
1349151, 0.43230796025388296
1592870, 0.5529812144817612
93228, 0.040084146329108714
465460, 0.5398421907255824
954934, 0.8312467859200069
84556, 0.17733261459215077
1567308, 0.7562520393119335
1577550, 0.007223466088525085
1285709, 0.9540502964107527
654928, 0.5370839916993532
620647, 0.09426167922496717
864364, 0.4071748393061673
575603, 0.390314990883822
1280627, 0.05147298682362866
688257, 0.004038891838927035
1443970, 0.6509608733837394
1527947, 0.0028074022874728533
737424, 0.045718616530336625
201877, 0.0936989249385682
1457820, 0.20681963964802394
603293, 0.3718413663872965
809120, 0.5576169121887943
883875, 0.09861192837422338
1641128, 0.2428433367971033
1534634, 0.954011523616056
1641655, 0.6124715809061618
955073, 0.8080508606640168
954571, 0.903934030918794
736971, 0.012430677685307099
577227, 0.33113251433107027
45264, 0.9257227420107862
455393, 0.008310597264204907
728290, 0.1449937467123258
688357, 0.11153023084411315
1301747, 0.1906520137590573
105205, 0.8241045899556405
865015, 0.788148356855727
665348, 0.49078786288421516
820998, 0.005516091371767135
759559, 0.00032727964337016236
1301769, 0.052274832794675825
609034, 0.08581336479148347
80649, 0.6538810895091351
1641240, 0.397150124579747
965916, 0.5513382701329849
34078, 0.022404677394545908
1470241, 0.1401587903936635
1348900, 0.24486421798589486
333106, 0.1952342642625426
1527607, 0.39579413340367686
954703, 0.9276427815333997
1641298, 0.43147008876284754
1641300, 0.06897371050069513
727385, 0.028874185872450435
304989, 0.6234335819719742
981861, 0.9325054988834589
212325, 0.38887645668869625
756584, 0.09419573318757535
331630, 0.2541138748388746
473976, 0.6544923098911063
63356, 0.4510813899914516
51590, 0.005586504505255846
1640328, 0.9681276742436644
954762, 0.7815110938552937
1642379, 0.9096928223058534
1527698, 0.20680014293587326
1527704, 0.4399499044119782
543133, 0.8770460870995913
954781, 0.7782323782891253
1301405, 0.1928813492749775
619939, 0.8291776043308006
605612, 0.29736196803983134
585134, 0.7469450155797424
1433006, 0.6644624138045565
934321, 0.623070505165617
1642435, 0.20247482995559563
1637320, 0.23262678852186497
936907, 0.19884261275231488
54735, 0.6080801444907895
70610, 0.19922308947045075
1508820, 0.6160169396807779
1292758, 0.7615716342988776
104407, 0.9925592484423973
992729, 0.1361552996593074
199642, 0.42266670415064767
160234, 0.4500386524560018
1528304, 0.07033843990657536
629753, 0.6338023377948226
931327, 0.021805648568704032
