Prediction:
1556484, 0.059782213748890665
688644, 0.33367149984457967
737290, 0.44390848087075857
1301520, 0.10308189926976179
1642001, 0.911555500890553
1528850, 0.00013511166121082753
688661, 0.6621416826155564
971799, 0.29415678771358106
1642520, 0.1216027503583412
46624, 0.9026052880068056
1537067, 0.008448756164003597
1641005, 0.5944429923409046
1641010, 0.7181492354075933
688185, 0.6044880392800119
954938, 0.8085350848160409
443966, 0.6275193666843135
599616, 0.0009645852303216548
439367, 0.5868335690155237
1537607, 0.35356847997366436
954956, 0.6200148633401914
688719, 0.11331621208609956
615506, 0.36752264556693404
654934, 0.4191183536458429
1589851, 0.02263889169210906
104542, 0.6787574425377859
457824, 0.39866103482781395
1641573, 0.056885572050179176
1527916, 0.8381709393081175
737391, 0.1587039300721914
1301619, 0.27801256084561854
211078, 0.11029683112743026
52874, 0.7425537915851061
955024, 0.7471192127873401
32404, 0.46430648540571584
158358, 0.7614339562587519
566940, 0.255746023299446
50848, 0.5769114476210715
1349288, 0.8326245512077273
860330, 0.6860769628901063
688818, 0.02385279496436624
1536181, 0.943356271123018
48316, 0.6340432112533657
491718, 0.7733822201657272
1296583, 0.0033270537782496604
954567, 0.8966679222787799
1566412, 0.4696460336893153
66255, 0.482229791194698
66267, 0.25835886901382105
809183, 0.3641589323777136
425699, 0.41525390741781515
467683, 0.07459954599829369
464617, 0.8766460027264971
752377, 0.46839756845793723
872708, 0.015000539064675985
1640197, 0.9340341708562715
1301765, 0.6320319961436643
809221, 0.2918927957842015
809239, 0.3595346000314927
1528102, 0.04596736589627055
809255, 0.3611095424836648
1536298, 0.5082109829140994
1640747, 0.9334058113248433
688431, 0.7414894999354282
1636657, 0.12258632484453864
213817, 0.6974972008158968
1466703, 0.546525202488954
1301330, 0.011737620760207674
1545042, 0.8044148870694039
737622, 0.47893490594490534
1452895, 0.7120783511373513
950625, 0.22049684878692966
856937, 0.3696063664686335
493931, 0.3560196813017687
954743, 0.8492800176256272
809346, 0.012929763311099832
558984, 0.007682785921823146
1642378, 0.9313045396610649
591251, 0.3755136896256271
1640852, 0.3458954046829719
305050, 0.3208201164664571
934299, 0.7064666267336849
1640862, 0.4483752247831364
1640351, 0.36313597406008047
1642418, 0.0008429987537784615
558515, 0.0038630304912176585
1511354, 0.7612838905098199
1330619, 0.1716142826618215
1528770, 0.15506607063431682
1291715, 0.24143216460487474
901575, 0.9369736399106485
1640904, 0.1034066673406644
1537998, 0.08780305585024743
737235, 0.1028646504182741
1301469, 0.06614331513609968
37371, 0.4238850241687084
797692, 0.36163098837332175
