Prediction:
752640, 0.019876105224769423
972801, 0.31380638082143336
737284, 0.26783008968198574
1528837, 0.30384900021328565
954885, 0.6742862911445192
1527823, 0.8336691370389621
1640977, 0.33499991482301733
157713, 0.8320465351299765
1285138, 0.06122441814684631
1437208, 0.39551758764714834
1349151, 0.42276068308665454
1592870, 0.2920765301916827
93228, 0.04528572707046087
465460, 0.6255733441386685
954934, 0.8257290493489189
84556, 0.4682092747757283
1567308, 0.7341772533136699
1577550, 0.2072419270350679
1285709, 0.9150090656625832
654928, 0.6173909099998006
620647, 0.2405364189866213
864364, 0.3065461305248089
575603, 0.4351239109241853
1280627, 0.18849676787767736
688257, 0.004338411171997768
1443970, 0.5221589640110416
1527947, 6.775841484729433e-07
737424, 0.10087624803499746
201877, 0.31231390443447404
1457820, 0.23359634752713757
603293, 0.3074314947227246
809120, 0.5919763152801698
883875, 0.142291254444389
1641128, 0.43684596948522736
1534634, 0.9741878024657045
1641655, 0.7238135568127829
955073, 0.7715175696389789
954571, 0.8997915079672004
736971, 0.060529653848897816
577227, 0.460435318563179
45264, 0.9612214373173443
455393, 0.0013278483134116868
728290, 0.2013961691217756
688357, 0.11681058015993696
1301747, 0.5032412300679596
105205, 0.8345184029166891
865015, 0.852807571853427
665348, 0.5529025215982748
820998, 0.006794757852825121
759559, 0.02520943436679367
1301769, 0.08582790596075535
609034, 0.42713018238221395
80649, 0.35697790925268635
1641240, 0.41690249136627483
965916, 0.6756483418656127
34078, 0.001836823270534738
1470241, 0.18629477703204583
1348900, 0.14408999378660056
333106, 0.025832224913464465
1527607, 0.2981731092670676
954703, 0.9076724887360915
1641298, 0.6661234965652625
1641300, 0.036057888927269785
727385, 0.16606673668305785
304989, 0.4538153329508437
981861, 0.9726723751709471
212325, 0.2958503131155628
756584, 0.12445259330375634
331630, 0.00045434232903447815
473976, 0.6099297289366772
63356, 0.11688774277573691
51590, 0.01237451871122352
1640328, 0.9719759447443593
954762, 0.7497507238108155
1642379, 0.9019012044057153
1527698, 0.22351974005590425
1527704, 0.22776898422022468
543133, 0.9801863726047783
954781, 0.7973218693555696
1301405, 0.04848564580978921
619939, 0.8295878268603739
605612, 0.2711589263608514
585134, 0.7682963180835379
1433006, 0.47814995586933967
934321, 0.8351813599197522
1642435, 0.3644894706517094
1637320, 0.3698675080817833
936907, 0.6019030524349775
54735, 0.04031115755225069
70610, 0.2124710954738721
1508820, 0.3897496961461405
1292758, 0.8570878868984467
104407, 0.983004918811382
992729, 0.3404056650262317
199642, 0.186428088790515
160234, 0.5836621579703031
1528304, 0.024384657903140268
629753, 0.7873535555572811
931327, 0.0631088623781823
