Prediction:
752640, 0.19592622453362082
972801, 0.2917053884999944
737284, 0.1598294406682217
1528837, 0.315634859460258
954885, 0.6908500579621037
1527823, 0.8592118522856242
1640977, 0.1685233665063072
157713, 0.7501760148642596
1285138, 0.10352498064728953
1437208, 0.25073413234541064
1349151, 0.4689687183057885
1592870, 0.41473585201623525
93228, 0.020689682567069958
465460, 0.31043565899232883
954934, 0.8455810799861695
84556, 0.43004744651553284
1567308, 0.5844796980391902
1577550, 0.13716496977901946
1285709, 0.9494508719996899
654928, 0.5806091260508398
620647, 0.15884896654521033
864364, 0.4302970339552929
575603, 0.09897482209239145
1280627, 0.27875102275865044
688257, 0.004826066782106278
1443970, 0.5368581134469085
1527947, 0.0001050174227403519
737424, 0.04455819824324142
201877, 0.43345508056149035
1457820, 0.3111269122545226
603293, 0.5195291344108547
809120, 0.6093429578294034
883875, 0.14943166791163318
1641128, 0.3217755407045349
1534634, 0.9861456118272092
1641655, 0.8323267954994068
955073, 0.7979570483374893
954571, 0.8815540809036538
736971, 0.10135671422194047
577227, 0.4254274115626297
45264, 0.9584437020658526
455393, 0.08628291308362143
728290, 0.06395070980619116
688357, 0.201624884529671
1301747, 0.45357028959462603
105205, 0.8079523267228087
865015, 0.7774077487614245
665348, 0.3294184558064355
820998, 0.3471019957776824
759559, 0.0488112080484529
1301769, 0.0033223242284760165
609034, 0.12964200891682218
80649, 0.6633007050078812
1641240, 0.35497709634155217
965916, 0.7188601296155998
34078, 0.07582583054351302
1470241, 0.14491228939288042
1348900, 0.13093666847352906
333106, 0.0002834900570772661
1527607, 0.5466625775674214
954703, 0.8921526144621532
1641298, 0.6577213251235465
1641300, 0.007557704472284783
727385, 0.25442832356001943
304989, 0.4221861934383359
981861, 0.9740815508870543
212325, 0.5027355438890154
756584, 0.31132107852339785
331630, 0.22491426016916566
473976, 0.7510988846113096
63356, 0.4365474568306096
51590, 0.03619650601454891
1640328, 0.9813700194170212
954762, 0.7666744554862799
1642379, 0.9114818793778994
1527698, 0.16703233579557672
1527704, 0.21539802308426667
543133, 0.9621988787238948
954781, 0.7413015535252907
1301405, 0.14306234526659417
619939, 0.8582704877955774
605612, 0.06604458320357055
585134, 0.7428752991725363
1433006, 0.5496655558794471
934321, 0.6941887576744709
1642435, 0.5605682329094952
1637320, 0.436881345614192
936907, 0.4143029005913155
54735, 0.005457855378597593
70610, 0.14254101113579581
1508820, 0.1602133227923567
1292758, 0.7222661426959135
104407, 0.9781680327365939
992729, 0.22826483273963558
199642, 0.5456291772498931
160234, 0.3201736557576643
1528304, 0.00040832800408431466
629753, 0.49576615969577786
931327, 0.12828849112141363
