Prediction:
688643, 0.1097317831923951
159749, 0.19362295184713824
688645, 0.09048686588180495
1527820, 0.03671649185157963
539663, 0.7699379888987881
303638, 0.412648393722964
330271, 0.007848161946733732
954399, 0.7538921102146906
70695, 0.8984164287778906
1295917, 0.5690814371707921
1642542, 0.8850927461765927
1527862, 0.9512460156246826
1528890, 0.2614973537505049
200254, 0.7982857340512143
540741, 0.4969660642531458
761928, 0.21382316022144013
688201, 0.7501474658403035
37966, 0.09951635085593043
1537108, 0.0006644832505154384
336476, 0.5697355001889421
511069, 0.6295525031245462
1301599, 0.07883578525151372
1528416, 0.1864143839022182
206959, 0.020430566667516924
478840, 0.08952402546580583
1503357, 0.9139297482038482
1642117, 0.07074681316282873
1536654, 0.3163938763520117
688274, 0.44202018811446503
1527963, 0.16051477956896865
688288, 0.17590308105298602
688293, 0.0013982755783656842
688816, 0.014968972261562984
745138, 0.050271826411117874
438974, 0.4644030824586705
88771, 0.6531143893368451
459971, 0.8815286388695447
714443, 0.28010043749987956
1289425, 0.33270011797559507
1284820, 0.0022969325278672766
954602, 0.8683780629004384
954604, 0.9043002154183015
208118, 0.4194344329501152
198910, 0.2031310239962428
809216, 0.3055502340070475
610565, 0.22487323813917623
1528071, 0.09651919875847452
453897, 0.6116200637751534
770827, 0.38266672990806316
216843, 0.5320486819414986
828171, 0.08846087837775009
306447, 0.6746069925620831
562451, 0.4415022811261305
1642271, 0.6145167091736877
1528097, 0.7689260249258463
28965, 0.7668780512906105
367910, 0.8291995770889801
1642296, 0.6989673227908851
1528125, 0.3944628029948505
1528145, 0.19207536380649692
1555281, 0.04852458153086367
49489, 0.9192428505739207
493905, 0.31679576553749234
876885, 0.21456982612496403
1290079, 0.7949610897094699
468834, 0.3591284463294446
1528677, 0.08205806352745364
756582, 0.8156661194923048
1338728, 0.8789681409344655
1528170, 0.4358838816049943
845165, 0.011955437902368792
1528696, 0.28714449512366186
617338, 0.5122294961713966
1301888, 0.2091214970900303
102785, 0.043954218104774206
1527682, 0.42288436096537435
940424, 0.579835055038184
1528724, 0.046881984056498384
809380, 0.1675839681608193
1446827, 0.0001839505095171345
864186, 0.6666719731664086
1291714, 0.8182425398642619
642499, 0.033910187788921714
688586, 0.9081321077291424
32721, 0.4599311816762154
954834, 0.6752027092122421
1536468, 0.5370389107089125
688598, 0.6289346372347868
1556442, 0.009211754407213514
901084, 0.7245770539843822
954845, 0.9091137514798043
1527780, 0.011662752194041401
1640932, 0.014130113624478328
477677, 0.0904236056722414
829947, 0.5199286939752079
1528829, 0.19145740414066512
