Prediction:
835072, 0.004452096815630458
539657, 0.07426784945029709
1641997, 0.0004364132996478962
1639955, 0.19703412927398425
1639959, 0.14761319387371855
1622038, 0.5679735429839297
637980, 0.027573350225274188
28188, 0.3804032127940315
91168, 0.04840186961732895
954915, 0.8882215153849361
425511, 0.2285000368020207
688685, 0.11308600887733838
155185, 0.2841382961379821
39493, 0.513765712165377
155208, 0.28231583463161675
1641035, 0.6516112708369737
1288277, 0.027768249405772084
755797, 0.32719519417878107
954462, 0.8640747703812648
812132, 0.1575626428546703
87656, 0.16191397265336435
1536113, 0.8689946880024264
48248, 0.09533458174545494
744057, 0.292755490691331
210045, 0.15967601631246198
1642144, 0.5880932712779184
50337, 0.4214460590434549
325795, 0.5853428567465504
1527974, 0.19599808454702747
1642150, 0.5704441366414862
814256, 0.4834245784770109
1641143, 0.8897417310723369
438974, 0.6163605729812355
217297, 0.25115530761652227
1641170, 0.13003663696515472
688340, 0.005309605934914976
1641688, 0.08244136326361771
688357, 0.11077512382871885
649964, 0.0031348299059017265
930033, 0.9390250097742814
447747, 0.566626819337972
566532, 0.22025793217748163
1641737, 0.0754386967468632
49425, 0.6976628847112712
562451, 0.1946193284589379
817939, 0.000582146576485829
688403, 0.7170816891936261
817944, 0.30537793235761074
52506, 0.10321720146735376
452895, 0.4749908105965634
984872, 0.0884502480912395
311595, 0.740096131864184
899888, 0.8910668987805601
646978, 0.46457085724640373
1642307, 0.1471855411242864
664904, 0.9213236140543277
1641802, 0.0248063767637627
1466703, 0.2371056253392693
1466704, 0.2718869102366066
809297, 0.12666896872180178
1640791, 0.08013098377372996
305497, 0.05226873012191082
209245, 0.8903996826404958
603488, 0.5186966378756911
701282, 0.6227587630935186
752485, 0.6311088850094655
302952, 0.09115212825665713
122731, 0.523549846441208
563052, 0.11829996624133057
1561972, 0.8204044595412252
1528692, 0.012721460882995153
1642361, 0.010913288899067876
1528698, 0.525103601032851
1301374, 0.2056522709175933
737150, 0.5921368725720915
51590, 0.030867146412890626
364426, 0.8551892492457183
1642378, 0.929586411922036
899993, 0.8403246686960893
752538, 0.3624091228460491
1640355, 0.1474505855354901
1446827, 0.07782809169176713
62394, 0.4144224574387534
842684, 0.2058796558590776
1640893, 0.006639142150701162
688589, 0.2375373633498
208335, 0
1642449, 0.8352476182040541
858065, 0.7376546037849885
1640919, 0.08527382210468168
1528791, 0.6315228205621481
1528294, 0.6172121498751381
1520, 0.32197296680871834
1640952, 0.8051990487224826
92156, 0.7455688974395714
63997, 0.001842387347433502
69119, 0.8601062238285204
