Prediction:
752640, 0.2457725522634259
972801, 0.3041262622749258
737284, 0.3565905040931853
1528837, 0.40756253628838107
954885, 0.7117971982912481
1527823, 0.8601444476873061
1640977, 0.21856354683359192
157713, 0.7737058683276526
1285138, 0.11033485426083549
1437208, 0.26831366931550527
1349151, 0.5596638922945483
1592870, 0.6442178214163969
93228, 0.056320860432843886
465460, 0.6883389686975465
954934, 0.8341421500032928
84556, 0.47138575845603214
1567308, 0.7455783509232071
1577550, 0.17218388125946146
1285709, 0.9234947682025229
654928, 0.6427682607156634
620647, 0.2758194711029184
864364, 0.3521703477494784
575603, 0.4306228587154536
1280627, 0.24002572862263472
688257, 0.0023235225222436157
1443970, 0.6223588232328017
1527947, 0.04524209206809936
737424, 0.07583188550329688
201877, 0.30463922436721036
1457820, 0.458153318809849
603293, 0.23216963205718213
809120, 0.622588771002451
883875, 0.27000271774723505
1641128, 0.31076300166964665
1534634, 0.974823386465488
1641655, 0.8221941822625236
955073, 0.8182866201342133
954571, 0.8955897710642605
736971, 0.07465010545434506
577227, 0.5049570967402635
45264, 0.9648767158983771
455393, 0.047587399589287226
728290, 0.32499855724515797
688357, 0.16761967942470238
1301747, 0.47678934278852064
105205, 0.8399618814783416
865015, 0.8038550605080247
665348, 0.47839510830653104
820998, 0.19762174177186054
759559, 0.1561988159057768
1301769, 0.07454810853335943
609034, 0.03995049985294675
80649, 0.6274826674121592
1641240, 0.39795732369884906
965916, 0.7731392756942933
34078, 0.1892149868934675
1470241, 0.11751942982181415
1348900, 0.39308765507791144
333106, 0.00022556494834056055
1527607, 0.4464454020492928
954703, 0.900155542501917
1641298, 0.5757931241881257
1641300, 0.11364038123315962
727385, 0.3070304349931377
304989, 0.5040461789742406
981861, 0.986243710857582
212325, 0.3955718901947379
756584, 0.2394898391374492
331630, 0.43902847086117275
473976, 0.5749733225025215
63356, 0.306356061513159
51590, 0.05424747599513357
1640328, 0.9784133759377464
954762, 0.7794874394076069
1642379, 0.9173233556015687
1527698, 0.2701374328466846
1527704, 0.32862922261701333
543133, 0.9463395178294325
954781, 0.8087420692840089
1301405, 0.09133153133496104
619939, 0.8273396919282496
605612, 0.2847634891615946
585134, 0.7889181636757691
1433006, 0.5026766940121841
934321, 0.8111580382485706
1642435, 0.13796095479842588
1637320, 0.3559514489350002
936907, 0.4939189136304262
54735, 0.2148008615509633
70610, 0.19331916926327627
1508820, 0.5030579786503471
1292758, 0.845319060426498
104407, 0.9899862088557821
992729, 0.22097211015454815
199642, 0.4248009533185528
160234, 0.4004729527519485
1528304, 7.876567856340884e-08
629753, 0.712592265450986
931327, 0.11580620795751537
