Prediction:
1556484, 0.03894600333505278
688644, 0.40425145357227604
737290, 0.35596865576131453
1301520, 0.0865101323252624
1642001, 0.9126844126414312
1528850, 0.016607999365615703
688661, 0.544404193511302
971799, 0.23869124813632314
1642520, 0.014886780560055877
46624, 0.8690566504638046
1537067, 0.013047844797017144
1641005, 0.2875216189806597
1641010, 0.6883188534982881
688185, 0.44699614761160833
954938, 0.7294485388241145
443966, 0.4830678749981509
599616, 0.023352039102978173
439367, 0.6866189766002156
1537607, 0.26681903040521765
954956, 0.6795496029330395
688719, 0.14609990954741114
615506, 0.41039707785876967
654934, 0.4655197821318296
1589851, 0.001674803257373731
104542, 0.8182382758986747
457824, 0.28823291174287236
1641573, 0.032950811744478156
1527916, 0.7615750359236864
737391, 0.30241538139339513
1301619, 0.3412118206726682
211078, 0.14871328035044482
52874, 0.8065942184828256
955024, 0.7971622752145711
32404, 0.593911939998226
158358, 0.7427491441033937
566940, 0.35579593062876586
50848, 0.5146610088576685
1349288, 0.8848532976008803
860330, 0.5884610061652759
688818, 0.1006084560484755
1536181, 0.9544340144617038
48316, 0.6876721791606617
491718, 0.799787265929178
1296583, 0.2017968007385509
954567, 0.8843827764465708
1566412, 0.20469860814748464
66255, 0.05555430586793801
66267, 0.04316865589391339
809183, 0.30642617770081554
425699, 0.4945769880791442
467683, 0.005710389158920775
464617, 0.8896778897960488
752377, 0.4862397030711582
872708, 0.002497593425421861
1640197, 0.9281037802973084
1301765, 0.7579824706627516
809221, 0.35283990056922665
809239, 0.28553115734348156
1528102, 0.00569076841259653
809255, 0.3781013180152265
1536298, 0.6153486805362653
1640747, 0.8890956430994542
688431, 0.6779040123113542
1636657, 0.11358402700744635
213817, 0.4006266212530733
1466703, 0.4122727366453847
1301330, 0.0071922747327219285
1545042, 0.5053737573196304
737622, 0.6000802540720404
1452895, 0.5410243864512898
950625, 0.1812363758648317
856937, 0.3581199398570782
493931, 0.7356906851647889
954743, 0.7825455369482347
809346, 0.015909191693827013
558984, 0.05252807905152718
1642378, 0.948076381094563
591251, 0.4755993692547943
1640852, 0.3545617114290816
305050, 0.19639065190356197
934299, 0.7891612932526504
1640862, 0.1760726477496693
1640351, 0.3062829341742121
1642418, 0.14314862764660669
558515, 0.0072261044766030735
1511354, 0.8437073529823695
1330619, 0.154702757090262
1528770, 0.14140980167137276
1291715, 0.08181629641625762
901575, 0.9549504902499042
1640904, 0.006316088245166581
1537998, 0.18597056048238514
737235, 0.033989102060116884
1301469, 0.05014731598131316
37371, 0.30044655849175383
797692, 0.887266412298438
