Prediction:
752640, 0.24493750776783232
972801, 0.3384827808869975
737284, 0.09002266668441838
1528837, 0.3545616387585961
954885, 0.7759620796104792
1527823, 0.8754556018457263
1640977, 0.29704304457349967
157713, 0.7559830799882206
1285138, 0.27329633009156257
1437208, 0.27428716675663617
1349151, 0.31374528672989394
1592870, 0.27732893722994245
93228, 9.419163730683832e-05
465460, 0.5125441142007875
954934, 0.8251960195042943
84556, 0.547912276815819
1567308, 0.6935719485168215
1577550, 0.43937173626307274
1285709, 0.9783055307373049
654928, 0.6320449602566104
620647, 0.20886890257135932
864364, 0.5383402071529619
575603, 0.21557760954456998
1280627, 0.07656391609163167
688257, 1.4927375295897647e-05
1443970, 0.4219919330503392
1527947, 0.0022711362798710634
737424, 0.12274246866763608
201877, 0.2878721867472533
1457820, 0.520008720584897
603293, 0.21373081242710606
809120, 0.6455082162112529
883875, 0.14375479308023384
1641128, 0.5402233542875629
1534634, 0.9642006294434651
1641655, 0.7814920124209428
955073, 0.8091786486424559
954571, 0.913956149067933
736971, 0.08551478934737167
577227, 0.38370869890404774
45264, 0.9589496646018664
455393, 0.03267090216009894
728290, 0.007220645603558679
688357, 0.12189374678926194
1301747, 0.40870555223313343
105205, 0.8764502150237714
865015, 0.8100711091569216
665348, 0.36411307939702847
820998, 0.5656327057824981
759559, 0.22650725499976176
1301769, 0.0009524070341167184
609034, 0.19568641981482235
80649, 0.5258814332650114
1641240, 0.29481837566249974
965916, 0.6699417835867685
34078, 0.21948595582720407
1470241, 0.10429435057284468
1348900, 0.5854016101072924
333106, 0.1625617205680424
1527607, 0.4713527957487268
954703, 0.904400339938079
1641298, 0.5471640552430345
1641300, 0.02577656373244829
727385, 0.2373237357780128
304989, 0.6191604193592867
981861, 0.9556215905622281
212325, 0.18730995291885927
756584, 0.24962828306695842
331630, 0.14496735388716406
473976, 0.7131506823965613
63356, 0.5396549195449856
51590, 0.2272107727014349
1640328, 0.9523389479216209
954762, 0.7708455992639759
1642379, 0.9022217636555596
1527698, 0.16389136578181607
1527704, 0.5504908512412068
543133, 0.9245550890982261
954781, 0.7884948389698526
1301405, 0.06325454166827928
619939, 0.809067034641048
605612, 0.30025458717349135
585134, 0.7699633016683469
1433006, 0.5796788076282163
934321, 0.5119703878579931
1642435, 0.5409249787938901
1637320, 0.38484375889196004
936907, 0.38132135336819895
54735, 0.5158878397767755
70610, 0.22818471727643858
1508820, 0.47650947394713505
1292758, 0.7497363775818867
104407, 0.9843459707035801
992729, 0.10552749559463724
199642, 0.3275794401170981
160234, 0.31514545252867615
1528304, 0.08810110418866704
629753, 0.786161534893736
931327, 0.0019333132673914136
