Prediction:
752640, 0.08735947194078325
972801, 0.3085725515699768
737284, 0.28711979057190373
1528837, 0.40450814722917483
954885, 0.7799937483957536
1527823, 0.8353671241657518
1640977, 0.31015215502531535
157713, 0.7997277459591271
1285138, 0.3150082578622643
1437208, 0.43506767746364955
1349151, 0.352256791625472
1592870, 0.4843894620056724
93228, 0.00019992249795501487
465460, 0.47903795130082394
954934, 0.8239026852883784
84556, 0.4687242639493612
1567308, 0.43716924236416627
1577550, 0.11448039069064107
1285709, 0.9639442426706072
654928, 0.6193460108064687
620647, 0.17197848993034615
864364, 0.275634626197148
575603, 0.4313768308766594
1280627, 0.12033392148012352
688257, 0.011328417571539072
1443970, 0.7512123766613779
1527947, 0.008305752336976661
737424, 0.11940652256830882
201877, 0.2503512312413483
1457820, 0.5000631670487198
603293, 0.2789732105115779
809120, 0.6492943697898219
883875, 0.24819006767874188
1641128, 0.3519498872398952
1534634, 0.9595203876495493
1641655, 0.7904270666513444
955073, 0.822718517393737
954571, 0.9020580445822268
736971, 0.06424549024953856
577227, 0.3869534282647649
45264, 0.9533371454640278
455393, 0.0010497799711746828
728290, 0.0015603256426556674
688357, 0.16775444674407847
1301747, 0.48566683343594846
105205, 0.8499345460272535
865015, 0.8461919968844085
665348, 0.3636972034383496
820998, 0.33404962531840826
759559, 0.003971305954649773
1301769, 0.0020650592796182658
609034, 0.21854906709723754
80649, 0.2142233863656912
1641240, 0.36199249967296826
965916, 0.6956154237789666
34078, 0.1381277253691459
1470241, 0.16506032404019913
1348900, 0.16034990943004562
333106, 0.18785240891408364
1527607, 0.47402898601464977
954703, 0.8705955785683692
1641298, 0.604063826822787
1641300, 0.0031751274570042255
727385, 0.2907703052468137
304989, 0.45427265445717424
981861, 0.9874950251725505
212325, 0.041727937437530914
756584, 0.24913333201454585
331630, 0.29392684351007425
473976, 0.7840135940699627
63356, 0.5307966122541449
51590, 0.16542997745976795
1640328, 0.9419975765749502
954762, 0.790974395262514
1642379, 0.9172917063693872
1527698, 0.19288751635588353
1527704, 0.38042275604002956
543133, 0.9694724821299521
954781, 0.7784618741020587
1301405, 0.09562716246007642
619939, 0.7971331922387098
605612, 0.1499619920134021
585134, 0.8599281528032016
1433006, 0.6861907211405692
934321, 0.6994244935665247
1642435, 0.41474424251148484
1637320, 0.2933686458264043
936907, 0.4076414356501183
54735, 0.305060334361276
70610, 0.2608089587664817
1508820, 0.4777241683510857
1292758, 0.7329434382213439
104407, 0.9844924875657729
992729, 0.2359749068486433
199642, 0.15486982884395775
160234, 0.5671309983240209
1528304, 1.7182459093786306e-06
629753, 0.7904421482986779
931327, 0.0013779225714486154
