Prediction:
752640, 0.12336955763765747
972801, 0.1756403791506337
737284, 0.0418877697545584
1528837, 0.47338009144446025
954885, 0.7561486915255194
1527823, 0.7873988493399409
1640977, 0.12346938096446396
157713, 0.8257045701301224
1285138, 0.12415343393012045
1437208, 0.2722848554259291
1349151, 0.4388650944613648
1592870, 0.4139339634046508
93228, 1.0979121766901144e-06
465460, 0.6286121250686292
954934, 0.8159377672745938
84556, 0.49931781341516873
1567308, 0.6971908106853896
1577550, 0.2817903923732098
1285709, 0.9660649090037849
654928, 0.5276216389030864
620647, 0.10518340703466833
864364, 0.3047899763515501
575603, 0.1763886110060394
1280627, 0.07369761950153876
688257, 0.0003410769026963938
1443970, 0.7034218967942062
1527947, 0.00014239245224502556
737424, 0.04438476656083536
201877, 0.34654106910246657
1457820, 0.6086605496411045
603293, 0.4213177096438136
809120, 0.4973479318616426
883875, 0.19917767704199443
1641128, 0.370462398203747
1534634, 0.9243016005826927
1641655, 0.6705957482102216
955073, 0.8265812131743844
954571, 0.8742505001896865
736971, 0.0667042979407722
577227, 0.2775566016029008
45264, 0.917740950685619
455393, 0.10041596960712605
728290, 3.0632697499305215e-05
688357, 0.12378432601760865
1301747, 0.2707161746384235
105205, 0.8732970711679316
865015, 0.7930101428935894
665348, 0.5385330676894023
820998, 0.48807999285533893
759559, 0.007579381813497218
1301769, 0.012113257496963157
609034, 0.3095704511081872
80649, 0.4976338631214006
1641240, 0.24896651626382607
965916, 0.6392003957662171
34078, 0.01050446998077597
1470241, 0.06096176653243022
1348900, 0.27116229342589715
333106, 0.14917738275348072
1527607, 0.3437914801180622
954703, 0.9090994232213296
1641298, 0.43237486531058233
1641300, 0.05901750845424383
727385, 0.08035388019044092
304989, 0.4552176826961333
981861, 0.94997767609199
212325, 0.006683327999129708
756584, 0.3138158034229126
331630, 0.4191750072562893
473976, 0.754419617578247
63356, 0.3956858669176684
51590, 0.11139564032614675
1640328, 0.8892786564991078
954762, 0.7310586184483086
1642379, 0.8732812709743667
1527698, 0.11589044749343648
1527704, 0.19450001232983116
543133, 0.8892095954158805
954781, 0.7910698581178977
1301405, 0.16406784288655407
619939, 0.7612353701096898
605612, 0.33851021700198963
585134, 0.7554152220650957
1433006, 0.7051567646287127
934321, 0.7917342529137694
1642435, 0.19025453910618262
1637320, 0.20636020991411705
936907, 0.1935743476304285
54735, 0.37198101671348105
70610, 0.20417101195926257
1508820, 0.5226577825930736
1292758, 0.7386382780125575
104407, 0.9895995788229246
992729, 0.23222182836416214
199642, 0.5396218046295055
160234, 0.5029607486396473
1528304, 0.0335790080804892
629753, 0.7256008056837365
931327, 0.004819779707791964
