Prediction:
752640, 0.1872349417770335
972801, 0.27835750201837656
737284, 0.09029648001940993
1528837, 0.37341668684893825
954885, 0.7114109150305429
1527823, 0.5925398367039516
1640977, 0.1673843407735738
157713, 0.828090800543645
1285138, 0.2036132815702614
1437208, 0.183016720634326
1349151, 0.43555382823105404
1592870, 0.5238016897806372
93228, 0.19828596897050726
465460, 0.5130264724121455
954934, 0.8373288411590208
84556, 0.5828497973310643
1567308, 0.7700968763656112
1577550, 0.6014589445304629
1285709, 0.9760684103949641
654928, 0.5158579233199138
620647, 0.00825655232680771
864364, 0.1837767714067305
575603, 0.35496135123436307
1280627, 0.20720714988937056
688257, 0.0282635864469423
1443970, 0.6725022315902598
1527947, 0.016832430958407807
737424, 0.08577219805811256
201877, 0.24158869849348585
1457820, 0.5169086924694691
603293, 0.36563924809789133
809120, 0.529960399337668
883875, 0.16296401557324144
1641128, 0.19924863114219757
1534634, 0.9636986143151677
1641655, 0.6277540579624853
955073, 0.8688615912241284
954571, 0.9057210040124904
736971, 0.03661230278463733
577227, 0.27684435848791966
45264, 0.9187593355314734
455393, 0.008472174324107825
728290, 0.033525296097456476
688357, 0.12192393348340615
1301747, 0.2666195191348108
105205, 0.7482197772410023
865015, 0.8425824532546324
665348, 0.3411148881323114
820998, 0.5909795194473298
759559, 3.722439924760575e-05
1301769, 0.1425612868924751
609034, 0.04273125055697003
80649, 0.7260529194230146
1641240, 0.3866975265158373
965916, 0.6527136922510852
34078, 0.05430415618350722
1470241, 0.13003816998607876
1348900, 0.21824413487661085
333106, 0.10426688194168288
1527607, 0.4102913722015907
954703, 0.9221323286224375
1641298, 0.3115134305993193
1641300, 0.08269362726973536
727385, 0.015750614652489933
304989, 0.4661554482054547
981861, 0.945373972480258
212325, 0.1411206468553594
756584, 0.4225514400789362
331630, 0.08944804556008185
473976, 0.4726431675006436
63356, 0.36014406390613496
51590, 0.014713525178096166
1640328, 0.8431113750607364
954762, 0.7711694427981277
1642379, 0.8806568863389479
1527698, 0.13348967892347355
1527704, 0.24040866120164872
543133, 0.8850560582717726
954781, 0.7725811043838982
1301405, 0.1452912542956203
619939, 0.7732040005231369
605612, 0.10418065201586604
585134, 0.6899504442285683
1433006, 0.5102151330416679
934321, 0.6666766249666227
1642435, 0.1336056551605307
1637320, 0.2835472543879368
936907, 0.4315727685145069
54735, 0.5131832649349181
70610, 0.2766025292029273
1508820, 0.53214382357707
1292758, 0.7571824620164691
104407, 0.9899443285071304
992729, 0.07245578975386065
199642, 0.33049143267678077
160234, 0.39795599293372913
1528304, 0.07210759242775944
629753, 0.7056939499021061
931327, 0.009178905351455019
