Prediction:
1556484, 0.04450961048928847
688644, 0.36978391722928344
737290, 0.3609373504989825
1301520, 0.10680146817865421
1642001, 0.8776811181381736
1528850, 0.000425111582458762
688661, 0.6200594121481698
971799, 0.2647227142437641
1642520, 0.0777550962746421
46624, 0.8658925851804871
1537067, 0.06966244088276549
1641005, 0.20166448644917354
1641010, 0.7125736132601939
688185, 0.5497138706446758
954938, 0.7579988475359953
443966, 0.507074808653455
599616, 0.06938733295222355
439367, 0.6635708997808212
1537607, 0.3681525752804086
954956, 0.6729248774641291
688719, 0.21962486948089985
615506, 0.3479872217609
654934, 0.47926411956822407
1589851, 0.17024583232325635
104542, 0.8039846553328651
457824, 0.2584534912059068
1641573, 0.3499936909146283
1527916, 0.8654526591725485
737391, 0.5087786121209774
1301619, 0.34815625351480006
211078, 0.0030323432197780107
52874, 0.9021794490396406
955024, 0.7574559046354303
32404, 0.41072718856734103
158358, 0.7210648131490576
566940, 0.46482204498540297
50848, 0.42382146021584577
1349288, 0.8831922996699143
860330, 0.6356669223113276
688818, 0.2515661490711082
1536181, 0.9411422017116938
48316, 0.7848430012027445
491718, 0.7807338113281538
1296583, 0.09853981522578947
954567, 0.8875385255497277
1566412, 0.6723013965550139
66255, 0.6437893939157657
66267, 0.2241300174841235
809183, 0.3236591702581835
425699, 0.6474131768939597
467683, 0.08778632661227383
464617, 0.8777976803984139
752377, 0.462232689369877
872708, 0.28949861920878506
1640197, 0.9599386978311697
1301765, 0.5991463128105258
809221, 0.3154240375547884
809239, 0.34103808445138933
1528102, 0.0035909240452477284
809255, 0.44479193728271205
1536298, 0.5825744299504014
1640747, 0.8446209737642136
688431, 0.7759284800610942
1636657, 0.2694320231261419
213817, 0.32555071394303065
1466703, 0.5326804217634737
1301330, 0.046353586624965366
1545042, 0.3203256166561344
737622, 0.54768598181338
1452895, 0.5395873550270656
950625, 0.11798955993518842
856937, 0.32816948352058
493931, 0.44719036928214567
954743, 0.7164105524016371
809346, 0.026732841918937576
558984, 0.013088590015505887
1642378, 0.950855999760093
591251, 0.6559636680113881
1640852, 0.17895756058678455
305050, 0.3471647977844657
934299, 0.8296481704188708
1640862, 0.447910846474374
1640351, 0.4551171995809969
1642418, 0.0004550022643424525
558515, 0.01383403236115857
1511354, 0.7237947522405209
1330619, 0.0001234660798677528
1528770, 0.19700499876674893
1291715, 0.10873389255732854
901575, 0.9618207442213649
1640904, 0.0014566480046235106
1537998, 0.4830454634626239
737235, 0.10570832215089165
1301469, 0.03097925630055314
37371, 0.6142058645452492
797692, 0.4440897522325128
