Prediction:
835072, 0.0062811925217842405
539657, 0.2758760017289796
1641997, 0.3144981502045824
1639955, 0.38005317208953154
1638422, 0.15669376933365403
1639959, 0.22768199544258674
1622038, 0.5930455763377441
637980, 0.014697331830895147
28188, 0.253387555652575
91168, 0.022483470419296183
954915, 0.8867625255221363
425511, 0.3499649072855277
688685, 0.027690386933300854
155185, 0.15171685473532714
39493, 0.7413313814447505
155208, 0.3493865989532945
1641035, 0.7014588215002953
1288277, 0.03547459190276585
755797, 0.6057848003902994
954462, 0.8654448640136273
812132, 0.07037660442932221
87656, 0.3463414306047128
1536113, 0.9260842928327354
48248, 0.05185602786796201
744057, 0.3202025573889205
210045, 0.2894015725375475
1642144, 0.7504938635534676
50337, 0.5003672261652232
325795, 0.4117030821468822
1527974, 0.5363662627597382
1642150, 0.6271991007320935
814256, 0.4587114142190038
1641143, 0.9577289111417718
438974, 0.5565312574220413
217297, 0.22355756811288507
1641170, 0.15337897555134314
688340, 0.018710421280234597
1641688, 0.07173522781188196
688357, 0.15719560101436325
649964, 0.19149043422414902
930033, 0.9790610414707741
447747, 0.6665039252834305
566532, 0.2585236894357916
1641737, 0.21662209237718436
49425, 0.6388157165696852
562451, 0.3073648915967581
817939, 0.09297901694620062
688403, 0.7201298623026331
817944, 0.3267492504360078
52506, 0.1361558377965024
452895, 0.45320640704459897
984872, 0.3861947956168926
311595, 0.7034891831522256
899888, 0.957725021748
646978, 0.7511998350508668
1642307, 1.5917601425797395e-05
664904, 0.962248887331325
1641802, 0.008887113290357025
1466703, 0.13930473380620279
1466704, 0.13439690523131964
809297, 0.34214659309738393
147797, 0.8448914840167139
1640791, 0.0011182371129782552
305497, 0.1147052598245888
209245, 0.5147544812222892
603488, 0.6235997100459536
701282, 0.5416441980142129
752485, 0.7599576779988148
302952, 0.18673837066445662
122731, 0.8689269338379441
563052, 0.010222202459284036
1561972, 0.9455789930072596
1528692, 0.12588970264207947
1642361, 9.592794737958727e-05
1528698, 0.6689121982584468
1301374, 0.1825876959097255
737150, 0.5854234832277824
51590, 0.1363698000295853
364426, 0.9370928207694321
1642378, 0.9735244038376156
899993, 0.947229467798848
752538, 0.3906769338424571
1640355, 0.018797733482175834
1446827, 0.07496977723586445
62394, 0.522161004417391
842684, 0.2495763824869076
1640893, 0.11568633684303406
44489, 0.07122338363984171
688589, 0.36929056075563016
208335, 0.2589415751401882
1642449, 0.8731648683956496
858065, 0.6705018758821346
1640919, 0.18979244924524463
1528791, 0.6871724331360404
1528294, 0.7531573857731323
1520, 0.23239648064703736
1640952, 0.7975328416770862
92156, 0.7544472817350492
63997, 0.17316438596199374
69119, 0.9008316457500058
