Prediction:
752640, 0.4017141007153087
972801, 0.2708048038209502
737284, 0.25293667351504834
1528837, 0.3777169265016996
954885, 0.7154305095253222
1527823, 0.9101531339411267
1640977, 0.10268541030689962
157713, 0.8499948003092833
1285138, 0.282988001274608
1437208, 0.3845454284058868
1349151, 0.41874760612039585
1592870, 0.5180748032621166
93228, 0.036698868846018244
465460, 0.6792281790164468
954934, 0.8218347914447383
84556, 0.22988847857818576
1567308, 0.8469112407757303
1577550, 0.06979513243511128
1285709, 0.9030190527074122
654928, 0.5872351296050503
620647, 0.3192167269501312
864364, 0.33744429224223565
575603, 0.010533546793485796
1280627, 0.1369912389348529
688257, 0.009900136339283043
1443970, 0.6077316466650019
1527947, 0.07123065012351748
737424, 0.08144066327628191
201877, 0.31042165822090745
1457820, 0.47600152157615605
603293, 0.35945958874105727
809120, 0.5811580634418843
883875, 0.1348038019910905
1641128, 0.4119454838959124
1534634, 0.975713317236772
1641655, 0.8233399314738841
955073, 0.821584131695904
954571, 0.8857760838788716
736971, 0.14033443354673036
577227, 0.49214042054875823
45264, 0.9545317311755441
455393, 0.10180698322982276
728290, 0.1251218799640175
688357, 0.08725978156985262
1301747, 0.40422074461916124
105205, 0.8141755681200717
865015, 0.8275525093856698
665348, 0.5832130313082013
820998, 0.09794389447886392
759559, 0.021434097282484132
1301769, 0.006602042889793794
609034, 0.09178468698479754
80649, 0.7046449435542232
1641240, 0.3424937811872938
965916, 0.7342720721872219
34078, 0.053987737977519726
1470241, 0.2669169197108198
1348900, 0.3361008133852574
333106, 0.00018045584388322596
1527607, 0.40032903786363766
954703, 0.9122054634127794
1641298, 0.7306566777074144
1641300, 0.0031263252788255487
727385, 0.025246865757298797
304989, 0.3451252434254809
981861, 0.9866733795906337
212325, 0.18241932084698287
756584, 0.30415391074902837
331630, 0.41471338952125514
473976, 0.6715936397477694
63356, 0.6541633251271814
51590, 0.03730832698937157
1640328, 0.9646779464548285
954762, 0.7493087258913078
1642379, 0.9214919497652608
1527698, 0.28420769851413347
1527704, 0.49998388087342444
543133, 0.9626307346460558
954781, 0.7536824266160331
1301405, 0.14544568487500198
619939, 0.8696062274179803
605612, 0.01651175045024535
585134, 0.6737109344953645
1433006, 0.5920131390479453
934321, 0.7273526978538978
1642435, 0.432137407152077
1637320, 0.37493269803658846
936907, 0.6203813280526779
54735, 0.17800494961666044
70610, 0.16350084436983559
1508820, 0.44208657911573
1292758, 0.8267367036714712
104407, 0.9829242232605255
992729, 0.12990941173661152
199642, 0.45611980567372834
160234, 0.36131499544393036
1528304, 0.03819279110899583
629753, 0.5427413779360714
931327, 0.03939362072674822
