Prediction:
1556484, 0.11939950956079474
688644, 0.3518138654158718
737290, 0.19363689536644285
1301520, 0.06253126630099308
1642001, 0.9637828574358335
1528850, 0.01429002037853523
688661, 0.6649764006428245
971799, 0.2052229216215026
1642520, 0.1135458961547846
46624, 0.8788384555058805
1537067, 0.03753874698349476
1641005, 0.4587411380987808
1641010, 0.7564503292998807
688185, 0.5848555869944903
954938, 0.7672978519962458
443966, 0.438693546528588
599616, 0.019821282603430912
439367, 0.5786101706334172
1537607, 0.3015829909564463
954956, 0.6347972500005542
688719, 0.1177630314199727
615506, 0.33730052161500684
654934, 0.4254943358293017
1589851, 0.0242181956043256
104542, 0.7593489776346712
457824, 0.5271863456514176
1641573, 0.17647185807776583
1527916, 0.8077361045346573
737391, 0.4225494526579993
1301619, 0.3351518559124873
211078, 0.005599525010364669
52874, 0.8004335579878619
955024, 0.7641936942490671
32404, 0.3059459790914397
158358, 0.5676368212342562
566940, 0.22329058547355737
50848, 0.6700393936873629
1349288, 0.9054800187549967
860330, 0.5639160019205083
688818, 0.11223431364722716
1536181, 0.9466798166833331
48316, 0.7155069211547912
491718, 0.6204720571779986
1296583, 0.13714072234275673
954567, 0.8862620280501232
1566412, 0.16784988075688329
66255, 0.739245013470858
66267, 0.4082214534488045
809183, 0.3286651788462983
425699, 0.7319668419012139
467683, 0.3039851151915129
464617, 0.7778066125679104
752377, 0.5111514545509084
872708, 0.0008494372199193882
1640197, 0.9551771824371512
1301765, 0.6800982735025903
809221, 0.3517473030224732
809239, 0.2586478238218367
1528102, 0.022713621855933078
809255, 0.4529152675303799
1536298, 0.5670355713906854
1640747, 0.8782965619153299
688431, 0.8139429807621539
1636657, 0.26940526402370857
213817, 0.4516326739918039
1466703, 0.43584190685140484
1301330, 0.00042026739173948893
1545042, 0.6579940358186751
737622, 0.4450464087508188
1452895, 0.6363299805206415
950625, 0.10604082505559775
856937, 0.6261464945298113
493931, 0.44200890914992724
954743, 0.7533776309801067
809346, 0.054522694296188355
558984, 0.10607463287597782
1642378, 0.9510757127744094
591251, 0.4925156303730749
1640852, 0.285627157185299
305050, 0.13612680753808157
934299, 0.8677163143961641
1640862, 0.7508680071817367
1640351, 0.3917485752787971
1642418, 0.0010918820882670872
558515, 0.00917696897829451
1511354, 0.6703613442808701
1330619, 0.000309892740884926
1528770, 0.07427963448062583
1291715, 0.0006190323274909113
901575, 0.9123892703105543
1640904, 0.0015471217778249404
1537998, 0.17875094530077312
737235, 0.01770182732828114
1301469, 0.0371362544048242
37371, 0.11453053923897084
797692, 0.38222204193613796
