Prediction:
688643, 0.09358377009411839
159749, 0.056406890425926504
688645, 0.03572183198282596
1527820, 0.03738153215639342
539663, 0.9580594364107206
303638, 0.7005993374472479
330271, 0.002508941642605887
954399, 0.803203961268259
70695, 0.9408721560379083
1295917, 0.7005423921558225
1642542, 0.8831731892705168
1527862, 0.9393473890398335
1528890, 0.48815952889428044
200254, 0.8595590020332553
540741, 0.23337615316416907
761928, 0.08337458442313955
688201, 0.5023040047907372
37966, 0.00799026406299743
1537108, 0.0005524644551927054
336476, 0.4925717205082319
511069, 0.4803280986952679
1301599, 0.12086946801149671
1528416, 0.12183983777361716
206959, 0.3270270437737619
478840, 0.22715806499538
1503357, 0.8894265547144969
1642117, 0.013834563485523593
1536654, 0.48839220262420563
688274, 0.4964831389602855
1527963, 0.11739884386200015
688288, 0.20100788112579276
688293, 0.0025941657426895555
688816, 0.02110647998017488
745138, 0.03881221674475031
438974, 0.5150501025614795
88771, 0.4102085654267752
459971, 0.9167947515923196
714443, 0.1967438704373122
1289425, 0.27327447156186907
1284820, 0.030837181515487713
954602, 0.8482557753523007
954604, 0.8880923550009767
208118, 0.5766543551441816
198910, 0.03208638918439584
809216, 0.38113545122955944
610565, 0.3691840212545261
1528071, 0.15019652061024363
453897, 0.6519064120933831
770827, 0.027462682446547114
216843, 0.41334497381847274
828171, 0.18919316937775296
306447, 0.6826310195135571
562451, 0.10282142618196738
1642271, 0.5295568350017021
1528097, 0.5794608955225098
28965, 0.8167587811560111
367910, 0.7321029285643834
1642296, 0.7787778755463498
1528125, 0.16712407691475437
1528145, 0.1532405161519144
1555281, 0.050242311630188795
49489, 0.9654209674977721
493905, 0.5233002950355973
876885, 0.04177195027366663
1290079, 0.6808254812592883
468834, 0.4517359727773038
1528677, 0.16308780909385542
756582, 0.7189990344841113
1338728, 0.6637176550764462
1528170, 0.4583646318541417
845165, 0.040881209733605026
1528696, 0.4888614861502084
617338, 0.4420666358382244
1301888, 0.1352951373479742
102785, 0.1359342619730399
1527682, 0.5167174374788355
940424, 0.5836616725653963
1528724, 0.0005257521327852697
809380, 0.06655174414464626
1446827, 0.047077761484058456
864186, 0.7257320935744216
1291714, 0.6877627481960972
642499, 0.006229119185991574
688586, 0.8578069193599673
32721, 0.4251477642528349
954834, 0.592481795528197
1536468, 0.4744340637577197
688598, 0.5626323415232776
1556442, 0.04584957766942673
901084, 0.8878289065758092
954845, 0.9152543013732994
1527780, 0.005043918101888137
1640932, 0.1509687075350864
477677, 0.2548745844122216
829947, 0.2588564557795533
1528829, 0.2964400689797122
