Prediction:
835072, 0.01140108817594299
539657, 0.25462971879545987
1641997, 0.00017585423513747853
1639955, 0.2467538429976779
1639959, 0.15405425990516755
1622038, 0.4721705220036146
637980, 0.02235785892252598
28188, 0.6421578309866018
91168, 0.002374977743754404
954915, 0.9197532333128234
425511, 0.5439987721029194
688685, 0.04264488218088864
155185, 0.2562114109743189
39493, 0.29894654670614573
155208, 0.5322205932989541
1641035, 0.5504945835035407
1288277, 1.1298348526088829e-05
755797, 0.6061449519860677
954462, 0.7898287087951752
812132, 0.18961336057361672
87656, 0.30468855169571524
1536113, 0.9037575904295181
48248, 0.12942519721362641
744057, 0.36670703609068384
210045, 0.3843443735119304
1642144, 0.6383332704144415
50337, 0.49838220217821233
325795, 0.3346222945408527
1527974, 0.4311967307980626
1642150, 0.5340669078862681
814256, 0.36819062685068865
1641143, 0.8644833905965991
438974, 0.7366661024565043
217297, 0.26437644054688514
1641170, 0.09248967435556872
688340, 0.0034153889077839787
1641688, 0.035716571912038204
688357, 0.1111956446561059
649964, 0.16240206078882083
930033, 0.9444729573004923
447747, 0.5451792703554467
566532, 0.38743884628907077
1641737, 0.2722333261081505
49425, 0.6365791895343298
562451, 0.28888871738978755
817939, 0.005219454211277456
688403, 0.6016872054868692
817944, 0.31748494346749645
52506, 0.16649009767465428
452895, 0.4324799457970226
984872, 0.23908910789323934
311595, 0.4952586758739181
899888, 0.9407925137383082
646978, 0.6823296681397952
1642307, 0.03635877382625437
664904, 0.9479714289880622
1641802, 0.0012408189483681747
1466703, 0.6698523079381326
1466704, 0.2861704487147681
809297, 0.4143245511633023
1640791, 0.0001350193692417178
305497, 0.0827744251871465
209245, 0.5671887639952747
603488, 0.37928497057745625
701282, 0.7071445641090076
752485, 0.7561184867621187
302952, 0.20884405192076308
122731, 0.6466064973095413
563052, 0.21053458925419502
1561972, 0.911257284406736
1528692, 0.039626099646521404
1642361, 0.004956486652282012
1528698, 0.6762902433087656
1301374, 0.02090352980881876
737150, 0.44931958930126553
51590, 0.0046487495666369125
364426, 0.7615444602829978
1642378, 0.9296290435695784
899993, 0.8409399217307223
752538, 0.32267841716350787
1640355, 0.034815078009497694
1446827, 0.0008248793692743417
62394, 0.0917803358392304
842684, 0.5460376947132463
1640893, 0.06016450598980009
688589, 0.14364583261230834
208335, 0
1642449, 0.8411178805573426
858065, 0.6817908658000208
1640919, 0.0023318789328433866
1528791, 0.6472149554710828
1528294, 0.7635070194932507
1520, 0.25641248489084156
1640952, 0.6623316804097
92156, 0.6450766917858997
63997, 0.22408162298761886
69119, 0.8857598946153364
