Prediction:
1556484, 0.06807483121947429
688644, 0.3876530530317903
737290, 0.30392546516940716
1301520, 0.06966998257198806
1642001, 0.882234141383314
1528850, 0.010862665094417086
688661, 0.5419421857405162
971799, 0.44748322833874826
1642520, 0.1034046828800136
46624, 0.8444741106347355
1537067, 0.009085733096919957
1641005, 0.35489857089737026
1641010, 0.662840398414187
688185, 0.5662817488548394
954938, 0.7473108657743399
443966, 0.44271596757166615
599616, 0.21770009081610214
439367, 0.697886909427512
1537607, 0.26947069840503546
954956, 0.6174932128412666
688719, 0.11313266435139241
615506, 0.5352850373516508
654934, 0.4740185921426551
1589851, 0.017760173480547727
104542, 0.6646017943254642
457824, 0.1866913564876144
1641573, 0.03166417362636937
1527916, 0.7681250953533111
737391, 0.5972353272293142
1301619, 0.239867696648327
211078, 0.030072618610867456
52874, 0.8840345550430319
955024, 0.7799944249188915
32404, 0.26290443697379007
158358, 0.7099074681193766
566940, 0.47769661468445607
50848, 0.5054340929387504
1349288, 0.9070320735512118
860330, 0.5997077146007171
688818, 0.021168389211351248
1536181, 0.9698542719037693
48316, 0.6091091287749468
491718, 0.8273098807714794
1296583, 0.1371098317937808
954567, 0.8866612135395947
1566412, 0.7496516796002584
66255, 0.3161745746018519
66267, 0.0870344192628572
809183, 0.3076278216082155
425699, 0.7808144465025686
467683, 0.02942329312892436
464617, 0.8666500076004606
752377, 0.47014699562547263
872708, 0.0017117743809929088
1640197, 0.963707326191668
1301765, 0.6129207528629314
809221, 0.32534687998079537
809239, 0.29059200039521577
1528102, 0.008069860752334294
809255, 0.40676931439452224
1536298, 0.5683989934412577
1640747, 0.9063273757299971
688431, 0.731587523335866
1636657, 0.17281489004499298
213817, 0.5365118027267387
1466703, 0.6585284668455169
1301330, 1.8026252196763825e-06
1545042, 0.30669871914529
737622, 0.6186462818074118
1452895, 0.5900176356690046
950625, 0.1828840608382189
856937, 0.7112249347567897
493931, 0.32116064987398646
954743, 0.7875796246562702
809346, 0.05565040611451673
558984, 0.002091507007510867
1642378, 0.9426613660302191
591251, 0.4999943561460347
1640852, 0.4086501701442816
305050, 0.39933148982153044
934299, 0.6984226452806571
1640862, 0.5695736001061038
1640351, 0.4609225787559323
1642418, 0.01312685904363115
558515, 0.13259752912604683
1511354, 0.8542885623257866
1330619, 0.005295758705474186
1528770, 0.0787475330686604
1291715, 0.08701746870843118
901575, 0.9593206562614642
1640904, 0.03860553330851425
1537998, 0.12761645920965034
737235, 0.16088616040312498
1301469, 0.18135852097248667
37371, 0.02222783511965472
797692, 0.5094948702008211
