Prediction:
752640, 0.3153509423114647
972801, 0.28546205795495583
737284, 0.18129948620645026
1528837, 0.3277007032189143
954885, 0.7129203856202059
1527823, 0.656311355768155
1640977, 0.05892755016050534
157713, 0.8179913227533167
1285138, 0.13439393863031573
1437208, 0.12562787498398378
1349151, 0.28728486044706864
1592870, 0.40102685293319607
93228, 0.026654692313071673
465460, 0.4900278538562862
954934, 0.8412996968611592
84556, 0.4783292678911412
1567308, 0.8778427725056777
1577550, 0.18367768346167404
1285709, 0.9531728274986889
654928, 0.47060012498059667
620647, 0.16016546541996632
864364, 0.23860768808763916
575603, 0.34116573249850357
1280627, 0.17398821572385947
688257, 0.008978362514365318
1443970, 0.7176355358919921
1527947, 0.00174203266116456
737424, 0.1081702303855561
201877, 0.13002513805062407
1457820, 0.46586399251505467
603293, 0.4293870076035833
809120, 0.45935278594699563
883875, 0.3651328069727209
1641128, 0.32666997042223656
1534634, 0.9399163800647249
1641655, 0.6055947071880066
955073, 0.8138686895536141
954571, 0.9033894671947507
736971, 0.037105053920838994
577227, 0.40315028455589563
45264, 0.9448375622419607
455393, 0.11670468582562933
728290, 0.02233645489514506
688357, 0.12849825565468076
1301747, 0.2811998832491319
105205, 0.7860716889140883
865015, 0.7548403016134411
665348, 0.40551514052437476
820998, 0.1574098395691861
759559, 0.00048418470042144195
1301769, 0.019411497842667713
609034, 0.09900842136538478
80649, 0.10686775211967278
1641240, 0.40937620103519917
965916, 0.6756450710549582
34078, 0.009882943690015886
1470241, 0.07115592989778133
1348900, 0.25454476907564516
333106, 0.010742937417690595
1527607, 0.43624331600113486
954703, 0.8751758576394036
1641298, 0.4412172670760422
1641300, 0.010749046749300422
727385, 0.05856206732570596
304989, 0.50441023376385
981861, 0.9588587232162141
212325, 0.22122813474735975
756584, 0.1623600724398492
331630, 0.10192147328435518
473976, 0.6107771852194432
63356, 0.35622895775040114
51590, 0.19917815808053577
1640328, 0.9324433018282444
954762, 0.7247828035038684
1642379, 0.9178301607806197
1527698, 0.23208127277850182
1527704, 0.3851495375487056
543133, 0.8918027575849405
954781, 0.8051810015347757
1301405, 0.17521197226329838
619939, 0.7984874146653693
605612, 0.23338179925688154
585134, 0.8625104754405829
1433006, 0.6209412737130087
934321, 0.6623091377453437
1642435, 0.07236155743683717
1637320, 0.32646546398226617
936907, 0.30654005898622627
54735, 0.5372697923363687
70610, 0.2436282910890392
1508820, 0.5011252607708889
1292758, 0.5505397794870239
104407, 0.9828855144612647
992729, 0.2186810987122279
199642, 0.7081886581110692
160234, 0.5366333095567983
1528304, 4.453977074284541e-05
629753, 0.6509517665030308
931327, 0.17164673299574806
