Prediction:
752640, 0.6555164420776446
972801, 0.2742398397180792
737284, 0.1497515797200542
1528837, 0.35794591863048597
954885, 0.7262047003105191
1527823, 0.6738869608360208
1640977, 0.2964962377386811
157713, 0.7934967489398739
1285138, 0.1584960824036989
1437208, 0.23103816534245736
1349151, 0.29559599142310083
1592870, 0.3319550495097144
93228, 0.01718056251328555
465460, 0.6009257346503785
954934, 0.8398299592710581
84556, 0.5090080390166142
1567308, 0.7873137483875728
1577550, 0.07677167568823058
1285709, 0.9686049328154974
654928, 0.4710281760020107
620647, 0.1308953822241533
864364, 0.4474557036636235
575603, 0.1520190110598997
1280627, 0.1519425489869214
688257, 0.057788478766084894
1443970, 0.5679645012048536
1527947, 0.03220332885628386
737424, 0.18941478365134504
201877, 0.13049383158375671
1457820, 0.5833227396026501
603293, 0.34361166938119114
809120, 0.614953286161908
883875, 0.1092461421995453
1641128, 0.15042393983755165
1534634, 0.9046073902694358
1641655, 0.6944276649163347
955073, 0.8286034387579615
954571, 0.8960869205262075
736971, 0.0507844380452177
577227, 0.45602448794456835
45264, 0.9136827911963586
455393, 0.2329171239723448
728290, 0.12610261379146137
688357, 0.11817992126424356
1301747, 0.38681056729670665
105205, 0.8850109105042719
865015, 0.8516527564751075
665348, 0.5481617702809962
820998, 0.2722018244882772
759559, 0.06976211498659647
1301769, 0.021453947648195405
609034, 0.07656372077339185
80649, 0.6920931002214851
1641240, 0.39282368563294995
965916, 0.4129686382646642
34078, 0.0862636526396921
1470241, 0.16247863889801228
1348900, 0.0263737469999026
333106, 0.08274888994528419
1527607, 0.4268189255889683
954703, 0.9128617411346993
1641298, 0.47239523182565
1641300, 0.11016562539722027
727385, 0.1408114037865318
304989, 0.6121516000778441
981861, 0.9639773748136479
212325, 0.07126762962070729
756584, 0.1863320187283169
331630, 0.4207918363366429
473976, 0.6426113395813536
63356, 0.6812679540954903
51590, 0.24128654033951583
1640328, 0.9583764388594452
954762, 0.7722643263279841
1642379, 0.9027384748109805
1527698, 0.4273421561623949
1527704, 0.4528218799775281
543133, 0.8946954191479706
954781, 0.7758137365859537
1301405, 0.1455158113731387
619939, 0.834690902330723
605612, 0.2133459233387066
585134, 0.8077486650960101
1433006, 0.637925700089658
934321, 0.7022453704314279
1642435, 0.2669040308478667
1637320, 0.34011838187281423
936907, 0.3970737605410538
54735, 0.3051600224994878
70610, 0.286801487274221
1508820, 0.3003150392695868
1292758, 0.768123254735109
104407, 0.9835774242122513
992729, 0.054135668553063294
199642, 0.39066288676890876
160234, 0.3493365075624264
1528304, 0.039320843110587866
629753, 0.6992912993494407
931327, 0.10744640775421843
