Prediction:
1556484, 0.0028187036982013237
688644, 0.4314123359802788
737290, 0.1701866498669419
1301520, 0.06522706262596019
1642001, 0.9494406835298969
1528850, 0.005571579852031301
688661, 0.4262867993852078
971799, 0.10485075581727345
1642520, 0.04754758507724055
46624, 0.8924996206802416
1537067, 0.02991275691791092
1641005, 0.3487670010549152
1641010, 0.6726160709922724
688185, 0.5720596719816274
954938, 0.7790702939235055
443966, 0.5606948264995246
599616, 8.829438362851066e-05
439367, 0.6155788084987269
1537607, 0.3990085797842195
954956, 0.646269998120747
688719, 0.16025895597148004
615506, 0.4518697890578001
654934, 0.43123019343671243
1589851, 0.03413992729309962
104542, 0.7641506140984605
457824, 0.3346522556486852
1641573, 0.1068385703108826
1527916, 0.9122936975523825
737391, 0.3606096131693653
1301619, 0.38098542959630666
211078, 0.06878399210125412
52874, 0.7968744514262783
955024, 0.7683442357733417
32404, 0.6795071860119554
158358, 0.7706567746316537
566940, 0.14583967651996338
50848, 0.49280757091403715
1349288, 0.8130415800507804
860330, 0.6848939257753923
688818, 0.26427910567503204
1536181, 0.9508009231354618
48316, 0.7788166811515272
491718, 0.8081899300687984
1296583, 0.13856567575728967
954567, 0.8779347620917138
1566412, 0.42180107801410444
66255, 0.35832130809484375
66267, 0.10007673208196902
809183, 0.28095584650643285
425699, 0.7011022758963408
467683, 0.22039236891885028
464617, 0.8967058286623838
752377, 0.48061743357954945
872708, 0.004635906042830619
1640197, 0.9696265937203247
1301765, 0.6525561563860593
809221, 0.34237048220917
809239, 0.3527730070135174
1528102, 0.05471735911251319
809255, 0.3891874954299981
1536298, 0.5278918882557702
1640747, 0.8696378770671945
688431, 0.8064651383939875
1636657, 0.15639356351795275
213817, 0.5337022956011434
1466703, 0.43457430002375336
1301330, 0.09457708028816554
1545042, 0.6837347153508466
737622, 0.48893315989705155
1452895, 0.5078698118391123
950625, 0.23700124832037683
856937, 0.4071834712052631
493931, 0.2023674683783544
954743, 0.783004616633308
809346, 0.03482700452403443
558984, 0.09866948480403896
1642378, 0.9397441160923893
591251, 0.6998255071184358
1640852, 0.24405589393275404
305050, 0.1421576929463002
934299, 0.8050768032293582
1640862, 0.7072931357154857
1640351, 0.5773013912957068
1642418, 0.02415901819050072
558515, 0.1685946209214967
1511354, 0.8304547172298409
1330619, 4.5841997867801014e-05
1528770, 0.11063384788939293
1291715, 0.008548433713128627
901575, 0.9111309737757614
1640904, 0.0010449635810974877
1537998, 0.09709101215046738
737235, 0.15548323713596737
1301469, 0.09487858088464697
37371, 0.29936331609055616
797692, 0.18763126712524875
