Prediction:
835072, 0.013390931786868227
539657, 0.05750500067126738
1641997, 0.0067897230252844595
1639955, 0.3560677569272522
1639959, 0.1445320602776197
1622038, 0.7424519527641681
637980, 0.039957777125110346
28188, 0.42124507696268393
91168, 0.1792525156758043
954915, 0.8970535493898779
425511, 0.7353589578934993
688685, 0.06530114722068137
155185, 0.2305554933149982
39493, 0.4057273897777782
155208, 0.30204102838797586
1641035, 0.6214833186068653
1288277, 0.008628385295739187
755797, 0.5036130980047313
954462, 0.8577251315639834
812132, 0.4347788389725336
87656, 0.38364797956117613
1536113, 0.8851558388725612
48248, 0.12514956398512653
744057, 0.5278358970476954
210045, 0.19047749740373046
1642144, 0.5931089225117167
50337, 0.43893170196715897
325795, 0.502887543613446
1527974, 0.38674139008611136
1642150, 0.5194149418771389
814256, 0.3739561671804395
1641143, 0.9033067155281997
438974, 0.6884847637098606
217297, 0.4297601376233493
1641170, 0.10339837118822835
688340, 0.005234024578006884
1641688, 0.16520310832509771
688357, 0.15500045533638235
649964, 0.22872688847769237
930033, 0.9675524922371525
447747, 0.7074181282853782
566532, 0.4815622628908651
1641737, 0.1425530136965953
49425, 0.5975908778675891
562451, 0.2467100237813614
817939, 0.04415537470943507
688403, 0.6848278267024307
817944, 0.3137205556418024
52506, 0.28268009137230876
452895, 0.4129020672210881
984872, 0.2941030223520948
311595, 0.6100412807988865
899888, 0.9454513275628612
646978, 0.816712899229951
1642307, 0.0028009765538667517
664904, 0.9605224197324786
1641802, 0.10757526618537185
1466703, 0.1053337521613472
1466704, 0.0471637100452322
809297, 0.31012043709082804
1640791, 0.3891287877303911
305497, 0.11623494225952766
209245, 0.5611348602067003
603488, 0.4167961269262692
701282, 0.6313241179874524
752485, 0.7034599336020433
302952, 0.27672987259972714
122731, 0.7112714085643895
563052, 8.829027382906326e-05
1561972, 0.9071915121506593
1528692, 0.0033396744731901515
1642361, 0.017293401585303465
1528698, 0.30720893358067175
1301374, 0.10358276615445641
737150, 0.3788634089145406
51590, 0.10102206021644114
364426, 0.8004703193239665
1642378, 0.9392499588148515
899993, 0.8830488975950719
752538, 0.3666356013361346
1640355, 0.13723808803111873
1446827, 0.05905073517799202
62394, 0.31560609977857207
842684, 0.12429738917190009
1640893, 0.32798976313442685
688589, 0.3195716339765629
208335, 0
1642449, 0.8338428472422482
858065, 0.6799550749687499
1640919, 0.0071425123707938585
1528791, 0.5860329663298088
1528294, 0.7449031169435991
1520, 0.14214584279154266
1640952, 0.6679875716502354
92156, 0.7223122173137186
63997, 0.0550973765558063
69119, 0.8620319053429327
