Prediction:
752640, 0.1707432691959858
972801, 0.35756827345010356
737284, 0.0807544558089856
1528837, 0.4290359998812397
954885, 0.7117307842051793
1527823, 0.5965429208052323
1640977, 0.24331758790086336
157713, 0.7641838562817812
1285138, 0.49193013924297035
1437208, 0.213910675745104
1349151, 0.4531277434054325
1592870, 0.2378181509479304
93228, 0.015643919782516023
465460, 0.617832921326151
954934, 0.8463972987945205
84556, 0.24341570715995323
1567308, 0.8262547870289471
1577550, 0.32107151496943587
1285709, 0.9535627341579985
654928, 0.5580946278158108
620647, 0.06529676296529759
864364, 0.2503058951323926
575603, 0.3127274062385174
1280627, 0.10678442374512478
688257, 0.0027167818379256648
1443970, 0.695682997798374
1527947, 0.0003341441773552926
737424, 0.15031302128972024
201877, 0.2879966210482384
1457820, 0.7117295470930338
603293, 0.3484873283925551
809120, 0.48834102713846317
883875, 0.26703636619380705
1641128, 0.32760692686338766
1534634, 0.9514787178636652
1641655, 0.7617169068408117
955073, 0.7783717378938539
954571, 0.9090919740816494
736971, 0.036181406040424025
577227, 0.3739222946650262
45264, 0.9190313098663071
455393, 0.005255399829937981
728290, 0.12314000862473674
688357, 0.12879748499213325
1301747, 0.36169723939595066
105205, 0.8815058448525527
865015, 0.7837111887882506
665348, 0.48754416025923875
820998, 0.4024614420173059
759559, 0.013906616014517939
1301769, 0.023276043230348254
609034, 0.14193766308694372
80649, 0.5262038801433029
1641240, 0.36240355849146705
965916, 0.6949841555544589
34078, 0.10456248481292149
1470241, 0.07576841022559634
1348900, 0.03719492378297427
333106, 0.01324391047892295
1527607, 0.5255033759432861
954703, 0.9207113606837705
1641298, 0.46497160585875363
1641300, 0.01734860184690874
727385, 0.07288325436646723
304989, 0.42772579743154227
981861, 0.9566337048870565
212325, 0.12135988062151527
756584, 0.30418390685266516
331630, 0.0023524889981628764
473976, 0.7113085357114167
63356, 0.35809348556299253
51590, 0.07861438894674688
1640328, 0.904854357401518
954762, 0.7385637243586882
1642379, 0.9046029008092344
1527698, 0.10482844519998513
1527704, 0.3389419796028797
543133, 0.9288026040549986
954781, 0.8129400762509295
1301405, 0.1330569511961014
619939, 0.7827986197250115
605612, 0.3767343892147226
585134, 0.680906629316012
1433006, 0.5908433324084555
934321, 0.5906514224250669
1642435, 0.24745290170856954
1637320, 0.3981334494270193
936907, 0.5566152127816202
54735, 0.014249499027740628
70610, 0.13372788186270038
1508820, 0.5922689326057362
1292758, 0.7443290378562059
104407, 0.989059510459567
992729, 0.0856557217755012
199642, 0.33689388227807054
160234, 0.5469221420303538
1528304, 0.038288190115023886
629753, 0.8272068332581752
931327, 0.1588003528419217
