Prediction:
752640, 0.25901148994055206
972801, 0.22524593971916473
737284, 0.10857469526747829
1528837, 0.41781739148357083
954885, 0.7521188588474816
1527823, 0.9077673336037431
1640977, 0.2582194044008886
157713, 0.7181907661904765
1285138, 0.1518070673132505
1437208, 0.245579231589319
1349151, 0.47078880383366944
1592870, 0.5792414581323374
93228, 0.028964604311671194
465460, 0.49377244528242376
954934, 0.848569089669506
84556, 0.31212513395739166
1567308, 0.7820714038485022
1577550, 0.40278486096193156
1285709, 0.9335764751497653
654928, 0.6521018896724451
620647, 0.27606863747041244
864364, 0.2670930302877334
575603, 0.24346312700115672
1280627, 0.2543280882141257
688257, 0.043910643119706
1443970, 0.5311252816686562
1527947, 0.06627477965370121
737424, 0.15221108459019142
201877, 0.19324303564252818
1457820, 0.4175508733767789
603293, 0.2868658494351158
809120, 0.5798846405357416
883875, 0.17620311288261564
1641128, 0.41892146089214577
1534634, 0.9908288216284171
1641655, 0.7762772794950173
955073, 0.7755698460270719
954571, 0.899158781401676
736971, 0.060340339566557905
577227, 0.39222263496668325
45264, 0.9712681355074378
455393, 0.14935985587736414
728290, 0.41777399657973097
688357, 0.15632176880310122
1301747, 0.539213420209046
105205, 0.9035400986090676
865015, 0.8347091730443866
665348, 0.3624371755026732
820998, 0.26656170357896314
759559, 0.014152340079935793
1301769, 0.0767421938009919
609034, 0.016651936200977838
80649, 0.6221949440174718
1641240, 0.3282251918543587
965916, 0.7522427638617968
34078, 0.0013179596716917613
1470241, 0.22525881487131152
1348900, 0.7307795529864458
333106, 0.1444325400363173
1527607, 0.2691666436429943
954703, 0.8944019074859961
1641298, 0.6072248574744576
1641300, 0.0015130497225478035
727385, 0.079239356286797
304989, 0.5064664175322385
981861, 0.9807891115977975
212325, 0.4741183904313784
756584, 0.17184364578854613
331630, 0.2268855105966332
473976, 0.7177718141042748
63356, 0.5872515232619084
51590, 0.0032957071139619334
1640328, 0.9411477086939268
954762, 0.766777431398037
1642379, 0.895224168799316
1527698, 0.025215814717434587
1527704, 0.46544552156311203
543133, 0.9789004987343164
954781, 0.7267150529728376
1301405, 0.03855101826654316
619939, 0.8145825496728719
605612, 0.11026726520045828
585134, 0.8216092597909598
1433006, 0.5297334273157129
934321, 0.8031150454200062
1642435, 0.22660521363848865
1637320, 0.3476231553587669
936907, 0.6616483001252617
54735, 0.4958160260828758
70610, 0.16005843055490965
1508820, 0.39532586574832546
1292758, 0.7513538667464253
104407, 0.9900525675530488
992729, 0.11513981301989153
199642, 0.16941363797524894
160234, 0.4910288107272019
1528304, 0.06674509842404862
629753, 0.7419298725622797
931327, 0.08074961549766749
