Prediction:
752640, 0.31277837812669895
972801, 0.27487230936313134
737284, 0.10325281735899901
1528837, 0.348107858695366
954885, 0.7025634472871047
1527823, 0.9021165289370402
1640977, 0.10708328384165253
157713, 0.7740676402058208
1285138, 0.23499130478885444
1437208, 0.42449863447460223
1349151, 0.4433404598524325
1592870, 0.1969417033369316
93228, 0.00031207493852031525
465460, 0.3792585140147882
954934, 0.8174949487365901
84556, 0.6383449451858915
1567308, 0.855719548510588
1577550, 0.09468889347621752
1285709, 0.9335846556181492
654928, 0.6282962939743765
620647, 0.34452285677616595
864364, 0.28009772228856866
575603, 0.19639551641449612
1280627, 0.17044651875786276
688257, 0.0015815977098167103
1443970, 0.5357687416363792
1527947, 0.01042039643199546
737424, 0.12825006094763716
201877, 0.25669193929370226
1457820, 0.4942043329847682
603293, 0.4331466519162614
809120, 0.6905394110858755
883875, 0.26400551301976466
1641128, 0.3103734350725557
1534634, 0.9878473744155264
1641655, 0.8208193470597537
955073, 0.8376396791235611
954571, 0.884236633651635
736971, 0.06385169724201913
577227, 0.4018853890916704
45264, 0.9563657666617057
455393, 0.08905528087027972
728290, 0.18437924870188027
688357, 0.10380747101308711
1301747, 0.4455580127072641
105205, 0.8254860437940972
865015, 0.8292674586271672
665348, 0.5529679493775383
820998, 0.7271924980319685
759559, 0.3238765251671574
1301769, 0.06764584484283909
609034, 0.11856494569238468
80649, 0.6124779528480573
1641240, 0.4744760358423984
965916, 0.6885309154643313
34078, 0.026843760994119517
1470241, 0.12368700035819635
1348900, 0.3253526126288473
333106, 0.020279316443129587
1527607, 0.4575728994238414
954703, 0.9226166751081503
1641298, 0.6584297586099366
1641300, 0.001046841517035296
727385, 0.11038906999066905
304989, 0.4176496325019787
981861, 0.9872687949665083
212325, 0.4853999875503805
756584, 0.3624113937943004
331630, 0.1739923296419729
473976, 0.5110851022284293
63356, 0.05626836045854244
51590, 0.038328747532336546
1640328, 0.9760293637765958
954762, 0.8255416491561126
1642379, 0.9123074809649677
1527698, 0.03213828414285878
1527704, 0.3913921906909119
543133, 0.9736519048685428
954781, 0.7752312015734314
1301405, 0.0447591513567323
619939, 0.8773780515975081
605612, 0.09696573929102864
585134, 0.8435428097200854
1433006, 0.5847046291950944
934321, 0.7469539470018972
1642435, 0.567716890095916
1637320, 0.2962493818537613
936907, 0.5077901952708888
54735, 0.2308004223519377
70610, 0.1740986313795893
1508820, 0.5073758928025717
1292758, 0.6442930165440169
104407, 0.9901265907994625
992729, 0.05404681376445464
199642, 0.43779556134001124
160234, 0.5286894413306997
1528304, 0.005584406590754922
629753, 0.6105239318186149
931327, 0.04390708145552398
