Prediction:
688643, 0.07358571001376164
159749, 0.05300222111740595
688645, 0.10387841357630075
1527820, 0.0016536850867146485
539663, 0.9478541093955026
303638, 0.2812470262474292
330271, 0.005277037987070216
954399, 0.7259026871284838
70695, 0.9417798130343118
1295917, 0.6057506155274404
1642542, 0.8680159326836326
1527862, 0.9659513266678931
1528890, 0.46281897219727175
200254, 0.7466668172208198
540741, 0.1978841116292116
761928, 0.27580781615255645
688201, 0.6856053085210384
37966, 0.012050012360012732
1537108, 0.0025410822522870472
336476, 0.7310809676115073
511069, 0.578488575128089
1301599, 0.20717724532638274
1528416, 0.08179285098265689
206959, 0.24284275725542676
478840, 0.20518638410559478
1503357, 0.8537223137247039
1642117, 0.11750811861760847
1536654, 0.11145176373245257
688274, 0.5018582465595879
1527963, 0.14360410511661814
688288, 0.07302574924358499
688293, 0.017964035680130806
688816, 0.010236964324037997
745138, 0.03292736456968534
438974, 0.3392419352452933
88771, 0.4845329536865064
459971, 0.85789429120906
714443, 0.3547365954171399
1289425, 0.4190196224995492
1284820, 0.26136497096736366
954602, 0.8638290820672874
954604, 0.8838146367354883
208118, 0.6492625813934055
198910, 0.05681919069502012
809216, 0.39706834389746953
610565, 0.026008826617643203
1528071, 0.08851004317154873
453897, 0.7592841674773206
770827, 0.24771726149499454
216843, 0.3139918836899572
828171, 0.32463299669932383
306447, 0.8247893260169339
562451, 0.5713372297928805
1642271, 0.38686083079564987
1528097, 0.5948777222989905
28965, 0.8623599406162532
367910, 0.8379180393794535
1642296, 0.758953764902067
1528125, 0.3744843176676259
1528145, 0.1719122788919028
1555281, 0.09632745885546984
49489, 0.9323962751784992
493905, 0.16754919068196908
876885, 0.09798600114289482
1290079, 0.7175318414749124
468834, 0.32932657709199076
1528677, 0.02252126230927296
756582, 0.8155463269450589
1338728, 0.7905482381244013
1528170, 0.37835900743237316
845165, 0.04520014327955851
1528696, 0.33327388010091424
617338, 0.6875710967263453
1301888, 0.06317831078021795
102785, 0.10042865815143077
1527682, 0.5637620735122746
940424, 0.7148626667030726
1528724, 0.0561870133062828
809380, 0.22919536082937506
1446827, 0.1454933358853793
864186, 0.6152022755462767
1291714, 0.6209994547195004
642499, 0.00012443887563378034
688586, 0.8445825386417126
32721, 0.5796369301895282
954834, 0.643666670400446
1536468, 0.5694603259349663
688598, 0.3837004784222209
1556442, 0.0014000355657416029
901084, 0.6511463801122367
954845, 0.9129363818676032
1527780, 0.0423655489326692
1640932, 0.025185439062083932
477677, 0.12976297848938947
829947, 0.3289042747188028
1528829, 0.25613774697406216
