Prediction:
1556484, 0.0012726073293397513
688644, 0.3745396785548066
737290, 0.5125418689658057
1301520, 0.1298339173422927
1642001, 0.9057024888749754
1528850, 0.08393706278727237
688661, 0.5053895184761035
971799, 0.4332810278921126
1642520, 0.1216417292946961
46624, 0.8549439237573541
1537067, 0.12237020328798354
1641005, 0.14036678546954212
1641010, 0.7274058599289871
688185, 0.4997633826380888
954938, 0.8280043109395335
443966, 0.4727250679495248
599616, 0.42979211478051227
439367, 0.5817565826169863
1537607, 0.2059648105960697
954956, 0.639777952256167
688719, 0.046360448889474104
615506, 0.43185404507802577
654934, 0.44047223917632455
1589851, 0.131839616168955
104542, 0.8114016744551041
457824, 0.4516655905668889
1641573, 0.08297240688276636
1527916, 0.8426938701708289
737391, 0.3017784064277954
1301619, 0.31034425120276915
211078, 0.04673280437334953
52874, 0.8494927331774942
955024, 0.7925917350493313
32404, 0.760306360871052
158358, 0.6513375416392414
566940, 0.4215068082496998
50848, 0.4340233649460542
1349288, 0.7891110227839784
860330, 0.6973794594455905
688818, 0.012512015240130235
1536181, 0.9440687357203981
48316, 0.7490423865011361
491718, 0.8118140292863169
1296583, 0.11338828762913518
954567, 0.8888231876388801
1566412, 0.5575823672170659
66255, 0.2540458531435546
66267, 0.04444707505871903
809183, 0.2676972007244386
425699, 0.43653218144186334
467683, 0.003455448678124854
464617, 0.8493435577560302
752377, 0.4132766217527984
872708, 0.007471749592950805
1640197, 0.9383256488617338
1301765, 0.6741195493362082
809221, 0.3029169855481529
809239, 0.3423828931607009
1528102, 0.0149190770955454
809255, 0.4002583573822954
1536298, 0.47849379827121447
1640747, 0.8755086562614519
688431, 0.8257755292222195
1636657, 0.27972707883591313
213817, 0.46781087611560124
1466703, 0.36944817986655076
1301330, 0.05681558305980076
1545042, 0.6726936583519291
737622, 0.5171279450285872
1452895, 0.5299838508579932
950625, 0.3239139010321694
856937, 0.24002433654359914
493931, 0.4408880055490991
954743, 0.7326989520806603
809346, 0.013460325021152186
558984, 0.00017164538137454308
1642378, 0.9475420099882823
591251, 0.4592463364306371
1640852, 0.48403442019942927
305050, 0.18880216959013763
934299, 0.8038220744320704
1640862, 0.4901828555372971
1640351, 0.42754995601702783
1642418, 0.0023691476711141133
558515, 1.5152322195290362e-05
1511354, 0.7474946146842743
1330619, 0.010015432092569275
1528770, 0.09185369654463947
1291715, 0.08598832315128117
901575, 0.8708494569673104
1640904, 0.04228399450083335
1537998, 0.047329510975702926
737235, 0.10096994467509832
1301469, 0.13102857073457755
37371, 0.08124175787994802
797692, 0.6716841921324314
