Prediction:
1556484, 0.00898464483473743
461060, 0.19418280318984024
435462, 0.6367985200944122
453897, 0.7504252079741687
1639947, 0.818526430265996
674830, 0.9942124916524554
1528847, 0.7011750129774865
809238, 0.6214704912044878
1528086, 0.3642457280215803
971800, 0.4466176154145965
809247, 0.832233046502218
954655, 0.42453657798728367
637985, 1.5906656966914544e-05
1528098, 0.6462515059707918
1592868, 0.9082639718654287
311591, 0.8651978776313622
209194, 0.16230519828317513
954671, 0.8788640400559125
979760, 0.7136890821952184
1636657, 0.1688929365017027
752436, 0.20310884128870674
647227, 0.757323070077062
307260, 0.9721631671759778
443965, 0.5623225581660951
1537598, 0.13626741250464364
355136, 0.46777159694382625
78914, 0.17952179465099313
736835, 0.8837665042564176
1365574, 0.707846746389952
761927, 0.38218437495998886
654923, 0.5756247184443833
809036, 0.013956957231913095
688461, 0.37859600985236186
900186, 0.6046391683785027
688476, 0.9186002689091611
1640799, 0.8789405146535987
762464, 0.738242989331412
954465, 0.6770617864325196
1290079, 0.8286717671853491
30307, 0.493587700429233
1479009, 0.528168444241582
981861, 0.9931611037747297
1338730, 0.0023883345950234044
616299, 0.602586788037179
954476, 0.7537203529078736
934509, 0.47208139510222696
544113, 0.24195377436499463
28532, 0.7326264778257182
812917, 0.5746181058430799
873597, 0.5351639889882326
42878, 0.00243899390143461
688510, 0.5152793076852397
221312, 0.589701991835653
737408, 0.15000147210812873
416386, 0.15310146317131074
611972, 0.7613401743542428
1536390, 0.9203191002895972
1528199, 0.0033178539188083896
106632, 0.5969127859214182
558984, 0.1307681908247908
665226, 0.5162106052498622
1527697, 0.4781507460311901
688276, 0.4018737352469337
1528726, 0.2244777349084207
688537, 0.4883310939417201
543133, 0.9940938028779328
159136, 0.5530219897822947
321446, 0.4620962541820606
688551, 0.055943046435609746
809132, 0.6710328164211118
327343, 0.979529629363216
1433007, 0.6028202536442658
688309, 0.4560543315070738
752822, 0.019695072209417384
955068, 0.7584059977668897
737212, 0.16266783909605786
98236, 0.0011820462836521193
1640894, 0.7251227601665186
776643, 0.002818744626172873
75463, 0.7060246614530206
978888, 0.7536480077563916
44489, 0.042765143073695576
577226, 0.8630494092185008
1513931, 0.11973448702472064
1528525, 0.5084523887695045
70610, 0.15016581788161748
851668, 0.791362946117251
595157, 0.28938079380512804
1292759, 0.7211687395099251
737240, 0.0010980491954722343
637408, 0.8172347015022023
425700, 0.09276627561911277
1638893, 0.4858811723118707
809198, 0.5015487273217021
428014, 0.8131103758794026
47858, 0.23093621933669492
1637363, 0.31637988474087725
1281781, 0.2519146607977366
938230, 0.17586482621411334
663804, 0.6402584604745948
