Prediction:
688643, 0.08816444914588062
159749, 0.18047988460564646
688645, 0.04829285613746891
1527820, 0.012650056528419924
539663, 0.9253335003792909
303638, 0.521596776307299
330271, 0.004999668412156732
954399, 0.8132692596393138
70695, 0.9287655085618564
1295917, 0.5813823133934166
1642542, 0.9052567823714585
1527862, 0.9842338109274696
1528890, 0.09659409282762584
200254, 0.8257929875236402
540741, 0.03446861443138205
761928, 0.3173923546241883
688201, 0.8110997693549613
37966, 0.0032009647253155985
1537108, 0.03041193804432833
336476, 0.45585102580179576
511069, 0.7537764602800782
1301599, 0.21335770644142427
1528416, 0.06400955517657628
206959, 0.36157242344232127
478840, 0.0727359432440334
1503357, 0.7857084134785596
1642117, 0.12348372167784373
1536654, 0.0017804218160373101
688274, 0.5072182118643828
1527963, 0.1946725807167831
688288, 0.13313027506142863
688293, 0.009239828129848188
688816, 0.007082009115841485
745138, 0.007885835182790624
438974, 0.21597464267214234
88771, 0.5018494118777035
459971, 0.8482863622179646
714443, 0.3023824501456712
1289425, 0.20067285810625426
1284820, 0.2625979789851005
954602, 0.8439459840756534
954604, 0.8951124155061597
208118, 0.35414992670678924
198910, 0.37002691090196216
809216, 0.3405535056661964
610565, 0.25720231347477424
1528071, 0.11260294568813464
453897, 0.8090639694142704
770827, 0.07967038091140324
216843, 0.436593725355595
828171, 0.26423334014372585
306447, 0.7255423719500893
562451, 0.4020336164292271
1642271, 0.5135304742462696
1528097, 0.7973553666005879
28965, 0.7795741577884433
367910, 0.8205329586005666
1642296, 0.5967354386978868
1528125, 0.3143865831621503
1528145, 0.1385633363558533
1555281, 0.20632719361255558
49489, 0.9386373497332096
493905, 0.21252497825808842
876885, 6.606690729868002e-05
1290079, 0.6460757560287881
468834, 0.34377802920671646
1528677, 0.0991079390671991
756582, 0.7960171043870397
1338728, 0.7336997223295868
1528170, 0.487381763307177
845165, 0.0017825171175103532
1528696, 0.34310972827962166
617338, 0.7343911812788084
1301888, 0.10398368700049572
102785, 0.06390943456030194
1527682, 0.5620106946303741
940424, 0.127502843210445
1528724, 0.001970159031927042
809380, 0.34237564981965474
1446827, 0.025710211674302787
864186, 0.8125679073151586
1291714, 0.5449025219715019
642499, 0.06609289810596182
688586, 0.9227378775463141
32721, 0.6709016425687954
954834, 0.6954253732311454
1536468, 0.5783657661617103
688598, 0.42457932611798577
1556442, 0.039958044132453574
901084, 0.7022494655124061
954845, 0.9165120239795806
1527780, 0.02192656689402447
1640932, 0.2158531237324484
477677, 0.08273542336855795
829947, 0.5643767512107727
1528829, 0.23427911478467547
