Prediction:
835072, 0.002187127637676009
539657, 0.23763272177994
1641997, 0.014641439738424604
1639955, 0.114003729545402
1639959, 0.14901729338676428
1622038, 0.5759036044196084
637980, 0.012382357081119186
28188, 0.5741884782524961
91168, 0.017469722976835522
954915, 0.8923151277140882
425511, 0.35836285598015066
688685, 0.011555142293441059
155185, 0.3249839249154564
39493, 0.567006267606097
155208, 0.19609337969942692
1641035, 0.6688654915512441
1288277, 0.0001447468732789234
755797, 0.369891594537739
954462, 0.7856763162088876
812132, 0.21258536700162506
87656, 0.24425975440892397
1536113, 0.8870894088227954
48248, 0.11029927677710315
744057, 0.4142010080678036
210045, 0.24749078441018726
1642144, 0.7563856865227323
50337, 0.3414931757354853
325795, 0.39949641481217857
1527974, 0.4566439217103158
1642150, 0.3523173815543009
814256, 0.4524032217311451
1641143, 0.8650584483220712
438974, 0.5776764526452173
217297, 0.33716772347587604
1641170, 0.09975222063275978
688340, 0.01039985982386268
1641688, 0.06111676479090498
688357, 0.1454493456462857
649964, 0.008456977268001235
930033, 0.9687515541751595
447747, 0.5848015278855033
566532, 0.27684002470009633
1641737, 0.2980213902007508
49425, 0.6832305492425454
562451, 0.15235041803954794
817939, 0.010667267260574122
688403, 0.6862763869984401
817944, 0.3220603616544041
52506, 0.31849005281917736
452895, 0.30681306801062824
984872, 0.3481525839608919
311595, 0.4472192267361098
899888, 0.9475539270039084
646978, 0.3868632346985214
1642307, 0.0046322719132191655
664904, 0.9280862120074854
1641802, 0.17505232900671458
1466703, 0.5794214296457953
1466704, 0.24491192044546012
809297, 0.286844621453253
1640791, 0.16532304794129316
305497, 0.0022758385669972825
209245, 0.03732830543045579
603488, 0.4486589843286891
701282, 0.560526820677188
752485, 0.7563493957388236
302952, 0.4471305177800084
122731, 0.7941033161104922
563052, 0.014849213981510274
1561972, 0.8278803467695512
1528692, 0.08207860486198677
1642361, 0.2123686509432814
1528698, 0.5452083277174509
1301374, 0.032004442169764176
737150, 0.6201072278511466
51590, 0.08346337364690387
364426, 0.7856661418882701
1642378, 0.950857953423603
899993, 0.8774010034620113
752538, 0.41901080485189995
1640355, 0.1370010881317137
1446827, 0.12320304136949056
62394, 0.5196476351904435
842684, 0.08463348878876532
1640893, 0.4450275237109362
688589, 0.0967727680260299
208335, 0
1642449, 0.820056136179657
858065, 0.7662636227058646
1640919, 0.024576162678592157
1528791, 0.5885697806748768
1528294, 0.7215070952990702
1520, 0.1630365334120676
1640952, 0.5584836051687443
92156, 0.49481075922826534
63997, 0.11561660351872972
69119, 0.8234387830186146
