Prediction:
1556484, 0.23716445502389463
688644, 0.3752296261859524
737290, 0.2555472248212294
1301520, 0.0973737181343741
1642001, 0.8661298863224254
1528850, 0.004443326078558414
688661, 0.4626242365508914
971799, 0.23150685713400182
1642520, 0.1525399357278537
46624, 0.8558855685375554
1537067, 0.010620620970393183
1641005, 0.19914194086778728
1641010, 0.7007597772284605
688185, 0.41082064516639755
954938, 0.7795975042902168
443966, 0.5062598117214239
599616, 0.07872090199744808
439367, 0.5596444138311746
1537607, 0.3654100815902347
954956, 0.6360578138297575
688719, 0.1537344626408991
615506, 0.14701619945313213
654934, 0.36218870942928194
1589851, 0.03904776408894718
104542, 0.7984981864269927
457824, 0.027780697787603933
1641573, 0.020939568318910265
1527916, 0.8501441828427647
737391, 0.36385488352510287
1301619, 0.2919477767214621
211078, 0.1742538210724675
52874, 0.8242865388049342
955024, 0.7861463167887303
32404, 0.1424907324322807
158358, 0.6582371527662155
566940, 0.25841627832891956
50848, 0.602043625311329
1349288, 0.8691544382520416
860330, 0.7272131702359692
688818, 0.015706148889696455
1536181, 0.9451313079228469
48316, 0.5754562258664606
491718, 0.7471712308574638
1296583, 0.05282362368752573
954567, 0.8821302936292267
1566412, 0.481577275826499
66255, 0.1420621248035449
66267, 0.09815333882760849
809183, 0.30901925912422057
425699, 0.5682754417849482
467683, 0.004657125657956189
464617, 0.8759459103300719
752377, 0.33832532401324295
872708, 0.004137875970530205
1640197, 0.9752911214612888
1301765, 0.6206450378732001
809221, 0.3356477210415211
809239, 0.3168364269258981
1528102, 0.023821732730351684
809255, 0.41436565701282835
1536298, 0.6529777133586167
1640747, 0.8811299956563612
688431, 0.7148799337383814
1636657, 0.11608706665396719
213817, 0.5425602932385257
1466703, 0.46119102978441134
1301330, 0.08927798017521807
1545042, 0.5284834375526712
737622, 0.5069617479471172
1452895, 0.4864311168539992
950625, 0.5074238518678528
856937, 0.4200800387983121
493931, 0.3043822528245962
954743, 0.8084694083053178
809346, 0.051606952238534884
558984, 0.07887094219839247
1642378, 0.9588611840966565
591251, 0.5103613040558249
1640852, 0.19099712560416907
305050, 0.16194940277174685
934299, 0.8212770888228591
1640862, 0.6022358583730612
1640351, 0.4439088301518494
1642418, 0.00630012220963063
558515, 0.02588428972649486
1511354, 0.7265617666580091
1330619, 0.013938021312048094
1528770, 0.09109599021230753
1291715, 0.0012583804042823176
901575, 0.9104091036177074
1640904, 0.04678914957630213
1537998, 0.12454627945001814
737235, 0.3412075916707686
1301469, 0.1896822598812542
37371, 0.3593745798949902
797692, 0.5659720976256757
