Prediction:
752640, 0.11644895917568701
972801, 0.32454603076043853
737284, 0.06295991857667387
1528837, 0.3719101668344148
954885, 0.6979379179232492
1527823, 0.9063621041014448
1640977, 0.09358118246394623
157713, 0.7237149519127704
1285138, 0.13092519210332856
1437208, 0.10247082243130265
1349151, 0.5689586724888334
1592870, 0.6053124613601153
93228, 0.023005007927232944
465460, 0.6254581487466211
954934, 0.8357416899413342
84556, 0.46258282886948787
1567308, 0.5840416082043466
1577550, 0.25881085826574773
1285709, 0.9286910456778792
654928, 0.642366540757431
620647, 0.16970770131809995
864364, 0.26298533312498523
575603, 0.21629285887576652
1280627, 0.06039588619604013
688257, 0.024548308569557236
1443970, 0.6076631533774117
1527947, 0.0334010299365173
737424, 0.17148104619294308
201877, 0.3159415335326055
1457820, 0.16492281766236694
603293, 0.5719185014409502
809120, 0.5845652146509738
883875, 0.31987565648460936
1641128, 0.5077842103486887
1534634, 0.9789530247375131
1641655, 0.8368825552644293
955073, 0.8162165324665613
954571, 0.9015680804229682
736971, 0.12341571375948217
577227, 0.409928135068769
45264, 0.9599641536185135
455393, 0.00047932716613691796
728290, 0.36820014874056245
688357, 0.09302094226237295
1301747, 0.45347418814799934
105205, 0.8867691788291479
865015, 0.8353772634420057
665348, 0.16260985299500313
820998, 0.26194869979395025
759559, 0.005531867218481892
1301769, 0.0050759420474258896
609034, 0.07198743064410745
80649, 0.7284927834928225
1641240, 0.4375668114439092
965916, 0.7584868449931477
34078, 0.0408216362184985
1470241, 0.16699507179018372
1348900, 0.2701901007941789
333106, 0.0004422409875121131
1527607, 0.38705765170154605
954703, 0.9106098601157971
1641298, 0.6098838490040572
1641300, 0.015391839421988704
727385, 0.26063851108266883
304989, 0.4915423909878228
981861, 0.9856670511384413
212325, 0.48033036553887437
756584, 0.3208907768043608
331630, 0.04652899110686428
473976, 0.6180506353456809
63356, 0.4165285545422779
51590, 0.035971591669265265
1640328, 0.9798917539208217
954762, 0.786490946143936
1642379, 0.9269281134728052
1527698, 0.29886915592447866
1527704, 0.4571036290412692
543133, 0.9670235358800351
954781, 0.7891138781853043
1301405, 0.11835623356121347
619939, 0.8710702640096739
605612, 0.33945094310493834
585134, 0.7692029945672416
1433006, 0.5976695074537974
934321, 0.5791993773167878
1642435, 0.33751808775851294
1637320, 0.39412826327266004
936907, 0.512674366263265
54735, 0.05809248394562873
70610, 0.23641821871774146
1508820, 0.30779865307660936
1292758, 0.8099326279106377
104407, 0.9781189037877337
992729, 0.08229037649390059
199642, 0.3950804318940074
160234, 0.5128316787930832
1528304, 0.09535132987001324
629753, 0.803958060563553
931327, 0.33737186626723187
