Prediction:
688643, 0.09277236046610383
159749, 0.13901700285099905
688645, 0.0037292253270712304
1527820, 0.002170384655206599
539663, 0.9603035216747889
303638, 0.7456710198397644
330271, 0.00376488203756203
954399, 0.7813474711242349
70695, 0.9344358907865753
1295917, 0.8480083839918713
1642542, 0.8924084846213747
1527862, 0.9504255776938839
1528890, 0.23109817875036232
200254, 0.8308820824114769
540741, 0.8111135482837648
761928, 0.30622494159720454
688201, 0.5540471650852369
37966, 0.03355704923958639
1537108, 0.002635425546242346
336476, 0.7814544182748611
511069, 0.3959962415193551
1301599, 0.0824356396675181
1528416, 0.14646221808653684
206959, 0.36970848081608465
478840, 0.0069896294180771526
1503357, 0.8366984433736309
1642117, 0.004182915078677311
1536654, 0.12450590457419
688274, 0.5363731395774207
1527963, 0.14496773185229006
688288, 0.1383603153513809
688293, 0.003605622877636607
688816, 0.019873269027450444
745138, 0.008127209319338934
438974, 0.2454378719946018
88771, 0.5912727154519792
459971, 0.70682741023269
714443, 0.35757475999653987
1289425, 0.6205556265990103
1284820, 0.32316346112196936
954602, 0.8564206280545
954604, 0.9038783841675613
208118, 0.4318004926791645
198910, 0.13389398812102743
809216, 0.38731696748410516
610565, 0.25892980992410597
1528071, 0.334277285898353
453897, 0.6214459725300664
770827, 0.07769531127985815
216843, 0.26651468990754096
828171, 0.15053246915697438
306447, 0.6301641163397776
562451, 0.40049169125344386
1642271, 0.5020696615031932
1528097, 0.7226971972778679
28965, 0.8674733805720785
367910, 0.7912618157768333
1642296, 0.6221644276275882
1528125, 0.3404036642838992
1528145, 0.27805867134895634
1555281, 0.1489317631770724
49489, 0.9594596074710249
493905, 0.6142194878650395
876885, 0.04062813937142041
1290079, 0.7644401773988134
468834, 0.368858664926894
1528677, 0.040495355661760664
756582, 0.8331758270864403
1338728, 0.6692933475754915
1528170, 0.5129056151401318
845165, 0.003059733078481982
1528696, 0.35199923143042644
617338, 0.4758334027950779
1301888, 0.11661912471258883
102785, 0.0077258234736762525
1527682, 0.5263605504406654
940424, 0.3470885112536995
1528724, 0.009675964005758791
809380, 0.30694050698150366
1446827, 0.025544236809166794
864186, 0.8747735950848202
1291714, 0.7241838656874736
642499, 0.05211925377535834
688586, 0.7838781308378581
32721, 0.49834706539541573
954834, 0.6264701121962167
1536468, 0.5152086337022914
688598, 0.4411942920791109
1556442, 0.0734730881374894
901084, 0.7808695689514455
954845, 0.9298731184020363
1527780, 0.13091773393086706
1640932, 0.08319158438716986
477677, 0.27919822042050274
829947, 0.10269286862150208
1528829, 0.18030835676910026
