Prediction:
752640, 0.40735384212841697
972801, 0.2263079603491959
737284, 0.2043747559587234
1528837, 0.4311518336696464
954885, 0.7407014173757897
1527823, 0.6732706172202594
1640977, 0.3533645003530413
157713, 0.8267450304936118
1285138, 0.13904526270381234
1437208, 0.30183136299211727
1349151, 0.376413431165867
1592870, 0.45161920979225456
93228, 0.024578043424126318
465460, 0.5775064974175904
954934, 0.8512152093973794
84556, 0.3102583634620518
1567308, 0.7747904591616778
1577550, 0.1245594399203591
1285709, 0.9605115863837729
654928, 0.5156757099186052
620647, 0.11960326708660096
864364, 0.23725592156867312
575603, 0.4823672354577538
1280627, 0.08464251936138004
688257, 0.027346090955341684
1443970, 0.4883474639117982
1527947, 0.037366025770604765
737424, 0.1139783049280706
201877, 0.2830167605299711
1457820, 0.3611502827274476
603293, 0.2723423399316634
809120, 0.4869064266286979
883875, 0.2271188124650932
1641128, 0.4013254848735012
1534634, 0.9601759739505042
1641655, 0.7412023417461596
955073, 0.7946759873521964
954571, 0.8807409199303999
736971, 0.04055144811807943
577227, 0.38536651803600047
45264, 0.935642038106004
455393, 0.027718858569536934
728290, 0.12932124047285304
688357, 0.08125590183172647
1301747, 0.2971497089711259
105205, 0.9073872104134049
865015, 0.8500939056515825
665348, 0.5888701260542378
820998, 0.10173835178069487
759559, 0.005353466055052715
1301769, 0.07725515300912916
609034, 0.16851717852070072
80649, 0.6414005690109637
1641240, 0.295943783147779
965916, 0.6601896388066838
34078, 0.13252142200858189
1470241, 0.18826122487459118
1348900, 0.43036318937377305
333106, 0.0391771952910137
1527607, 0.4709274476150472
954703, 0.9115602480393671
1641298, 0.4255333408852111
1641300, 0.01850692239366815
727385, 0.17391682544429973
304989, 0.5477368802021161
981861, 0.9490222919673603
212325, 0.04502513331101605
756584, 0.3041246200316096
331630, 0.4429947559270095
473976, 0.7096267196196716
63356, 0.243998042273309
51590, 0.0026383549092071383
1640328, 0.8884816140637686
954762, 0.7986622408794288
1642379, 0.8957560812614281
1527698, 0.19547248002437206
1527704, 0.38111724515858975
543133, 0.9145244193207216
954781, 0.8283919886681927
1301405, 0.1486389408703922
619939, 0.7884011965120225
605612, 0.24881193534491008
585134, 0.788640474586467
1433006, 0.690895802043401
934321, 0.7056576766705277
1642435, 0.3166441490584523
1637320, 0.3962067947323579
936907, 0.4096843698501468
54735, 0.14756203423595893
70610, 0.22421019280762142
1508820, 0.3596526228950785
1292758, 0.7690938002460351
104407, 0.9782300048251537
992729, 0.12288341601903746
199642, 0.521868910704932
160234, 0.23292853718142023
1528304, 0.08705019376405995
629753, 0.7964597335456992
931327, 0.19779044304551732
