Prediction:
688643, 0.08375325868209552
159749, 0.01961601378934753
688645, 0.0003709552344167766
1527820, 0.04144921968435283
539663, 0.9452459194843046
303638, 0.633062444958807
330271, 0.00917888244740742
954399, 0.7485074092650834
70695, 0.960600661339112
1295917, 0.6448388480579468
1642542, 0.919066100548344
1527862, 0.9653051638875086
1528890, 0.2742129046530797
200254, 0.8660004660580327
540741, 0.677031301533408
761928, 0.3553842079197653
688201, 0.7501643889228113
37966, 0.023449077392770704
1537108, 1.6984573730374345e-05
336476, 0.8037447582454953
511069, 0.31748848667844093
1301599, 0.11184376302049012
1528416, 0.08958152886176891
206959, 0.01892957695792142
478840, 0.2890405276680356
1503357, 0.7636185927143874
1642117, 0.13271708517647735
1536654, 0.005992959522033216
688274, 0.5727802838403223
1527963, 0.14027895642571792
688288, 0.1222547241001113
688293, 0.004546627082657786
688816, 0.016442344286615417
745138, 0.19771578058358322
438974, 0.001621403007958658
88771, 0.51693430426322
459971, 0.6529036531275677
714443, 0.03408234720531333
1289425, 0.36197490701006213
1284820, 0.10225376949210209
954602, 0.8129118740605161
954604, 0.912967941677964
208118, 0.5589147782075677
198910, 0.05218116917318585
809216, 0.3676583840079633
610565, 0.2837028938568175
1528071, 0.18460378983767295
453897, 0.6477154672305017
770827, 0.08552405732402729
216843, 0.5094259584010131
828171, 0.03239524585172344
306447, 0.6555677265458668
562451, 0.3351386782311231
1642271, 0.700566829744344
1528097, 0.38388294811827695
28965, 0.8804981313128887
367910, 0.8148467819039297
1642296, 0.699198682092551
1528125, 0.47443199681475784
1528145, 0.044957567292807685
1555281, 0.2607196637461473
49489, 0.9557061436790913
493905, 0.48119753617497435
876885, 0.10362745434651742
1290079, 0.7967009024712586
468834, 0.3121851654006028
1528677, 0.008726711010459704
756582, 0.8293392334098675
1338728, 0.6834163362638496
1528170, 0.40017497359760296
845165, 0.008916812965412144
1528696, 0.31788165894172915
617338, 0.5099723180477576
1301888, 0.24007175735589986
102785, 0.18500687826722953
1527682, 0.49208497741663176
940424, 0.3347109464261757
1528724, 0.09748867371830688
809380, 0.20272775664570047
1446827, 0.0015401014871072292
864186, 0.7946969372098149
1291714, 0.29102766111641964
642499, 0.004438448640934207
688586, 0.8632958137453226
32721, 0.4141630980030905
954834, 0.5837035234805114
1536468, 0.554242035816337
688598, 0.48504416829732766
1556442, 0.06985319417733944
901084, 0.5767716995209504
954845, 0.9230524167543482
1527780, 0.020925210084461125
1640932, 0.20531813470632193
477677, 0.2554923559359066
829947, 0.3559478553899341
1528829, 0.5556662487366499
