Prediction:
1556484, 0.01802562441807228
688644, 0.5296773345685444
737290, 0.3467662806541513
1301520, 0.1460913243402651
1642001, 0.9397203166970788
1528850, 3.812394825751353e-09
688661, 0.7515399312867165
971799, 0.4042653022088735
1642520, 0.110401729757886
46624, 0.8812787999323148
1537067, 0.048045062496113254
1641005, 0.23533336601105212
1641010, 0.7859286521376327
688185, 0.6069909805692965
954938, 0.7871418827808301
443966, 0.5803443996584229
599616, 0.04514148374452244
439367, 0.8306282637976018
1537607, 0.48977742815033876
954956, 0.6052607100368745
688719, 0.12105983380611023
615506, 0.3538495394860847
654934, 0.5076236732085085
1589851, 0.04622979360455603
104542, 0.8033642283513626
457824, 0.5006511164819801
1641573, 0.13013053621892792
1527916, 0.9297633094302382
737391, 0.5636537674641474
1301619, 0.47278284887381783
211078, 0.17635131485585093
52874, 0.9055850324696464
955024, 0.8223800766751201
32404, 0.4770512389959205
158358, 0.8002562324785311
566940, 0.3279010860372456
50848, 0.6268006170524076
1527970, 0.8667932000460704
1349288, 0.8861917635590866
1586856, 0.6746400504710955
860330, 0.6881552811574356
688818, 0.006086540826229797
1536181, 0.990860782557173
48316, 0.694705764808739
491718, 0.8305336389464305
1296583, 0.13011642072788904
954567, 0.7949080222818184
1566412, 0.45336433146791966
66255, 0.19588757472465304
66267, 0.18017889857346742
809183, 0.38494764797518116
425699, 0.3618466538946659
467683, 0.0017672456124783254
464617, 0.8956981678447369
752377, 0.7032284531254884
508163, 0.4618463359040926
872708, 0.00015640103104436358
1640197, 0.9749608942029734
1301765, 0.7536203781323476
809221, 0.3650540977444632
809239, 0.37736565187000304
1528102, 0.0007295891075420448
809255, 0.45930561674265913
1536298, 0.6926217686660457
1640747, 0.8892127436421533
688431, 0.8292040396034094
1636657, 0.12287005222117321
213817, 0.5583086107793589
1466703, 0.4562190614374561
1301330, 0.136788788938129
1545042, 0.8784252687136314
737622, 0.6988641274370494
1452895, 0.5500987677064584
950625, 0.15046106579813107
856937, 0.6322953047780191
493931, 0.5909557807805412
954743, 0.8598251731984682
809346, 0.05952208731945082
558984, 0.09539156728105941
1642378, 0.9734197815020681
591251, 0.5049130001718444
1640852, 0.4114278151184312
305050, 0.35965180219754517
934299, 0.8125216230606916
1640862, 0.6594478881149562
1640351, 0.4962514052180308
1642418, 0.000534430095447946
558515, 0.06326443227374112
1511354, 0.824822564685614
1330619, 0.1166852588056433
1528770, 0.17010449383371612
1291715, 0.05317256372181822
901575, 0.9592265532909008
1640904, 0.24687035818961467
1439182, 1.1386666346045381e-05
1537998, 0.1667060805854468
737235, 0.12579578194105823
1301469, 0.15103137323128504
37371, 0.2833766120836914
797692, 0.6777669333598803
