Prediction:
752640, 0.20250833781706892
972801, 0.470839934118587
737284, 0.21977943045085918
1528837, 0.3791703292200747
954885, 0.7159136354099761
1527823, 0.5288739379838892
1640977, 0.2399778414854008
157713, 0.7611462747554644
1285138, 0.34176860165332246
1437208, 0.20628235834557093
1349151, 0.4190223494462875
1592870, 0.2608642862415217
93228, 0.1406899142472112
465460, 0.6183493339845338
954934, 0.8187638417035636
84556, 0.30653979619942695
1567308, 0.6732090752561137
1577550, 0.061060054131866194
1285709, 0.9638312874945929
654928, 0.5602774013214764
620647, 0.13400102964354985
864364, 0.38484735385088875
575603, 0.4379175000589766
1280627, 0.10275819644097384
688257, 0.0015898196060070869
1443970, 0.7060327704451566
1527947, 0.00012194079682324495
737424, 0.11133086480699354
201877, 0.29548413536232043
1457820, 0.2785886655609266
603293, 0.3117624923288844
809120, 0.500830349288764
883875, 0.18573174192614872
1641128, 0.34737815666686306
1534634, 0.951527334044243
1641655, 0.6514632015437652
955073, 0.802115727830396
954571, 0.8881157974366394
736971, 0.04148675978540395
577227, 0.1909802278262127
45264, 0.9175978809767776
455393, 0.004078694342341834
728290, 0.02691963993612951
688357, 0.13270282129279354
1301747, 0.2784220260568102
105205, 0.791434612344698
865015, 0.8303556298535624
665348, 0.5481602518203106
820998, 0.035944882593302994
759559, 0.0007053425598759417
1301769, 0.00046335277028015264
609034, 0.01060854243604474
80649, 0.313524012190768
1641240, 0.38593115805997624
965916, 0.7041072321164769
34078, 0.03009008375807552
1470241, 0.10769109900500623
1348900, 0.11875000078551179
333106, 0.011194071085073028
1527607, 0.4041727670908782
954703, 0.8977018349921501
1641298, 0.45033510377050634
1641300, 0.08914970428841808
727385, 0.06405230663446282
304989, 0.6780825858589635
981861, 0.9406895869818891
212325, 0.2496903429732841
756584, 0.1974983183031328
331630, 0.09689576582022887
473976, 0.8024081425366569
63356, 0.5001929121771663
51590, 0.2018544681059857
1640328, 0.8875773594082559
954762, 0.8068505911649158
1642379, 0.8218559725728612
1527698, 0.14956310265157885
1527704, 0.32609232857804005
543133, 0.8360925002526012
954781, 0.7825034451847673
1301405, 0.0963156804602322
619939, 0.8150709783100476
605612, 0.10409692639028918
585134, 0.7755307336750773
1433006, 0.7137268451807803
934321, 0.7565036016535953
1642435, 0.13446739281031062
1637320, 0.2941279594942209
936907, 0.24131269745494466
54735, 0.3505572805038309
70610, 0.199958178341606
1508820, 0.6005663652005322
1292758, 0.7426905064803367
104407, 0.9950303581560512
992729, 0.13163834347390366
199642, 0.24995722788913058
160234, 0.5662124318213707
1528304, 0.06555403627335253
629753, 0.6325252510381465
931327, 0.07892117543317115
