Prediction:
688643, 0.11858930817650098
159749, 0.09322134424305874
688645, 0.20638695176381433
1527820, 0.0005362452284707217
539663, 0.9611404793668633
303638, 0.6238053577666545
330271, 0.004268422813700622
954399, 0.6771115503379626
70695, 0.9069940720043121
1295917, 0.6266676290835743
1642542, 0.9084392963442061
1527862, 0.9546275277369544
1528890, 0.5558526773050005
200254, 0.7667140262615247
540741, 0.6630927701139983
761928, 0.2439133950097851
688201, 0.4440133124281965
37966, 0.00053563294208754
1537108, 0.002771013451062124
336476, 0.42580024565292457
511069, 0.4130570515914824
1301599, 0.04805500592247577
1528416, 0.1089284908912613
206959, 0.00013655508978099274
478840, 0.25592726362366863
1503357, 0.8259529951257966
1642117, 0.0008084165160188735
1536654, 0.19259458251548586
688274, 0.5328189474146797
1527963, 0.16352524986878272
688288, 0.19964495610818536
688293, 0.010408296147296074
688816, 0.02063712751447054
745138, 0.14362593280434263
438974, 0.13365335311153143
88771, 0.5223244075520492
459971, 0.8067114862608238
714443, 0.26942599838555403
1289425, 0.0024176274342407704
1284820, 0.0029617033846120527
954602, 0.8772790215767129
954604, 0.9010520090996271
208118, 0.6431837043165637
198910, 0.12857149745526544
809216, 0.3549931125517131
610565, 0.09090647528953034
1528071, 0.13045626611252747
453897, 0.4426272845990652
770827, 0.26092322387226813
216843, 0.35511050317921417
828171, 0.2111270666299127
306447, 0.6859064918499929
562451, 0.21836092744159016
1642271, 0.540077812233167
1528097, 0.768149835793019
28965, 0.7861564539160719
367910, 0.7684563688389858
1642296, 0.6411202418632246
1528125, 0.43162884127938284
1528145, 0.13469556741504746
1555281, 0.1502328953032987
49489, 0.9470585675349814
493905, 0.21405497109496968
876885, 0.02950243539152949
1290079, 0.7537177542166815
468834, 0.6696443676005106
1528677, 0.08023624672946593
756582, 0.80675914282248
1338728, 0.7641966715909948
1528170, 0.5035186957498724
845165, 0.046488702591416235
1528696, 0.45775128484440536
617338, 0.5952009789019154
1301888, 0.06710714310809617
102785, 0.08096867103711256
1527682, 0.3952256517519575
940424, 0.52377646386339
1528724, 0.08033891108533105
809380, 0.060248121849648485
1446827, 0.0014001075252376663
864186, 0.8299384239304862
1291714, 0.5021279079679754
642499, 0.04311467340484171
688586, 0.8596969204868605
32721, 0.3926189929890053
954834, 0.6534468232496335
1536468, 0.486378752734319
688598, 0.4708659427776497
1556442, 0.016069976989910514
901084, 0.6174668575783988
954845, 0.9275103410870716
1527780, 0.21180020856005913
1640932, 0.009312135609288162
477677, 0.09118399582777192
829947, 0.39758237718677797
1528829, 0.3637842792220753
