Prediction:
420098, 0.14305329744838957
954630, 0.8700747467518187
1527815, 0.2659126826326999
823821, 0.9315971528536425
737293, 0.3468202948325731
954899, 0.6560082757190967
1622037, 0.5964925572086541
1536022, 0.7668052879293009
65814, 0.32964717183141634
35100, 0.7697478018887952
1639970, 0.980445841255331
1642021, 0.5395210724162387
1528101, 0.3279763352108482
1528359, 0.49534392026788626
1640747, 0.8998727030257552
54063, 0.11718173535403772
978480, 0.9659785360192409
1495345, 0.28738043419496073
728369, 0.032806093775456145
1301555, 0.48006905911659076
1641780, 0.5168037282575838
306229, 0.7332122201702622
1535033, 0.19920711724827178
158524, 0.2670482570416831
499518, 0.3239441787739979
475717, 0.17197753306528726
1445189, 0.79554293849866
1637967, 0.1968813970846602
1301583, 0.5982609300060412
687185, 0.22892600888702885
1528917, 0.37282564810136276
954969, 0.6962404388577433
305497, 0.10438481230880378
737121, 0.04024847001842721
583010, 0.2424841757067051
361059, 0.2908515981752796
1440356, 0.9756693358057072
1473382, 0.6675493494873497
954984, 0.7105844261992291
87656, 0.02940710338586708
1641067, 0.6279944258181543
124012, 0.00776900518831744
1536365, 0.6975576275545147
460654, 0.7057007770105002
1638514, 0.27502744238727195
302709, 0.8024064063987388
701308, 0.9920073783696097
1528447, 0.9601355644625684
688769, 0.7622946418505951
448646, 0.27857346199725486
688776, 0.45897948748357864
1527688, 0.28931013147801593
537481, 0.007044050752628388
1328268, 0.23223241372999442
559248, 0.9425915850135939
44689, 0.3284143434526423
1528720, 0.20703572033466083
158358, 0.8550597012279041
688792, 0.22042312416928034
1641112, 0.099295838600703
834201, 0.7945834156536349
954266, 0.5618025847258491
36763, 0.5233930042938811
106144, 0.9263978109285057
50337, 0.37309373786700617
1640352, 0.992852437146655
1642147, 0.4556110887215618
940451, 0.007601895401785778
1451942, 0.7101555547474429
860330, 0.6868064657066685
48815, 0.9243496965641336
327344, 0.9268626407867427
1642415, 0.3484930112261364
809138, 0.46361555916554614
1641907, 0.35832694049907315
1641399, 0.09215281305507642
954808, 0.6570169815220709
195514, 0.7673014754977441
688827, 0.6520656488611606
4285, 0.48986976372341845
305598, 0.023588873656132048
842698, 0.11695195373911497
809419, 0.15475666923805118
1640908, 0.31685986448544545
1451727, 0.40402828024784443
79581, 0.7198351674919102
954845, 0.9080937814081949
752352, 0.08373520505431944
1528801, 0.24445433288836735
1637091, 0.565112181433692
1495268, 0.5481016041004567
105962, 0.02303531571028634
1528557, 0.5251041436056852
477677, 0.2084792269061744
1641453, 0.7943495175222947
944116, 0.015003537309407577
688886, 0.14877845105511214
809207, 0.6352277436830144
1528310, 0.6432739917702388
727292, 0.5797947331655721
