Prediction:
752640, 0.1494507317443931
972801, 0.3670220449282403
737284, 0.48310803038140654
1528837, 0.39523157008887877
954885, 0.6840276321013663
1527823, 0.9279544067889642
1640977, 0.08902214540443355
157713, 0.7578448020976388
1285138, 0.051860667174991125
1437208, 0.2767518656335434
1349151, 0.3932000609798863
1592870, 0.5921866359613
93228, 0.030040361730800304
465460, 0.5071662560807572
954934, 0.8036009479746189
84556, 0.39924681441927967
1567308, 0.5651283321761339
1577550, 0.26252952197111573
1285709, 0.9393475501978376
654928, 0.5522842300503048
620647, 0.19055449944274236
864364, 0.330159463774136
575603, 0.1320816520634797
1280627, 0.1482683010291917
688257, 0.017924948932402953
1443970, 0.6405989252208729
1527947, 0.07517442642942909
737424, 0.1271650162398993
201877, 0.22061368703454926
1457820, 0.4237208894018255
603293, 0.18665021002234372
809120, 0.5778648962297109
883875, 0.13411201957985183
1641128, 0.09987674382678528
1534634, 0.9695374010107547
1641655, 0.7873756057284351
955073, 0.8114773461094207
954571, 0.9026987909052403
736971, 0.025001213611774147
577227, 0.4495013076466007
45264, 0.918432367352627
455393, 0.09086581138002355
728290, 0.02838812274000547
688357, 0.117093164327428
1301747, 0.37536839778136966
105205, 0.7685597773105034
865015, 0.7872547680769801
665348, 0.4712059323263524
820998, 0.08006681264357099
759559, 0.06793001159473105
1301769, 0.07990008981047587
609034, 0.22476217807703533
80649, 0.4636989942079153
1641240, 0.2528037332690178
965916, 0.6187299485760861
34078, 0.12656995390167022
1470241, 0.19166933963548793
1348900, 0.37708472605817267
333106, 0.12814107479874798
1527607, 0.6033117622103217
954703, 0.9030194660498317
1641298, 0.5499377393313817
1641300, 0.007782674106511657
727385, 0.32488075199155864
304989, 0.599672222893606
981861, 0.9558338951016755
212325, 0.07734460292604131
756584, 0.30242239177047847
331630, 0.21118901936698714
473976, 0.7257657346791134
63356, 0.4552612589331943
51590, 0.1722181487414264
1640328, 0.9699511661297601
954762, 0.7826297711571305
1642379, 0.9026422375775428
1527698, 0.1829575155415446
1527704, 0.5906768468503395
543133, 0.9740155142711868
954781, 0.758965506589243
1301405, 0.12330526398426704
619939, 0.7895833219670965
605612, 0.5405398998034213
585134, 0.7885061681664515
1433006, 0.5181736630479336
934321, 0.5820025108666395
1642435, 0.19472583703261898
1637320, 0.35058233072249423
936907, 0.564709195766118
54735, 0.10139136272447595
70610, 0.24991143214892622
1508820, 0.5668832368207262
1292758, 0.8168143288725348
104407, 0.9883744511089155
992729, 0.06400322635887443
199642, 0.32216407014462844
160234, 0.528388640405295
1528304, 0.11259382734653313
629753, 0.7209146262669253
931327, 0.14859286368138
