Prediction:
752640, 0.08873555506790877
972801, 0.21585755268011955
737284, 0.0454263907928584
1528837, 0.39635596971118475
954885, 0.6626049471137023
1527823, 0.9282178953002191
1640977, 0.4333263091124808
157713, 0.8711186603323887
1285138, 0.17562113073197222
1437208, 0.466363044542513
1349151, 0.4423819870460319
1592870, 0.6670856899679207
93228, 0.00023127356654588195
465460, 0.5551580200926443
954934, 0.8080984092811725
84556, 0.40471179246684696
1567308, 0.5705944396960884
1577550, 0.12887830108596343
1285709, 0.91299155873867
654928, 0.6227162403970325
620647, 0.24303990115162075
864364, 0.5112275673473287
575603, 0.15495655961769902
1280627, 0.21981717483238447
688257, 0.00975384679678119
1443970, 0.6057158717588338
1527947, 0.00012536082838146868
737424, 0.06703968139388851
201877, 0.33111876001255053
1457820, 0.27842239276628405
603293, 0.5763817045521205
809120, 0.7012728443952189
883875, 0.14354478659249875
1641128, 0.48322544199489476
1534634, 0.963975874143004
1641655, 0.8420873904098338
955073, 0.8121163894625784
954571, 0.9099156991235973
736971, 0.14656351091783487
577227, 0.38839658128765203
45264, 0.9629728068920413
455393, 0.031096672110885036
728290, 0.3959306308652044
688357, 0.1258896036016339
1301747, 0.37451498910411885
105205, 0.7978752090576352
865015, 0.7727717992153861
665348, 0.5347589733677269
820998, 0.21274569009336078
759559, 0.012711994478297198
1301769, 0.10257728869845184
609034, 0.04432505250320262
80649, 0.6293128623491906
1641240, 0.3573423213251524
965916, 0.6822493808718774
34078, 0.0975943395461104
1470241, 0.15109537140822293
1348900, 0.09157422172042931
333106, 0.014845885524074592
1527607, 0.3936549592885676
954703, 0.9144618742135481
1641298, 0.6465408811050387
1641300, 0.043746397302389
727385, 0.17377403558309676
304989, 0.47702536768623766
981861, 0.9816821422345041
212325, 0.4735374507327901
756584, 0.23438970969753462
331630, 0.14258602036077941
473976, 0.5608104485414108
63356, 0.36331964325175564
51590, 0.2762724135792718
1640328, 0.9715550810088806
954762, 0.7168096973247411
1642379, 0.9375657336078733
1527698, 0.2607097167181146
1527704, 0.480086902119045
543133, 0.9603575996306025
954781, 0.7396358626425148
1301405, 0.12984841565814498
619939, 0.8157292303324841
605612, 0.12523541973773644
585134, 0.6769845388539842
1433006, 0.5772429080130523
934321, 0.726327981200426
1642435, 0.4603763455197378
1637320, 0.3644676639390771
936907, 0.6422448145194055
54735, 0.23532865223961072
70610, 0.2709333712707061
1508820, 0.30817688830880197
1292758, 0.8339135649102896
104407, 0.9873975565884157
992729, 0.2647406552226055
199642, 0.5376427099370887
160234, 0.32290383580317095
1528304, 0.08512665263254253
629753, 0.6331154207068507
931327, 0.19335786183691198
