Prediction:
835072, 0.001002826432836013
539657, 0.16603725622331902
1641997, 0.05480585633658073
1639955, 0.36226686798385854
1639959, 0.1530990163527192
1622038, 0.43695846077938644
637980, 0.020927235835291824
28188, 0.6689021782275592
91168, 0.004730651160396795
954915, 0.9036147954350716
425511, 0.9956735400681009
688685, 0.028718609511038797
155185, 0.3578360958772838
39493, 0.5904569911473371
155208, 0.24920883878089511
1641035, 0.5939365736326971
1288277, 0.00017237453256654331
755797, 0.5058853357262638
954462, 0.848720459477284
812132, 0.308256016480175
87656, 0.0987209697069558
1536113, 0.9401028646220301
48248, 0.05157508906017899
744057, 0.2828352021872338
210045, 0.3750727462861665
1642144, 0.6015776272357711
50337, 0.20067338459402317
325795, 0.35762735786399374
1527974, 0.4066807293661594
1642150, 0.5085489478453903
814256, 0.45680162129164165
1641143, 0.8892971844531418
438974, 0.06415565528633267
217297, 0.3597305105991686
1641170, 0.0339966428003971
688340, 0.01637591532906562
1641688, 0.010124525976998046
688357, 0.1536099086338961
649964, 0.024962807976588043
930033, 0.955223321257277
447747, 0.4882300036853792
566532, 0.48209209449408463
1641737, 0.42297212582035704
49425, 0.6996462730137629
562451, 0.30674088791961146
817939, 0.032487402500463704
688403, 0.7280186538157593
817944, 0.3716212528122259
52506, 0.5384840025943909
452895, 0.4311706224298676
984872, 0.6859444398925267
311595, 0.6374898241634706
899888, 0.8827132532349359
646978, 0.7096378926647995
1642307, 0.08826936336119802
664904, 0.9527917217507782
1641802, 0.16706528706717563
1466703, 0.16359684991319012
1466704, 0.3212250871427892
809297, 0.37838151520298313
1640791, 0.0012075925734882675
305497, 0.2593442024338772
209245, 0.5320072550438115
603488, 0.32159495967892204
701282, 0.5075744675297661
752485, 0.7134208116430873
302952, 0.48265158745387243
122731, 0.4675864590420653
563052, 0.07236255795659674
1561972, 0.9240758171240948
1528692, 0.01220805325874723
1642361, 0.09068962850037005
1528698, 0.5143675874630126
1301374, 0.07866506351349946
737150, 0.5974875083462792
51590, 0.0049954421044667505
364426, 0.7826937364578608
1642378, 0.9399835374848188
899993, 0.8227637744712172
752538, 0.3255231064694427
1640355, 0.00817185482524871
1446827, 0.0026035098423317408
62394, 0.2756530649925716
842684, 0.0006469917967463194
1640893, 0.3918200958516476
688589, 0.09184062832434922
208335, 0
1642449, 0.8259876950821513
858065, 0.7113994719985509
1640919, 0.06263877015230529
1528791, 0.5541719796488181
1528294, 0.6825061869072037
1520, 0.24577598003695542
1640952, 0.7757016387526771
92156, 0.5899861009279418
63997, 0.08471655913774352
69119, 0.8498889040724111
