Prediction:
835072, 0.025671561635005273
539657, 0.14814853532616504
1641997, 0.2484149480755981
1639955, 0.30754709921004236
1639959, 0.10659647543613221
1622038, 0.4811964701265115
637980, 0.12490299933486508
28188, 0.49003971813192787
91168, 0.0026117170154595208
954915, 0.896384516218739
425511, 0.10539184571640783
688685, 0.008765850709346356
155185, 0.19468694806325096
39493, 0.26120398530067823
155208, 0.23252498195393095
1641035, 0.598698781156152
1288277, 0.03642224404800528
755797, 0.4941622554825025
954462, 0.8329191414937215
812132, 0.18546810531184338
87656, 0.18734239225695795
1536113, 0.9205742283681874
48248, 0.06782747300281461
744057, 0.2935275177238741
210045, 0.4660517061700688
1642144, 0.4061896423664316
50337, 0.26957567887510775
325795, 0.5214289126333138
1527974, 0.23644822366567586
1642150, 0.4496115074120915
814256, 0.5106738685963871
1641143, 0.8773823539295175
438974, 0.08711828516106611
217297, 0.2342736629746183
1641170, 0.07325539811717485
688340, 0.0054230243543932
1641688, 0.02615342522624695
688357, 0.13503145052373955
649964, 0.008133030979575413
930033, 0.9293114310058513
447747, 0.746939038062523
566532, 0.14924023440994505
1641737, 0.28702009023260056
49425, 0.7134109437386797
562451, 0.3859531692964231
817939, 0.0007379772224059536
688403, 0.6389317937953991
817944, 0.36674906208554336
52506, 0.08618055950217354
452895, 0.266476702110261
984872, 0.38895668989580345
311595, 0.6413775574510205
899888, 0.908217078334542
646978, 0.6095407725502121
1642307, 0.0031878987701639016
664904, 0.8755658433989529
1641802, 0.009182155208444086
1466703, 0.39305809535536285
1466704, 0.3018871486254591
809297, 0.32385547103703743
1640791, 0.11416273536658322
305497, 0.22914451563151722
209245, 0.3129083346903602
603488, 0.5526325982769903
701282, 0.4777073404568269
752485, 0.7404315504085353
302952, 0.4452077157125719
122731, 0.8300260905422081
563052, 0.004258336593975421
1561972, 0.8904418209765825
1528692, 0.02828817562189872
1642361, 0.04431160614993798
1528698, 0.4662321072690541
1301374, 0.16690377235856435
737150, 0.5217019513712613
51590, 0.001053314606687541
364426, 0.7693025248310544
1642378, 0.955697182116637
899993, 0.8548376098986039
752538, 0.36402256380834597
1640355, 0.008855531403321388
1446827, 0.02795168269528329
62394, 0.6667537675516764
842684, 0.05401552325580533
1640893, 0.1468561677249014
688589, 0.2327052043076487
208335, 0
1642449, 0.8946948345818757
858065, 0.6427662801277075
1640919, 0.011889286231466562
1528791, 0.60790322185589
1528294, 0.7171690118459983
1520, 0.16153336704152704
1640952, 0.7977361886088569
92156, 0.4832353865162311
63997, 0.05508393196388395
69119, 0.8810806502941835
