Prediction:
835072, 0.12205441605852099
539657, 0.08395429059849371
1641997, 0.002483607323226237
1639955, 0.3772077949129824
1639959, 0.05621570979152926
1622038, 0.5441019037246861
637980, 0.11014251643761176
28188, 0.29308094654093053
91168, 0.05533649036065093
954915, 0.8714309105734966
425511, 0.20035369344421183
688685, 0.0034269505659113657
155185, 0.4026551076584146
39493, 0.7066547631763765
155208, 0.25981627034575416
1641035, 0.5579170310139767
1288277, 0.0043251876410146505
755797, 0.7329447605742972
954462, 0.7922106631021776
812132, 0.5026735403211757
87656, 0.2649889683737694
1536113, 0.893698926953348
48248, 0.029736447498070778
744057, 0.38871238582346057
210045, 0.3174499473857706
1642144, 0.597440881071933
50337, 0.14015990963664993
325795, 0.5918754978923461
1527974, 0.41231203406364725
1642150, 0.3192425088473749
814256, 0.5732073065043567
1641143, 0.9108416927341287
438974, 0.5447619074211824
217297, 0.31597432382854107
1641170, 0.1602300642533666
688340, 0.0034992313696615724
1641688, 0.10694421295257908
688357, 0.094899936542909
649964, 0.07868499830865311
930033, 0.953804931834067
447747, 0.5660258233790998
566532, 0.20453160051901978
1641737, 0.33828755055453547
49425, 0.7565810058475846
562451, 0.5219471266672491
817939, 0.09722495081683553
688403, 0.7195142711537625
817944, 0.3308211502946077
52506, 0.3760415598987283
452895, 0.4890650688832579
984872, 0.6059015111941243
311595, 0.4723425122591457
899888, 0.9036045641821384
646978, 0.8227282969740992
1642307, 0.00825623425450813
664904, 0.963700700994654
1641802, 0.05075261438207923
1466703, 0.1778446880587721
1466704, 0.11294584374948911
809297, 0.2959281829501011
1640791, 0.025591300092206785
305497, 0.03170633658793587
209245, 0.7932263570954179
603488, 0.37008084171184724
701282, 0.5249160079589034
752485, 0.7160066807961087
302952, 0.133070478455409
122731, 0.729735457135791
563052, 0.024168004316469538
1561972, 0.7925139730932441
1528692, 0.013321271532476468
1642361, 0.003830343235532174
1528698, 0.5731333558396425
1301374, 0.0007289025994568231
737150, 0.572246947094066
51590, 0.0420096648430226
364426, 0.7758891041696735
1642378, 0.9414587940869067
899993, 0.8466593599918785
752538, 0.2698941647325289
1640355, 0.1006784529091734
1446827, 0.00927636174935979
62394, 0.33259354683244874
842684, 0.23317070406654358
1640893, 0.32264704642761205
688589, 0.2274893188804395
208335, 0
1642449, 0.8590814771931944
858065, 0.6613941156741145
1640919, 0.04249230488459807
1528791, 0.625965954500834
1528294, 0.7273162043362223
1520, 0.19928510852104714
1640952, 0.7159973776295988
92156, 0.33479546099052204
63997, 0.12700183823480432
69119, 0.8844849368499115
