Prediction:
752640, 0.5605697719639638
972801, 0.3879095637902135
737284, 0.17746009205964694
1528837, 0.37298731528029755
954885, 0.6908938958965826
1527823, 0.9089460550559272
1640977, 0.18032139824102988
157713, 0.7948924570831082
1285138, 0.21976389346154232
1437208, 0.4898770405104875
1349151, 0.3825289643725844
1592870, 0.5530275137787564
93228, 0.047325137371617365
465460, 0.5648906809603433
954934, 0.8095559724006179
84556, 0.4873131660780781
1567308, 0.4543320581359379
1577550, 0.21407690843758687
1285709, 0.953639654968349
654928, 0.6495353654128849
620647, 0.35861818200666984
864364, 0.2816328217059315
575603, 0.2955267366952603
1280627, 0.10165723493161251
688257, 0.10869659084407035
1443970, 0.5964111956780541
1527947, 0.028838384387071803
737424, 0.19787941519654248
201877, 0.28060466800394696
1457820, 0.4216936481249909
603293, 0.18131387638831056
809120, 0.600317354174063
883875, 0.2173245631562267
1641128, 0.2850953011823586
1534634, 0.9797157751834683
1641655, 0.7302299367334616
955073, 0.8174783564208328
954571, 0.8728372704753524
736971, 0.14041329492278556
577227, 0.28859086302478765
45264, 0.9728885299715055
455393, 0.1950203502622275
728290, 0.18829872677504492
688357, 0.08775352746136972
1301747, 0.5942451791149838
105205, 0.8852187672781662
865015, 0.7766592418066356
665348, 0.5608634388162329
820998, 0.35870530351577773
759559, 0.11445274136363862
1301769, 0.05376619413324585
609034, 0.2612027982827175
80649, 0.405229735646258
1641240, 0.4449838182205156
965916, 0.7796702688295971
34078, 0.1327981856497783
1470241, 0.15598572274963526
1348900, 0.3756841123208608
333106, 0.0022089283903504293
1527607, 0.4475648218571523
954703, 0.9078612225452337
1641298, 0.729926553714489
1641300, 0.04809149415094951
727385, 0.2991787025727621
304989, 0.45087614885227245
981861, 0.9828812981266709
212325, 0.5117131005248804
756584, 0.20986755065065332
331630, 0.053817154779524805
473976, 0.5671269747033241
63356, 0.6354760406428975
51590, 0.02613519512769712
1640328, 0.9758328127875685
954762, 0.7659760039111406
1642379, 0.9348744447442684
1527698, 0.3006678484849412
1527704, 0.21087473991463923
543133, 0.9879319983318322
954781, 0.7978253914140581
1301405, 0.25155286138363203
619939, 0.8218944799671221
605612, 0.30990481157009775
585134, 0.8868889891128897
1433006, 0.5584910536873477
934321, 0.6996072575586443
1642435, 0.32958286429785055
1637320, 0.3127651376107691
936907, 0.6505136612897968
54735, 0.28223863086572193
70610, 0.2337516212808328
1508820, 0.33837226690269967
1292758, 0.9361004282801375
104407, 0.9791951956329842
992729, 0.21503464337737532
199642, 0.20953659681838363
160234, 0.4169446623168422
1528304, 0.13201660936604695
629753, 0.6693049165958745
931327, 0.10222269483272767
