Prediction:
835072, 0.0878239116801608
539657, 0.09264187013032875
1641997, 0.10288334519417226
1639955, 0.34870888457347954
1639959, 0.024191320796744176
1622038, 0.637386595909504
637980, 0.05772315089137858
28188, 0.6219636481123998
91168, 0.0008774055701915185
954915, 0.8881804326007275
425511, 0.5606352667129434
688685, 0.009799674022454288
155185, 0.2472055433123974
39493, 0.4786259283867606
155208, 0.42478917703439556
1641035, 0.6399451206901887
1288277, 0.06091812649685589
755797, 0.42008316055636835
954462, 0.8395248553373812
812132, 0.07182926607814892
87656, 0.25049759974549546
1536113, 0.922223736306267
48248, 0.0006920934474920596
744057, 0.3795050197331814
210045, 0.16701157064355687
1642144, 0.5528982256016642
50337, 0.41936192924773635
325795, 0.31397327474653486
1527974, 0.2763173165941174
1642150, 0.5245650445098773
814256, 0.404345672987201
1641143, 0.8861400649588632
438974, 0.3792123218352627
217297, 0.46766534292183726
1641170, 0.13133983430695767
688340, 0.010000016523755902
1641688, 0.0017335512331976034
688357, 0.20346488136420873
649964, 0.5051577569970421
930033, 0.9667522719628069
447747, 0.7136664468916754
566532, 0.25060580790874615
1641737, 0.3273765846919632
49425, 0.5555298847424559
562451, 0.17749539161901184
817939, 0.05608538265220252
688403, 0.6575070208472396
817944, 0.42593288157571674
52506, 0.18347378168155398
452895, 0.5067436619040556
984872, 0.5221377266883707
311595, 0.35687859988240167
899888, 0.9584700072090689
646978, 0.7448290158453278
1642307, 0.0019088847836251212
664904, 0.9164667111203977
1641802, 0.004028201744979498
1466703, 0.16180983882679695
1466704, 0.242162050879714
809297, 0.4317972597350014
1640791, 0.3644139311362396
305497, 0.1755634397035308
209245, 0.736846378442147
603488, 0.45454835145010064
701282, 0.5472553132315786
752485, 0.7387432503986661
302952, 0.051090368639705654
122731, 0.43075439726450526
563052, 9.328382301187181e-05
1561972, 0.9632770467761496
1528692, 0.09015404590259268
1642361, 0.2708313566164474
1528698, 0.5875946732960149
1301374, 0.16787547883391044
737150, 0.4752428234729956
51590, 0.16042639718933574
364426, 0.7665083003557464
1642378, 0.9234115706301563
899993, 0.8706969278373722
752538, 0.37138025269523955
1640355, 0.2700014572004435
1446827, 0.09609003630878124
62394, 0.39739850833231843
842684, 0.46335253998844467
1640893, 8.13288012512071e-05
688589, 0.26931896565615154
208335, 0
1642449, 0.817451006314897
858065, 0.6849550418449502
1640919, 0.04531037972428279
1528791, 0.6829936296578769
1528294, 0.680452876648768
1520, 0.3814941477807032
1640952, 0.706533065315901
92156, 0.43578015059096176
63997, 0.1592025585892259
69119, 0.7936997059166159
