Prediction:
835072, 0.05165057799582732
539657, 0.2687683637038834
1641997, 0.015816165504546193
1639955, 0.3369724331423626
1639959, 0.074524519747385
1622038, 0.6539644971977774
637980, 0.004140204178804911
28188, 0.43382388742888955
91168, 0.012181363908269259
954915, 0.8878448292523218
425511, 0.5149568592718071
688685, 0.04576388523276858
155185, 0.3577368886043961
39493, 0.44590015152611384
155208, 0.4159205393799372
1641035, 0.6212509846393047
1288277, 0.002850819845055061
755797, 0.6420145120432819
954462, 0.8564322974279238
812132, 0.1925728091948578
87656, 0.25997310534763196
1536113, 0.923457362970409
48248, 0.033592530698897574
744057, 0.3814749335916906
210045, 0.4382264600571547
1642144, 0.49715739498793665
50337, 0.31390125188086615
325795, 0.3032569081386826
1527974, 0.3949616296137357
1642150, 0.38282751029237644
814256, 0.4781363648055279
1641143, 0.842874753629533
438974, 0.0020232571779128235
217297, 0.5709443408069719
1641170, 0.187343397105308
688340, 0.007355862785021881
1641688, 0.10415647246593923
688357, 0.17513259977421822
649964, 0.3446419101611066
930033, 0.9482357108532361
447747, 0.5993326850023841
566532, 0.29558161758444934
1641737, 0.32141515929611586
49425, 0.6666395965557785
562451, 0.1616095600160602
817939, 0.0050574552225110935
688403, 0.7473475787002044
817944, 0.30559476617421877
52506, 0.2629707492702771
452895, 0.3976505674463095
984872, 0.0807648243770364
311595, 0.676746624116288
899888, 0.9392462973670396
646978, 0.6798393868489243
1642307, 0.0961294930537934
664904, 0.9534305185731573
1641802, 0.011302037813087576
1466703, 0.35681080523348474
1466704, 0.3257025998940173
809297, 0.35973957448638444
1640791, 0.094222091251369
305497, 0.00040553574380220125
209245, 0.30646239611955167
603488, 0.5329251911258011
701282, 0.546391256547779
752485, 0.6910274989659603
302952, 0.17106611372252659
122731, 0.13911083215643108
563052, 0.0168668094071021
1561972, 0.8984887485627067
1528692, 0.007698587497852173
1642361, 0.2928630085609302
1528698, 0.33405452258380364
1301374, 0.13143090918425465
737150, 0.4325453663560298
51590, 0.00020378123434275434
364426, 0.8214015488871892
1642378, 0.922029379011244
899993, 0.861996777909744
752538, 0.3474375146390687
1640355, 0.013031550808680473
1446827, 0.0683656534658004
62394, 0.38697709525507507
842684, 0.023339370658288776
1640893, 0.033293819526034676
688589, 0.28975506002500967
208335, 0
1642449, 0.8373915639013408
858065, 0.6296128660016415
1640919, 0.02957588061226337
1528791, 0.7090431183718783
1528294, 0.7080733974707918
1520, 0.2946950290382066
1640952, 0.7059610109697907
92156, 0.6982047802296024
63997, 0.048242121891108505
69119, 0.8767453293646602
