Prediction:
752640, 0.09903838810611935
972801, 0.24284760341114076
737284, 0.37027898254858954
1528837, 0.35572663435686747
954885, 0.6980954454858016
1527823, 0.8091494618661813
1640977, 0.2262154332242369
157713, 0.8300684350034475
1285138, 0.4800766899514859
1437208, 0.23001852391905675
1349151, 0.15689249172741354
1592870, 0.5853072451531045
93228, 0.006176266389556775
465460, 0.544420408613443
954934, 0.8333800973232587
84556, 0.747935402498978
1567308, 0.792723809525057
1577550, 0.24404460201839012
1285709, 0.9828495422497477
654928, 0.5654280140824596
620647, 0.14469149631181474
864364, 0.41149821665285796
575603, 0.1520161931594811
1280627, 0.19948878278857812
688257, 0.018734860158912958
1443970, 0.610420421527514
1527947, 0.023429276646590808
737424, 0.13015051798026286
201877, 0.2495102661240058
1457820, 0.5448363202995583
603293, 0.3706903228029123
809120, 0.6327938342961013
883875, 0.19651689058967034
1641128, 0.27586390887978457
1534634, 0.9739679428086626
1641655, 0.7713880084246745
955073, 0.7705702701547412
954571, 0.894097524408476
736971, 0.06549343068673938
577227, 0.3110336915058097
45264, 0.9632552884450637
455393, 0.0036727696350931133
728290, 0.26963354059804717
688357, 0.10563067700941853
1301747, 0.4365058930327007
105205, 0.8215072398123816
865015, 0.8359514816628697
665348, 0.42007868781068186
820998, 0.3384216242234892
759559, 0.2032839715813548
1301769, 0.03478981593440373
609034, 0.1232503437229281
80649, 0.3413797427817565
1641240, 0.3508741798447285
965916, 0.6346254847126892
34078, 0.05450185647233194
1470241, 0.17725525108461077
1348900, 0.04678976099641309
333106, 0.049705687455241114
1527607, 0.38006026939772974
954703, 0.9175114462661216
1641298, 0.5161444090785651
1641300, 0.027482881661833155
727385, 0.1539731820816065
304989, 0.5463624810116686
981861, 0.9902917843808114
212325, 0.03373613714507633
756584, 0.254356745541672
331630, 0.25386905007310023
473976, 0.7424752549604781
63356, 0.6916402695372168
51590, 0.10869152688815704
1640328, 0.9020774171369409
954762, 0.8027745008507796
1642379, 0.9311219837025474
1527698, 0.3090089842295398
1527704, 0.1583104336459454
543133, 0.938395785780605
954781, 0.7998366673716178
1301405, 0.08494910712757013
619939, 0.8912794853182909
605612, 0.24782635648069307
585134, 0.7872691740988202
1433006, 0.5310088842982723
934321, 0.7041379461697949
1642435, 0.36735252860271506
1637320, 0.3117464912767147
936907, 0.251272824807768
54735, 0.00013473375111428028
70610, 0.08776297967649803
1508820, 0.42630131574042746
1292758, 0.8006806136021116
104407, 0.9883501599120671
992729, 0.05142436311633789
199642, 0.033851284457017516
160234, 0.5440236713327445
1528304, 0.009194655262421423
629753, 0.8105749255765129
931327, 0.10266251347958745
