Prediction:
752640, 0.5735152183668601
972801, 0.24049323163061614
737284, 0.0511745905306577
1528837, 0.3511465545398108
954885, 0.7055703119415079
1527823, 0.6462433020735774
1640977, 0.12375532503568738
157713, 0.7448852882820387
1285138, 0.201610928478911
1437208, 0.33035640511784553
1349151, 0.4135072052082271
1592870, 0.5079062495569401
93228, 0.0009461919624668783
465460, 0.5461988092299274
954934, 0.8465931170016465
84556, 0.3168153741734584
1567308, 0.8439960905066912
1577550, 0.030571616424800892
1285709, 0.943173256538237
654928, 0.5115057079717876
620647, 0.11759685969376858
864364, 0.3860429395390179
575603, 0.5285877401326887
1280627, 0.07696235653079372
688257, 0.05239649145207176
1443970, 0.6749850205617208
1527947, 0.13296812448745673
737424, 0.23762275334337435
201877, 0.14764480262650695
1457820, 0.19572307874730188
603293, 0.19568853295152278
809120, 0.5308712838422903
883875, 0.25528784451034736
1641128, 0.43380743778371733
1534634, 0.9682379724788934
1641655, 0.7256667073980163
955073, 0.8279151429061583
954571, 0.8896348046756598
736971, 0.08245680793774703
577227, 0.3061015092949881
45264, 0.9409279289845517
455393, 0.007155046297984113
728290, 0.12838645616695943
688357, 0.0977897195043991
1301747, 0.4060166903186838
105205, 0.852035997368459
865015, 0.8233143861441585
665348, 0.34396501574008936
820998, 0.43844882051091705
759559, 0.02010608323348377
1301769, 0.07063563166449302
609034, 0.06337312782141123
80649, 0.5568591999381365
1641240, 0.2597231183466174
965916, 0.5849641033596428
34078, 0.11869951497917695
1470241, 0.03301044897496645
1348900, 0.21707393765239463
333106, 0.12608949343434053
1527607, 0.3651197000028179
954703, 0.9100532018129991
1641298, 0.4058231282103105
1641300, 0.06475430973202086
727385, 0.04977187204313862
304989, 0.682652331507297
981861, 0.9212203286524456
212325, 0.05115246517751106
756584, 0.2817959019574256
331630, 0.40713653651669107
473976, 0.7895611058022548
63356, 0.4367026550009608
51590, 0.017056315101859735
1640328, 0.9260090548050887
954762, 0.7934393132443146
1642379, 0.9222838128769915
1527698, 0.23398825122548977
1527704, 0.5333889339723956
543133, 0.9015044367902773
954781, 0.8079733924781669
1301405, 0.00040234970219436714
619939, 0.8252696786724315
605612, 0.16542742959242676
585134, 0.6267049027733277
1433006, 0.6089081140685819
934321, 0.6118013234227477
1642435, 0.3538339985548237
1637320, 0.2569952743213823
936907, 0.2574823433565978
54735, 0.6791892160948431
70610, 0.21414887899343918
1508820, 0.6432150442876791
1292758, 0.6689428422271351
104407, 0.9884417867919253
992729, 0.03506003037525123
199642, 0.4785191490230793
160234, 0.4506050357263877
1528304, 0.08237426530865237
629753, 0.7336326446855238
931327, 0.06581354358599155
