Prediction:
688643, 0.11855278214198384
159749, 0.05704298682521312
688645, 0.05713477162671284
1527820, 0.009172384706508116
539663, 0.9357092041438981
303638, 0.6467763354134495
330271, 0.09254250178116007
954399, 0.7534548843537496
70695, 0.9180012730574184
1295917, 0.5643378342979471
1642542, 0.8900854419599843
1527862, 0.9837913073109945
1528890, 0.21744397585747002
200254, 0.7843966131694051
540741, 0.5863409466382123
761928, 0.2160290835092116
688201, 0.5483405324740143
37966, 0.08490881067864087
1537108, 0.010257494211115159
336476, 0.761977399147725
511069, 0.5444477298327138
1301599, 0.11929716599830971
1528416, 0.18620196739721687
206959, 0.19338273992775815
478840, 0.1990265583577732
1503357, 0.8928450009544172
1642117, 0.051618770993379394
1536654, 0.18790265527201397
688274, 0.4575253313296312
1527963, 0.1643574479478461
688288, 0.03424943816016368
688293, 0.012701639346928962
688816, 0.028377471733543273
745138, 0.013069750637874607
438974, 0.2462302078584102
88771, 0.4308946698067714
459971, 0.6962737367495606
714443, 0.445973523162182
1289425, 0.23201757301207035
1284820, 0.08476151605472523
954602, 0.8440769913159731
954604, 0.884691851624651
208118, 0.47324557594326183
198910, 8.205070917076985e-06
809216, 0.31453361553556064
610565, 0.15334524398496327
1528071, 0.05131488466411444
453897, 0.6765037349240344
770827, 0.2948887609449445
216843, 0.39477670533059545
828171, 0.12114381082005007
306447, 0.7227182686952633
562451, 0.04398195179554309
1642271, 0.44862820532026976
1528097, 0.7161333162404809
28965, 0.6992468350002605
367910, 0.7556840135074655
1642296, 0.6952658175508875
1528125, 0.39094793735333644
1528145, 0.15639671304268885
1555281, 0.24912015804950788
49489, 0.9134359612475127
493905, 0.3524455536601324
876885, 0.01026235799197189
1290079, 0.6717818868507237
468834, 0.26408956018826435
1528677, 0.30008285035686116
756582, 0.8142038672483317
1338728, 0.7304802747880966
1528170, 0.44524900249572513
845165, 2.123602562115321e-05
1528696, 0.26166830013815306
617338, 0.5708309615102056
1301888, 0.017654819381767706
102785, 0.06627462691038982
1527682, 0.3752644728666504
940424, 0.4506352569598767
1528724, 0.00018552572286372878
809380, 0.23647503695607455
1446827, 0.03619490988333504
864186, 0.8329650178525606
1291714, 0.666212192360779
642499, 0.008339087262698348
688586, 0.8291352991995158
32721, 0.5360573613988258
954834, 0.6788495856883342
1536468, 0.4447668630101808
688598, 0.39901586124143057
1556442, 0.0471197379326027
901084, 0.7448685912162136
954845, 0.9167784120639644
1527780, 0.013852324234369325
1640932, 0.08642958178603265
477677, 0.10970215710496022
829947, 0.11517203859983269
1528829, 0.46181001349262274
