Prediction:
835072, 0.05291307456091617
539657, 0.29704764155105573
1641997, 0.11396847321467082
1639955, 0.4752138488217841
1639959, 0.14112138960134973
1622038, 0.5962000311252935
637980, 0.10488051188985728
28188, 0.4352833944568944
91168, 0.1677499946620922
954915, 0.9011879584974772
425511, 0.13509997157339548
688685, 0.027200631898364518
155185, 0.34053459950214404
39493, 0.516114780913935
155208, 0.35222519780831013
1641035, 0.5809105576771945
1288277, 0.002267541834322657
755797, 0.4880593411257542
954462, 0.8328226084460844
812132, 0.44561044929341986
87656, 0.38009012145108656
1536113, 0.8688752276696531
48248, 0.04031971207858041
744057, 0.3548771182384259
210045, 0.4049871238272545
1642144, 0.35076582165062103
50337, 0.3033951720608444
325795, 0.3821080254435301
1527974, 0.3325347550297689
1642150, 0.12470593875116354
814256, 0.5613434418252732
1641143, 0.7730253165759808
438974, 0.4133598822820399
217297, 0.5256807492334088
1641170, 0.10259985839723572
688340, 0.014564092136849503
1641688, 0.0007003066958897472
688357, 0.17810125448420194
649964, 0.0020915322251235735
930033, 0.9343687755893052
447747, 0.679845857993624
566532, 0.2775129139812518
1641737, 0.09497606726540417
49425, 0.5156045870116254
562451, 0.34196594724629054
817939, 0.03262057452974139
688403, 0.6878658116175608
817944, 0.3924746430525669
52506, 0.1593483351325918
452895, 0.46643717730393147
984872, 0.20378302396420614
311595, 0.3891836968849368
899888, 0.9604891110463718
646978, 0.7403879964647565
1642307, 0.00808209185077821
664904, 0.9185272957319257
1641802, 0.02949526728357605
1466703, 0.19381629773046302
1466704, 0.22729299868572192
809297, 0.2313725552296707
1640791, 0.0457537230238707
305497, 0.03990622936591315
209245, 0.4581088603661794
603488, 0.46092536775797255
701282, 0.6376379872888531
752485, 0.7189639939365781
302952, 0.05294889375010251
122731, 0.5173561582814964
563052, 0.11898997469653158
1561972, 0.8757303972895
1528692, 0.03002373381759458
1642361, 0.12447285625884445
1528698, 0.7447203872933867
1301374, 0.04403474470126992
737150, 0.33419117828342865
51590, 0.1434283364543544
364426, 0.8338447929812811
1642378, 0.9485601076964295
899993, 0.795148999417991
752538, 0.36486504209252135
1640355, 0.011635231278281302
1446827, 0.018667096920910117
62394, 0.3763925453022956
842684, 0.20990080236033132
1640893, 0.44032018974192416
688589, 0.13587997774971144
208335, 0
1642449, 0.8218793560322526
858065, 0.7692990068913929
1640919, 0.19598605201890643
1528791, 0.6908267314346597
1528294, 0.6916083873162621
1520, 0.2967416865043103
1640952, 0.48259903887232697
92156, 0.7422494935881346
63997, 0.16786516675227975
69119, 0.6834141234680066
