Prediction:
1556484, 0.03434869575013833
688644, 0.3632914161780398
737290, 0.35829061404264867
1301520, 0.045914597236182325
1642001, 0.9415458352473347
1528850, 0.09218678729714763
688661, 0.521141157747411
971799, 0.40762218040107767
1642520, 0.05982647119133483
46624, 0.8639981427537398
1537067, 0.0044500849148708084
1641005, 0.08920330819954063
1641010, 0.7028854410599281
688185, 0.5117118802316566
954938, 0.7661248857321434
443966, 0.4155098202235656
599616, 4.252471828026237e-05
439367, 0.6204888618799376
1537607, 0.39824627372093224
954956, 0.6518667348159328
688719, 0.1384642138087554
615506, 0.39125741481525683
654934, 0.4330506893752952
1589851, 0.015487124557475142
104542, 0.8319427156790312
457824, 0.1992641914754761
1641573, 0.08450338804749362
1527916, 0.857909047716607
737391, 0.4548113547211913
1301619, 0.3236860888957047
211078, 0.1175101360373097
52874, 0.7403464255317628
955024, 0.7502425207940016
32404, 0.6137372191517296
158358, 0.6771061487394993
566940, 0.5557522840910119
50848, 0.4597365528999466
1349288, 0.8796874815935236
860330, 0.6130732697265642
688818, 0.11517837501670013
1536181, 0.9624756283560504
48316, 0.6762711631930018
491718, 0.6460785436582195
1296583, 0.18107336769263868
954567, 0.9324670209960597
1566412, 0.7193685645646687
66255, 0.4153642326632404
66267, 0.3214033712322301
809183, 0.19377722887845428
425699, 0.20183135279164213
467683, 0.005232183807773541
464617, 0.8347450971210645
752377, 0.4150737734103264
872708, 0.031599061096449416
1640197, 0.9721865377458002
1301765, 0.7485500780223034
809221, 0.40768156826998464
809239, 0.28964886165946585
1528102, 0.032783775809413954
809255, 0.43547731128551853
1536298, 0.5528420438456612
1640747, 0.8917175881022585
688431, 0.7726658449115092
1636657, 0.10505271797003796
213817, 0.3293626750238293
1466703, 0.37663541457074673
1301330, 0.05268583146798094
1545042, 0.6215249961222142
737622, 0.5748280927015993
1452895, 0.5962615595463778
950625, 0.18175850905308752
856937, 0.5543242237026926
493931, 0.6776698737348682
954743, 0.749512746119083
809346, 0.0512345436942962
558984, 0.6150683116691501
1642378, 0.9436991990524786
591251, 0.5872518806555186
1640852, 0.3302374225635155
305050, 0.38859801794058363
934299, 0.8660360177517653
1640862, 0.3719911133353712
1640351, 0.48634115982034926
1642418, 0.03167239583768852
558515, 0.0715105898919181
1511354, 0.8514464985199353
1330619, 0.06924736515500268
1528770, 0.013964980804652829
1291715, 0.003994588144481198
901575, 0.9340887820317904
1640904, 0.0008571987042625315
1537998, 0.07612108585073438
737235, 0.0014626994733415006
1301469, 0.1599021669464807
37371, 0.20323274344783057
797692, 0.6486006960723693
