Prediction:
688643, 0.1168218566995681
159749, 0.24828005730933472
688645, 0.19484733978363117
1527820, 0.001114280359025963
539663, 0.9494627377387936
303638, 0.2805738736304717
330271, 0.034095924915177794
954399, 0.7508197917876347
70695, 0.908962024559955
1295917, 0.7330597271788656
1642542, 0.9027272578825508
1527862, 0.9443395668544232
1528890, 0.5192737266776205
200254, 0.8117041015641443
540741, 0.2756247900973726
761928, 0.30572408444371635
688201, 0.5514910503349917
37966, 1.0325431042010484e-05
1537108, 0.0238659375567474
336476, 0.703017144585431
511069, 0.36194038573775666
1301599, 0.06282884179950397
1528416, 0.06850799501050424
206959, 0.05882698198592812
478840, 0.25768655710896426
1503357, 0.6745737961113389
1642117, 0.0007311751789299214
1536654, 0.046418080777656405
688274, 0.39966079589965964
1527963, 0.15407452016817372
688288, 0.11793293042973449
688293, 0.004197464923683815
688816, 0.011716201574257486
745138, 0.10218339600363778
438974, 0.39788999394525687
88771, 0.5150779953944227
459971, 0.7702999411876181
714443, 0.42226972263588114
1289425, 0.45775267441137235
1284820, 0.14350937804201616
954602, 0.8120171718756488
954604, 0.8692324638751571
208118, 0.648859856351456
198910, 0.07116226982247624
809216, 0.32467120593730303
610565, 0.09751517090985808
1528071, 0.135455403451717
453897, 0.6120877513140213
770827, 0.21868442272534117
216843, 0.30360813037875445
828171, 0.08860754177134936
306447, 0.6758796250813414
562451, 0.22950403351587986
1642271, 0.5314471108167421
1528097, 0.6252903166990579
28965, 0.8473998395999642
367910, 0.7690366245076643
1642296, 0.7416701254149447
1528125, 0.4220880189139363
1528145, 0.30968481121164443
1555281, 0.21379844919982027
49489, 0.9230820049439492
493905, 0.5080782751545289
876885, 0.20951387986554604
1290079, 0.9190285133816904
468834, 0.38107172958818913
1528677, 0.025053466893508593
756582, 0.8481066488375997
1338728, 0.7309546991687306
1528170, 0.5334049472706779
845165, 0.002699012573343379
1528696, 0.3068736792752199
617338, 0.4924433600416112
1301888, 0.04537922543686809
102785, 0.041244691916435
1527682, 0.5881593706694509
940424, 0.7232601377617248
1528724, 0.0348628317222841
809380, 0.13832597432628407
1446827, 0.008022522225161657
864186, 0.8413246937353431
1291714, 0.7740563875677067
642499, 0.03473659662870224
688586, 0.8836551854838012
32721, 0.46897667586425495
954834, 0.6507773574327821
1536468, 0.6339521413582643
688598, 0.4370572502589534
1556442, 0.07900252117517284
901084, 0.6604263565128562
954845, 0.9169300216920725
1527780, 0.005848073944039484
1640932, 0.13582078302208714
477677, 0.0014585139071133307
829947, 0.30643560556228544
1528829, 0.1421399568049482
